434 0
447 0
460 0
473 0
477 0
474 0
470 0
469 0
471 0
474 0
482 0
488 0
488 0
482 0
479 0
476 0
472 0
470 0
463 0
451 0
441 0
437 0
431 0
426 0
434 0
447 0
460 0
473 0
477 0
474 0
470 0
469 0
471 0
474 0
441 0
442 0
442 0
442 0
443 0
444 0
444 0
444 0
444 0
445 0
445 0
444 0
444 0
448 0
457 0
461 0
461 0
463 0
461 0
455 0
456 0
457 0
454 0
455 0
454 0
454 0
456 0
458 0
454 0
453 0
456 0
461 0
467 0
477 0
480 0
478 0
480 0
480 0
478 0
480 0
480 0
473 0
467 0
466 0
460 0
453 0
451 0
450 0
442 0
445 0
445 0
444 0
446 0
450 0
455 0
462 0
471 0
479 0
487 0
495 0
493 0
486 0
485 0
474 0
467 0
466 0
458 0
450 0
449 0
451 0
449 0
450 0
451 0
454 0
454 0
461 0
466 0
462 0
459 0
448 0
447 0
444 0
444 0
444 0
450 0
449 0
445 0
440 0
432 0
429 0
431 0
442 0
447 0
453 0
460 0
465 0
461 0
462 0
460 0
461 0
468 0
472 0
474 0
472 0
470 0
461 0
457 0
452 0
453 0
457 0
466 0
468 0
467 0
466 0
457 0
450 0
449 0
450 0
447 0
449 0
452 0
453 0
451 0
449 0
447 0
443 0
446 0
450 0
457 0
460 0
466 0
470 0
478 0
482 0
477 0
478 0
471 0
457 0
447 0
449 0
447 0
451 0
459 0
465 0
462 0
466 0
469 0
476 0
480 0
482 0
484 0
481 0
480 0
476 0
477 0
469 0
463 0
459 0
462 0
461 0
460 0
469 0
473 0
476 0
487 0
495 0
495 0
493 0
486 0
478 0
470 0
464 0
452 0
439 0
430 0
425 0
428 0
416 0
409 0
405 0
405 0
415 0
424 0
438 0
454 0
467 0
487 0
505 0
510 0
506 0
504 0
499 0
491 0
485 0
475 0
468 0
461 0
462 0
465 0
464 0
461 0
453 0
447 0
443 0
436 0
436 0
439 0
439 0
439 0
443 0
441 0
434 0
432 0
431 0
427 0
433 0
443 0
453 0
457 0
464 0
464 0
457 0
457 0
456 0
458 0
460 0
458 0
455 0
453 0
449 0
446 0
444 0
448 0
447 0
453 0
462 0
464 0
458 0
455 0
454 0
449 0
451 0
452 0
452 0
451 0
446 0
443 0
442 0
445 0
446 0
446 0
447 0
445 0
443 0
447 0
447 0
449 0
456 0
463 0
471 0
482 0
485 0
478 0
477 0
480 0
483 0
487 0
489 0
487 0
477 0
470 0
462 0
455 0
447 0
440 0
429 0
418 0
398 0
374 0
354 0
347 0
344 0
360 0
391 0
420 0
449 0
474 0
493 0
505 0
518 0
527 0
531 0
534 0
532 0
524 0
508 0
492 0
477 0
463 0
455 0
448 0
446 0
450 0
449 0
448 0
448 0
441 0
432 0
425 0
429 0
434 0
445 0
459 0
461 0
456 0
448 0
441 0
431 0
430 0
437 0
446 0
459 0
467 0
471 0
473 0
464 0
455 0
443 0
438 0
428 0
426 0
432 0
436 0
442 0
450 0
454 0
452 0
450 0
444 0
440 0
442 0
452 0
459 0
464 0
465 0
463 0
460 0
462 0
459 0
454 0
456 0
450 0
447 0
451 0
449 0
441 0
435 0
432 0
427 0
425 0
431 0
440 0
446 0
454 0
452 0
443 0
433 0
432 0
441 0
456 0
471 0
482 0
498 0
506 0
505 0
501 0
494 0
479 0
466 0
460 0
451 0
439 0
434 0
428 0
419 0
418 0
420 0
423 0
428 0
434 0
443 0
451 0
457 0
457 0
457 0
454 0
451 0
446 0
446 0
444 0
442 0
449 0
460 0
475 0
494 0
513 0
520 0
521 0
520 0
512 0
499 0
489 0
477 0
465 0
456 0
448 0
440 0
434 0
430 0
427 0
425 0
424 0
424 0
427 0
435 0
441 0
447 0
454 0
454 0
451 0
451 0
452 0
449 0
452 0
458 0
460 0
461 0
462 0
458 0
453 0
451 0
448 0
445 0
444 0
443 0
443 0
449 0
452 0
454 0
460 0
462 0
460 0
460 0
461 0
458 0
460 0
468 0
475 0
477 0
480 0
481 0
479 0
479 0
478 0
474 0
471 0
465 0
460 0
460 0
461 0
459 0
462 0
469 0
471 0
473 0
477 0
476 0
469 0
464 0
462 0
456 0
455 0
453 0
448 0
443 0
441 0
440 0
443 0
454 0
467 0
483 0
494 0
499 0
499 0
495 0
482 0
467 0
458 0
455 0
449 0
445 0
440 0
430 0
422 0
420 0
422 0
424 0
432 0
437 0
437 0
439 0
442 0
442 0
441 0
438 0
432 0
431 0
433 0
436 0
443 0
453 0
461 0
466 0
473 0
476 0
479 0
485 0
489 0
491 0
497 0
503 0
505 0
499 0
495 0
489 0
479 0
470 0
457 0
446 0
443 0
445 0
446 0
449 0
449 0
446 0
445 0
447 0
443 0
442 0
443 0
436 0
428 0
422 0
417 0
413 0
420 0
433 0
452 0
469 0
482 0
488 0
488 0
491 0
491 0
495 0
498 0
497 0
487 0
476 0
457 0
443 0
436 0
429 0
424 0
426 0
436 0
443 0
450 0
454 0
451 0
455 0
467 0
473 0
476 0
481 0
478 0
472 0
468 0
462 0
458 0
458 0
454 0
448 0
443 0
441 0
439 0
439 0
445 0
446 0
449 0
454 0
460 0
463 0
469 0
471 0
472 0
472 0
467 0
458 0
448 0
440 0
437 0
441 0
451 0
459 0
466 0
479 0
484 0
485 0
490 0
489 0
485 0
484 0
483 0
481 0
478 0
474 0
469 0
464 0
463 0
462 0
466 0
468 0
465 0
462 0
460 0
453 0
438 0
426 0
414 0
404 0
401 0
400 0
398 0
394 0
394 0
391 0
390 0
400 0
416 0
437 0
469 0
500 0
525 0
550 0
568 0
583 0
591 0
590 0
582 0
570 0
551 0
522 0
488 0
455 0
423 0
396 0
380 0
367 0
352 0
347 0
347 0
349 0
360 0
375 0
389 0
398 0
409 0
418 0
429 0
442 0
451 0
453 0
452 0
448 0
447 0
455 0
468 0
476 0
481 0
487 0
491 0
500 0
513 0
518 0
518 0
509 0
486 0
453 0
430 0
424 0
434 0
455 0
480 0
497 0
504 0
502 0
492 0
480 0
466 0
451 0
432 0
417 0
402 0
394 0
396 0
400 0
405 0
415 0
428 0
436 0
444 0
446 0
443 0
432 0
432 0
437 0
447 0
465 0
483 0
501 0
518 0
526 0
526 0
526 0
520 0
507 0
492 0
482 0
473 0
466 0
460 0
448 0
436 0
427 0
413 0
391 0
375 0
365 0
359 0
359 0
367 0
378 0
391 0
414 0
443 0
475 0
505 0
526 0
541 0
553 0
553 0
547 0
540 0
528 0
505 0
480 0
456 0
434 0
420 0
413 0
409 0
410 0
421 0
435 0
447 0
455 0
460 0
465 0
472 0
481 0
491 0
499 0
501 0
494 0
481 0
471 0
453 0
434 0
419 0
402 0
395 0
402 0
415 0
429 0
445 0
459 0
469 0
480 0
487 0
484 0
466 0
444 0
420 0
404 0
402 0
407 0
417 0
432 0
445 0
455 0
471 0
489 0
498 0
502 0
499 0
491 0
484 0
480 0
471 0
458 0
450 0
439 0
431 0
430 0
437 0
448 0
465 0
482 0
494 0
508 0
522 0
527 0
526 0
521 0
506 0
489 0
468 0
441 0
409 0
384 0
364 0
350 0
348 0
356 0
365 0
376 0
392 0
410 0
436 0
463 0
482 0
491 0
496 0
497 0
497 0
499 0
498 0
497 0
493 0
489 0
469 0
453 0
441 0
431 0
425 0
424 0
424 0
423 0
429 0
432 0
438 0
445 0
448 0
450 0
453 0
456 0
462 0
477 0
491 0
504 0
510 0
515 0
512 0
502 0
497 0
485 0
473 0
464 0
452 0
435 0
424 0
417 0
413 0
412 0
418 0
427 0
441 0
455 0
459 0
459 0
458 0
458 0
460 0
468 0
473 0
479 0
488 0
495 0
494 0
493 0
492 0
489 0
488 0
490 0
487 0
479 0
469 0
457 0
446 0
437 0
432 0
431 0
431 0
436 0
443 0
455 0
467 0
473 0
476 0
476 0
474 0
473 0
475 0
473 0
466 0
462 0
463 0
460 0
457 0
456 0
450 0
446 0
442 0
438 0
437 0
435 0
438 0
447 0
452 0
453 0
449 0
451 0
453 0
453 0
454 0
458 0
459 0
464 0
474 0
480 0
484 0
487 0
486 0
476 0
467 0
457 0
448 0
444 0
444 0
442 0
437 0
430 0
420 0
411 0
406 0
403 0
406 0
417 0
425 0
432 0
444 0
452 0
456 0
460 0
462 0
459 0
458 0
459 0
458 0
455 0
454 0
448 0
439 0
434 0
426 0
422 0
421 0
420 0
423 0
434 0
449 0
466 0
484 0
502 0
506 0
504 0
497 0
484 0
472 0
466 0
459 0
448 0
442 0
437 0
431 0
432 0
433 0
431 0
429 0
422 0
413 0
410 0
412 0
412 0
412 0
415 0
416 0
415 0
420 0
428 0
434 0
444 0
457 0
465 0
471 0
476 0
477 0
477 0
486 0
494 0
501 0
508 0
509 0
509 0
504 0
493 0
476 0
461 0
450 0
444 0
444 0
447 0
443 0
445 0
451 0
456 0
462 0
473 0
481 0
479 0
473 0
461 0
443 0
408 0
353 0
279 0
204 0
157 0
159 0
215 0
308 0
411 0
511 0
605 0
687 0
748 0
783 0
782 0
744 0
694 0
641 0
582 0
529 0
490 0
465 0
453 0
454 0
452 0
449 0
441 0
431 0
420 0
413 0
408 0
405 0
410 0
418 0
421 0
423 0
423 0
418 0
419 0
429 0
437 0
442 0
445 0
444 0
439 0
438 0
437 0
436 0
433 0
435 0
436 0
443 0
454 0
463 0
473 0
478 0
476 0
471 0
467 0
461 0
457 0
457 0
459 0
461 0
462 0
464 0
465 0
471 0
477 0
474 0
464 0
455 0
445 0
437 0
432 0
428 0
429 0
436 0
445 0
453 0
460 0
463 0
462 0
463 0
468 0
470 0
472 0
474 0
469 0
456 0
445 0
435 0
428 0
434 0
444 0
457 0
472 0
484 0
487 0
489 0
488 0
485 0
482 0
479 0
474 0
464 0
458 0
449 0
439 0
429 0
422 0
415 0
421 0
432 0
440 0
447 0
445 0
445 0
444 0
447 0
447 0
442 0
437 0
435 0
437 0
448 0
459 0
466 0
472 0
474 0
475 0
475 0
477 0
474 0
472 0
473 0
467 0
461 0
458 0
458 0
453 0
453 0
453 0
453 0
452 0
456 0
457 0
456 0
458 0
460 0
459 0
462 0
465 0
463 0
470 0
475 0
473 0
474 0
475 0
464 0
455 0
450 0
439 0
433 0
431 0
429 0
426 0
432 0
439 0
451 0
460 0
466 0
465 0
467 0
469 0
467 0
467 0
468 0
465 0
465 0
471 0
469 0
466 0
466 0
464 0
459 0
457 0
453 0
445 0
442 0
440 0
431 0
421 0
416 0
411 0
412 0
418 0
426 0
436 0
448 0
456 0
465 0
476 0
485 0
495 0
505 0
512 0
507 0
497 0
491 0
478 0
467 0
459 0
455 0
447 0
444 0
443 0
441 0
438 0
437 0
436 0
442 0
445 0
451 0
455 0
455 0
450 0
450 0
456 0
460 0
463 0
472 0
480 0
482 0
480 0
476 0
467 0
461 0
456 0
447 0
438 0
430 0
415 0
401 0
390 0
388 0
398 0
416 0
440 0
459 0
478 0
491 0
503 0
516 0
525 0
523 0
516 0
509 0
490 0
470 0
453 0
437 0
422 0
416 0
416 0
422 0
432 0
446 0
456 0
460 0
461 0
460 0
465 0
468 0
466 0
458 0
449 0
438 0
430 0
429 0
433 0
437 0
450 0
466 0
480 0
491 0
499 0
503 0
502 0
502 0
502 0
494 0
487 0
478 0
469 0
462 0
454 0
443 0
437 0
434 0
428 0
428 0
428 0
427 0
432 0
445 0
451 0
456 0
462 0
469 0
474 0
482 0
487 0
484 0
475 0
465 0
450 0
439 0
436 0
433 0
435 0
437 0
437 0
440 0
448 0
451 0
453 0
457 0
459 0
458 0
457 0
455 0
450 0
445 0
447 0
451 0
454 0
459 0
461 0
460 0
462 0
455 0
450 0
448 0
444 0
438 0
436 0
432 0
426 0
424 0
429 0
433 0
438 0
446 0
451 0
451 0
456 0
461 0
462 0
462 0
462 0
464 0
471 0
480 0
486 0
486 0
480 0
472 0
465 0
460 0
458 0
458 0
458 0
454 0
448 0
446 0
444 0
439 0
440 0
443 0
445 0
450 0
453 0
455 0
457 0
462 0
465 0
468 0
470 0
468 0
466 0
462 0
456 0
446 0
435 0
422 0
411 0
407 0
409 0
408 0
412 0
419 0
427 0
437 0
449 0
463 0
472 0
482 0
494 0
508 0
523 0
539 0
549 0
556 0
557 0
549 0
536 0
520 0
500 0
476 0
454 0
429 0
409 0
397 0
391 0
384 0
378 0
377 0
378 0
386 0
397 0
409 0
417 0
428 0
435 0
439 0
448 0
460 0
469 0
479 0
493 0
502 0
516 0
521 0
512 0
504 0
497 0
490 0
484 0
482 0
471 0
456 0
446 0
440 0
431 0
426 0
421 0
422 0
425 0
432 0
437 0
440 0
443 0
441 0
443 0
446 0
448 0
447 0
452 0
452 0
450 0
449 0
448 0
443 0
442 0
443 0
438 0
435 0
437 0
439 0
442 0
452 0
461 0
472 0
483 0
494 0
500 0
507 0
505 0
493 0
482 0
472 0
465 0
459 0
451 0
441 0
431 0
434 0
438 0
438 0
441 0
441 0
443 0
448 0
453 0
453 0
448 0
446 0
444 0
448 0
450 0
452 0
456 0
459 0
461 0
458 0
456 0
459 0
454 0
454 0
452 0
445 0
443 0
444 0
444 0
448 0
456 0
461 0
467 0
479 0
483 0
484 0
481 0
478 0
474 0
469 0
464 0
460 0
463 0
468 0
472 0
478 0
480 0
475 0
469 0
464 0
461 0
456 0
456 0
452 0
442 0
434 0
425 0
416 0
411 0
415 0
421 0
430 0
433 0
439 0
450 0
461 0
471 0
480 0
490 0
496 0
500 0
506 0
510 0
504 0
494 0
489 0
480 0
473 0
465 0
455 0
438 0
429 0
426 0
425 0
425 0
428 0
432 0
440 0
450 0
457 0
466 0
477 0
481 0
483 0
486 0
481 0
476 0
472 0
465 0
454 0
449 0
449 0
449 0
451 0
448 0
446 0
442 0
444 0
452 0
458 0
467 0
470 0
467 0
468 0
464 0
464 0
465 0
460 0
456 0
454 0
457 0
459 0
460 0
461 0
462 0
464 0
469 0
476 0
472 0
468 0
456 0
438 0
428 0
419 0
414 0
418 0
423 0
431 0
446 0
460 0
476 0
493 0
513 0
524 0
526 0
519 0
506 0
483 0
465 0
450 0
428 0
411 0
400 0
393 0
394 0
399 0
405 0
416 0
428 0
440 0
443 0
444 0
442 0
438 0
436 0
430 0
424 0
421 0
422 0
426 0
439 0
465 0
484 0
503 0
517 0
526 0
528 0
520 0
503 0
481 0
461 0
446 0
434 0
422 0
411 0
403 0
395 0
390 0
388 0
393 0
408 0
423 0
436 0
448 0
456 0
458 0
461 0
465 0
464 0
466 0
471 0
476 0
477 0
484 0
492 0
502 0
511 0
512 0
508 0
502 0
495 0
484 0
475 0
461 0
444 0
432 0
427 0
425 0
429 0
436 0
443 0
448 0
460 0
478 0
495 0
510 0
524 0
531 0
532 0
529 0
519 0
511 0
502 0
484 0
461 0
439 0
417 0
398 0
388 0
382 0
378 0
378 0
377 0
376 0
383 0
397 0
412 0
434 0
462 0
487 0
509 0
530 0
546 0
556 0
562 0
566 0
564 0
559 0
540 0
516 0
492 0
463 0
431 0
403 0
384 0
374 0
375 0
390 0
410 0
432 0
457 0
475 0
485 0
497 0
506 0
511 0
520 0
523 0
522 0
517 0
505 0
490 0
475 0
455 0
431 0
408 0
394 0
384 0
376 0
378 0
384 0
379 0
377 0
382 0
382 0
389 0
403 0
423 0
448 0
474 0
497 0
519 0
539 0
554 0
558 0
555 0
543 0
526 0
510 0
492 0
474 0
460 0
448 0
433 0
423 0
418 0
411 0
401 0
395 0
391 0
390 0
393 0
397 0
401 0
408 0
419 0
428 0
437 0
446 0
454 0
462 0
470 0
477 0
481 0
486 0
485 0
480 0
480 0
478 0
471 0
466 0
462 0
454 0
445 0
442 0
442 0
448 0
457 0
465 0
470 0
474 0
478 0
479 0
490 0
498 0
506 0
514 0
521 0
520 0
514 0
504 0
488 0
474 0
464 0
451 0
437 0
426 0
418 0
411 0
409 0
411 0
410 0
409 0
410 0
412 0
416 0
421 0
422 0
425 0
433 0
446 0
459 0
473 0
477 0
475 0
477 0
482 0
486 0
493 0
507 0
517 0
521 0
522 0
513 0
496 0
483 0
464 0
446 0
432 0
423 0
413 0
408 0
403 0
401 0
401 0
404 0
408 0
413 0
417 0
419 0
418 0
420 0
424 0
429 0
444 0
463 0
479 0
494 0
501 0
497 0
493 0
486 0
477 0
470 0
460 0
453 0
445 0
440 0
437 0
433 0
440 0
448 0
458 0
471 0
486 0
493 0
501 0
503 0
500 0
495 0
490 0
479 0
467 0
455 0
444 0
434 0
426 0
423 0
414 0
409 0
406 0
402 0
408 0
420 0
430 0
440 0
455 0
461 0
468 0
482 0
499 0
513 0
528 0
539 0
541 0
540 0
540 0
533 0
523 0
515 0
501 0
488 0
473 0
455 0
436 0
419 0
405 0
397 0
400 0
405 0
412 0
419 0
425 0
430 0
437 0
448 0
459 0
465 0
473 0
481 0
480 0
481 0
478 0
472 0
466 0
461 0
450 0
439 0
425 0
407 0
395 0
390 0
386 0
390 0
404 0
420 0
434 0
452 0
469 0
479 0
490 0
497 0
494 0
492 0
491 0
488 0
486 0
489 0
491 0
493 0
495 0
493 0
486 0
476 0
462 0
448 0
439 0
431 0
424 0
417 0
417 0
412 0
410 0
413 0
417 0
426 0
442 0
456 0
461 0
467 0
468 0
468 0
468 0
466 0
460 0
459 0
458 0
455 0
456 0
457 0
458 0
461 0
474 0
485 0
487 0
489 0
483 0
470 0
462 0
450 0
436 0
426 0
415 0
404 0
396 0
391 0
387 0
389 0
396 0
406 0
420 0
438 0
457 0
476 0
496 0
517 0
527 0
536 0
543 0
538 0
530 0
518 0
