430 0
428 0
434 0
422 0
400 0
396 0
386 0
371 0
385 0
396 0
389 0
395 0
403 0
400 0
407 0
382 0
381 0
380 0
379 0
377 0
376 0
375 0
374 0
374 0
372 0
371 0
370 0
370 0
367 0
370 0
367 0
364 0
378 0
392 0
395 0
408 0
419 0
411 0
416 0
425 0
419 0
418 0
423 0
416 0
405 0
413 0
415 0
403 0
418 0
417 0
402 0
405 0
411 0
409 0
421 0
435 0
426 0
408 0
403 0
386 0
372 0
380 0
377 0
361 0
370 0
375 0
367 0
373 0
386 0
388 0
404 0
416 0
411 0
406 0
413 0
410 0
400 0
415 0
414 0
400 0
410 0
418 0
407 0
414 0
417 0
404 0
401 0
407 0
394 0
386 0
390 0
389 0
387 0
399 0
399 0
378 0
388 0
391 0
381 0
392 0
397 0
387 0
389 0
403 0
398 0
392 0
398 0
388 0
373 0
385 0
389 0
383 0
391 0
394 0
386 0
390 0
397 0
390 0
393 0
407 0
409 0
412 0
428 0
422 0
405 0
416 0
405 0
382 0
380 0
379 0
371 0
389 0
405 0
405 0
393 0
390 0
383 0
383 0
405 0
415 0
417 0
432 0
437 0
423 0
434 0
429 0
409 0
407 0
399 0
383 0
378 0
385 0
380 0
374 0
386 0
388 0
373 0
385 0
394 0
395 0
421 0
432 0
418 0
407 0
399 0
378 0
371 0
370 0
362 0
357 0
366 0
373 0
368 0
388 0
388 0
368 0
376 0
388 0
386 0
401 0
416 0
424 0
430 0
446 0
448 0
440 0
452 0
452 0
444 0
448 0
438 0
409 0
402 0
389 0
370 0
370 0
374 0
370 0
373 0
386 0
383 0
371 0
380 0
386 0
382 0
407 0
417 0
407 0
408 0
404 0
390 0
385 0
390 0
384 0
386 0
396 0
396 0
387 0
390 0
384 0
370 0
385 0
391 0
379 0
385 0
390 0
380 0
395 0
409 0
405 0
395 0
397 0
397 0
396 0
414 0
415 0
398 0
399 0
392 0
379 0
390 0
400 0
399 0
408 0
421 0
419 0
421 0
432 0
430 0
421 0
430 0
429 0
411 0
415 0
405 0
376 0
363 0
355 0
347 0
358 0
383 0
401 0
422 0
448 0
451 0
437 0
440 0
428 0
401 0
398 0
391 0
381 0
394 0
405 0
398 0
396 0
398 0
388 0
380 0
389 0
387 0
367 0
377 0
379 0
373 0
394 0
405 0
402 0
412 0
416 0
403 0
392 0
387 0
374 0
371 0
385 0
386 0
373 0
384 0
386 0
374 0
392 0
402 0
394 0
404 0
414 0
413 0
419 0
427 0
414 0
399 0
400 0
393 0
379 0
390 0
390 0
375 0
385 0
385 0
369 0
371 0
378 0
372 0
381 0
397 0
401 0
403 0
421 0
428 0
420 0
431 0
427 0
410 0
412 0
412 0
394 0
390 0
389 0
380 0
380 0
395 0
395 0
394 0
407 0
402 0
388 0
394 0
394 0
382 0
388 0
394 0
386 0
390 0
397 0
395 0
396 0
409 0
414 0
408 0
416 0
412 0
399 0
411 0
415 0
401 0
407 0
409 0
396 0
398 0
406 0
399 0
397 0
405 0
402 0
390 0
395 0
394 0
378 0
393 0
400 0
392 0
399 0
403 0
391 0
394 0
398 0
391 0
386 0
398 0
395 0
388 0
401 0
399 0
388 0
404 0
408 0
396 0
400 0
402 0
392 0
395 0
401 0
395 0
393 0
402 0
402 0
398 0
407 0
404 0
385 0
390 0
385 0
373 0
387 0
397 0
396 0
403 0
411 0
400 0
392 0
399 0
395 0
385 0
394 0
395 0
381 0
388 0
392 0
386 0
401 0
411 0
408 0
410 0
409 0
398 0
392 0
404 0
408 0
400 0
413 0
414 0
399 0
409 0
408 0
394 0
397 0
401 0
390 0
387 0
395 0
392 0
394 0
407 0
403 0
388 0
393 0
396 0
387 0
405 0
412 0
400 0
401 0
399 0
382 0
374 0
377 0
369 0
364 0
377 0
379 0
375 0
394 0
407 0
404 0
418 0
422 0
408 0
407 0
408 0
399 0
406 0
418 0
415 0
408 0
415 0
411 0
396 0
403 0
396 0
371 0
370 0
366 0
347 0
344 0
349 0
351 0
366 0
391 0
398 0
398 0
411 0
414 0
410 0
426 0
435 0
428 0
438 0
442 0
427 0
425 0
418 0
398 0
391 0
396 0
389 0
373 0
375 0
364 0
350 0
364 0
369 0
359 0
366 0
371 0
370 0
392 0
417 0
421 0
423 0
425 0
414 0
401 0
410 0
406 0
390 0
401 0
403 0
390 0
400 0
407 0
401 0
406 0
412 0
402 0
390 0
391 0
385 0
380 0
397 0
398 0
385 0
392 0
388 0
373 0
381 0
384 0
375 0
383 0
396 0
399 0
405 0
416 0
412 0
408 0
426 0
430 0
412 0
414 0
407 0
389 0
390 0
394 0
389 0
391 0
399 0
394 0
393 0
402 0
401 0
401 0
419 0
423 0
404 0
404 0
400 0
388 0
406 0
419 0
412 0
407 0
403 0
390 0
382 0
393 0
395 0
387 0
398 0
394 0
379 0
385 0
384 0
369 0
371 0
374 0
369 0
379 0
397 0
401 0
410 0
427 0
425 0
406 0
410 0
409 0
396 0
410 0
413 0
399 0
396 0
392 0
378 0
377 0
385 0
382 0
380 0
392 0
394 0
391 0
411 0
419 0
414 0
431 0
438 0
422 0
422 0
422 0
410 0
411 0
414 0
401 0
384 0
383 0
375 0
357 0
367 0
365 0
355 0
367 0
374 0
366 0
368 0
374 0
375 0
392 0
417 0
423 0
420 0
429 0
425 0
417 0
431 0
435 0
416 0
417 0
412 0
396 0
399 0
401 0
389 0
376 0
371 0
362 0
357 0
373 0
380 0
379 0
403 0
407 0
392 0
397 0
399 0
392 0
403 0
414 0
411 0
410 0
413 0
402 0
386 0
389 0
387 0
374 0
389 0
398 0
393 0
407 0
411 0
403 0
413 0
418 0
405 0
393 0
389 0
375 0
367 0
383 0
390 0
385 0
398 0
403 0
392 0
405 0
414 0
407 0
411 0
414 0
405 0
395 0
393 0
384 0
381 0
396 0
402 0
395 0
407 0
408 0
395 0
402 0
407 0
396 0
397 0
401 0
394 0
395 0
409 0
411 0
403 0
408 0
400 0
375 0
372 0
367 0
361 0
377 0
392 0
389 0
392 0
397 0
392 0
395 0
410 0
410 0
399 0
404 0
395 0
382 0
399 0
408 0
397 0
400 0
402 0
393 0
390 0
393 0
386 0
385 0
399 0
401 0
394 0
401 0
399 0
382 0
392 0
397 0
393 0
408 0
417 0
410 0
411 0
417 0
408 0
402 0
410 0
410 0
399 0
401 0
392 0
371 0
380 0
390 0
387 0
395 0
398 0
389 0
390 0
395 0
387 0
379 0
387 0
383 0
375 0
394 0
400 0
388 0
393 0
397 0
387 0
395 0
397 0
394 0
400 0
413 0
411 0
404 0
410 0
408 0
402 0
417 0
420 0
408 0
411 0
405 0
388 0
390 0
394 0
385 0
383 0
390 0
388 0
385 0
400 0
403 0
394 0
404 0
401 0
381 0
381 0
381 0
372 0
385 0
398 0
397 0
397 0
402 0
395 0
385 0
392 0
389 0
377 0
389 0
391 0
378 0
387 0
397 0
394 0
406 0
411 0
401 0
392 0
393 0
389 0
389 0
409 0
419 0
413 0
418 0
411 0
389 0
390 0
390 0
375 0
375 0
380 0
375 0
381 0
398 0
400 0
397 0
409 0
411 0
399 0
405 0
407 0
403 0
420 0
432 0
423 0
417 0
413 0
399 0
398 0
407 0
399 0
383 0
384 0
379 0
370 0
384 0
388 0
374 0
377 0
380 0
373 0
382 0
397 0
402 0
408 0
422 0
422 0
410 0
415 0
410 0
397 0
409 0
415 0
406 0
414 0
416 0
401 0
397 0
397 0
387 0
384 0
391 0
383 0
367 0
373 0
374 0
368 0
390 0
402 0
395 0
400 0
400 0
391 0
398 0
411 0
411 0
412 0
422 0
422 0
410 0
414 0
404 0
383 0
387 0
385 0
369 0
368 0
368 0
367 0
384 0
408 0
413 0
410 0
414 0
410 0
404 0
422 0
429 0
415 0
416 0
410 0
392 0
392 0
389 0
374 0
373 0
381 0
380 0
378 0
391 0
397 0
396 0
418 0
425 0
412 0
419 0
416 0
399 0
400 0
401 0
392 0
388 0
390 0
382 0
377 0
390 0
395 0
392 0
413 0
418 0
408 0
414 0
412 0
396 0
402 0
407 0
394 0
383 0
379 0
369 0
362 0
374 0
383 0
386 0
412 0
428 0
425 0
432 0
431 0
415 0
418 0
416 0
405 0
394 0
390 0
378 0
373 0
391 0
395 0
386 0
395 0
394 0
381 0
392 0
399 0
389 0
391 0
389 0
387 0
385 0
392 0
387 0
382 0
398 0
405 0
400 0
412 0
415 0
411 0
428 0
437 0
425 0
416 0
405 0
382 0
372 0
383 0
387 0
384 0
396 0
394 0
378 0
385 0
385 0
378 0
393 0
406 0
406 0
412 0
413 0
406 0
404 0
416 0
414 0
404 0
411 0
407 0
392 0
399 0
398 0
383 0
387 0
392 0
386 0
387 0
388 0
379 0
374 0
383 0
384 0
378 0
390 0
395 0
393 0
418 0
430 0
418 0
415 0
409 0
393 0
394 0
400 0
392 0
385 0
389 0
386 0
376 0
390 0
395 0
385 0
395 0
400 0
390 0
397 0
400 0
393 0
401 0
411 0
405 0
398 0
400 0
391 0
378 0
390 0
394 0
384 0
396 0
402 0
392 0
399 0
399 0
385 0
379 0
382 0
377 0
372 0
382 0
385 0
387 0
410 0
425 0
422 0
434 0
431 0
416 0
421 0
425 0
413 0
404 0
400 0
385 0
374 0
382 0
385 0
377 0
392 0
396 0
388 0
403 0
412 0
408 0
418 0
423 0
413 0
405 0
402 0
387 0
377 0
387 0
388 0
381 0
395 0
398 0
388 0
399 0
403 0
390 0
390 0
388 0
381 0
373 0
372 0
365 0
367 0
388 0
401 0
398 0
409 0
407 0
393 0
407 0
413 0
404 0
412 0
415 0
407 0
400 0
404 0
396 0
385 0
392 0
389 0
377 0
388 0
393 0
384 0
398 0
404 0
394 0
395 0
393 0
381 0
379 0
391 0
392 0
390 0
403 0
405 0
399 0
412 0
417 0
406 0
415 0
419 0
408 0
405 0
403 0
392 0
388 0
396 0
392 0
383 0
388 0
385 0
378 0
396 0
405 0
396 0
406 0
406 0
395 0
398 0
403 0
397 0
399 0
413 0
410 0
396 0
400 0
399 0
390 0
407 0
415 0
402 0
399 0
391 0
374 0
372 0
379 0
375 0
378 0
387 0
388 0
384 0
400 0
402 0
389 0
400 0
399 0
383 0
388 0
397 0
400 0
416 0
430 0
424 0
410 0
407 0
397 0
386 0
402 0
405 0
392 0
396 0
393 0
378 0
384 0
388 0
381 0
384 0
390 0
383 0
379 0
391 0
392 0
390 0
409 0
415 0
406 0
415 0
413 0
398 0
400 0
402 0
392 0
385 0
385 0
379 0
380 0
394 0
392 0
380 0
389 0
388 0
374 0
388 0
393 0
388 0
405 0
419 0
423 0
427 0
434 0
427 0
416 0
421 0
416 0
397 0
397 0
389 0
369 0
377 0
380 0
370 0
379 0
384 0
381 0
386 0
395 0
390 0
385 0
396 0
400 0
395 0
410 0
415 0
403 0
415 0
423 0
414 0
421 0
421 0
408 0
397 0
393 0
382 0
374 0
382 0
382 0
370 0
377 0
378 0
367 0
386 0
399 0
396 0
406 0
415 0
412 0
415 0
427 0
425 0
412 0
414 0
405 0
383 0
385 0
383 0
369 0
377 0
382 0
374 0
377 0
382 0
378 0
386 0
406 0
408 0
398 0
401 0
394 0
381 0
398 0
408 0
402 0
412 0
414 0
402 0
405 0
410 0
401 0
395 0
396 0
389 0
376 0
381 0
380 0
371 0
393 0
401 0
394 0
403 0
407 0
397 0
402 0
410 0
401 0
397 0
404 0
399 0
387 0
397 0
398 0
383 0
394 0
394 0
381 0
383 0
382 0
373 0
384 0
400 0
402 0
405 0
416 0
410 0
401 0
415 0
417 0
403 0
413 0
412 0
393 0
389 0
386 0
380 0
386 0
399 0
400 0
397 0
406 0
407 0
407 0
427 0
423 0
398 0
394 0
384 0
369 0
380 0
386 0
380 0
379 0
386 0
382 0
382 0
394 0
396 0
387 0
397 0
402 0
387 0
402 0
408 0
403 0
417 0
425 0
419 0
415 0
410 0
396 0
388 0
401 0
401 0
389 0
391 0
384 0
370 0
386 0
400 0
396 0
407 0
413 0
405 0
405 0
410 0
407 0
407 0
417 0
413 0
397 0
397 0
395 0
383 0
399 0
403 0
385 0
383 0
381 0
372 0
376 0
388 0
381 0
369 0
371 0
366 0
355 0
369 0
381 0
382 0
403 0
416 0
413 0
419 0
425 0
421 0
423 0
429 0
421 0
404 0
401 0
391 0
377 0
397 0
404 0
396 0
400 0
400 0
388 0
392 0
397 0
389 0
386 0
393 0
392 0
387 0
399 0
402 0
393 0
405 0
405 0
389 0
397 0
398 0
385 0
385 0
386 0
375 0
376 0
390 0
395 0
395 0
410 0
414 0
406 0
423 0
425 0
408 0
405 0
397 0
379 0
380 0
393 0
392 0
393 0
397 0
388 0
379 0
392 0
395 0
387 0
400 0
399 0
380 0
380 0
382 0
378 0
390 0
408 0
408 0
403 0
407 0
401 0
395 0
413 0
420 0
409 0
414 0
407 0
392 0
400 0
402 0
391 0
389 0
388 0
380 0
376 0
386 0
386 0
381 0
395 0
397 0
382 0
394 0
395 0
386 0
402 0
416 0
419 0
423 0
422 0
407 0
397 0
401 0
398 0
385 0
393 0
392 0
379 0
395 0
398 0
386 0
393 0
393 0
385 0
385 0
389 0
385 0
384 0
402 0
411 0
409 0
416 0
411 0
394 0
397 0
398 0
386 0
393 0
398 0
393 0
397 0
401 0
394 0
390 0
401 0
403 0
390 0
399 0
395 0
374 0
385 0
391 0
390 0
405 0
418 0
413 0
411 0
415 0
403 0
398 0
408 0
408 0
393 0
396 0
392 0
384 0
402 0
412 0
404 0
406 0
405 0
393 0
389 0
394 0
389 0
378 0
387 0
388 0
381 0
392 0
394 0
380 0
394 0
398 0
389 0
393 0
398 0
394 0
402 0
414 0
411 0
403 0
411 0
409 0
404 0
423 0
428 0
406 0
405 0
395 0
377 0
377 0
379 0
372 0
372 0
384 0
385 0
384 0
397 0
399 0
389 0
411 0
421 0
414 0
424 0
420 0
400 0
398 0
399 0
389 0
387 0
395 0
392 0
382 0
388 0
381 0
361 0
370 0
374 0
366 0
376 0
381 0
377 0
393 0
409 0
411 0
411 0
416 0
410 0
401 0
416 0
423 0
415 0
427 0
426 0
406 0
405 0
402 0
388 0
388 0
393 0
388 0
387 0
395 0
391 0
387 0
397 0
395 0
381 0
389 0
391 0
384 0
400 0
410 0
403 0
403 0
403 0
390 0
381 0
389 0
389 0
383 0
397 0
397 0
380 0
386 0
385 0
377 0
388 0
396 0
391 0
393 0
397 0
390 0
391 0
409 0
415 0
412 0
426 1
423 1
409 1
415 1
414 1
396 1
393 1
385 1
369 1
365 1
369 1
365 1
366 1
381 1
386 1
380 1
398 1
400 1
390 1
407 1
417 1
415 1
426 1
428 1
415 1
410 1
415 1
406 1
399 1
402 1
400 1
386 1
394 1
389 1
369 1
377 1
382 1
375 1
381 1
384 1
380 1
391 1
410 1
416 1
416 1
427 1
424 1
412 1
422 1
414 1
394 1
398 1
399 1
385 1
385 1
387 1
378 1
383 1
398 1
402 1
399 1
406 1
402 1
386 1
399 1
401 1
392 1
403 1
405 1
396 1
401 1
405 1
397 1
395 1
402 1
396 1
386 1
390 1
387 1
378 1
395 1
399 1
383 1
387 1
388 1
381 1
390 1
397 1
391 1
388 1
390 1
385 1
382 1
399 1
406 1
402 1
419 1
423 1
407 1
410 1
406 1
390 1
398 1
410 1
407 1
406 1
410 1
405 1
399 1
409 1
410 1
394 1
399 1
396 1
381 1
387 1
389 1
379 1
385 1
395 1
395 1
396 1
408 1
405 1
403 1
421 1
427 1
416 1
419 1
414 1
397 1
398 1
397 1
382 1
375 1
373 1
368 1
374 1
392 1
400 1
396 1
409 1
406 1
393 1
405 1
408 1
401 1
412 1
418 1
408 1
404 1
400 1
389 1
384 1
396 1
401 1
391 1
403 1
403 1
394 1
404 1
405 1
392 1
398 1
396 1
385 1
383 1
383 1
376 1
376 1
390 1
394 1
386 1
401 1
407 1
404 1
426 1
439 1
426 1
425 1
419 1
402 1
393 1
393 1
384 1
380 1
388 1
387 1
376 1
383 1
381 1
370 1
387 1
397 1
391 1
398 1
403 1
396 1
401 1
413 1
413 1
409 1
417 1
414 1
402 1
411 1
409 1
394 1
397 1
394 1
380 1
382 1
385 1
381 1
388 1
401 1
399 1
394 1
403 1
401 1
391 1
405 1
409 1
396 1
400 1
398 1
384 1
387 1
394 1
386 1
383 1
386 1
384 1
383 1
396 1
400 1
393 1
411 1
415 1
403 1
407 1
402 1
383 1
383 1
386 1
381 1
387 1
401 1
403 1
400 1
405 1
402 1
389 1
400 1
402 1
387 1
388 1
389 1
383 1
399 1
416 1
415 1
413 1
413 1
401 1
392 1
402 1
403 1
392 1
402 1
406 1
396 1
405 1
404 1
392 1
392 1
397 1
396 1
396 1
403 1
399 1
395 1
408 1
411 1
400 1
401 1
394 1
376 1
384 1
385 1
375 1
378 1
384 1
383 1
388 1
401 1
398 1
382 1
386 1
386 1
379 1
396 1
402 1
398 1
413 1
421 1
415 1
417 1
419 1
412 1
410 1
416 1
411 1
398 1
400 1
396 1
385 1
401 1
405 1
389 1
390 1
391 1
388 1
395 1
404 1
400 1
393 1
397 1
394 1
387 1
397 1
395 1
383 1
396 1
402 1
394 1
401 1
403 1
394 1
397 1
405 1
397 1
392 1
400 1
398 1
385 1
397 1
401 1
392 1
408 1
415 1
403 1
402 1
396 1
383 1
392 1
407 1
409 1
408 1
415 1
408 1
393 1
402 1
402 1
385 1
395 1
395 1
380 1
384 1
388 1
387 1
394 1
408 1
408 1
404 1
410 1
403 1
391 1
398 1
397 1
383 1
396 1
402 1
395 1
405 1
411 1
400 1
396 1
399 1
393 1
388 1
397 1
397 1
388 1
404 1
410 1
399 1
407 1
408 1
397 1
400 1
405 1
392 1
385 1
386 1
377 1
371 1
384 1
384 1
370 1
382 1
382 1
370 1
379 1
383 1
375 1
385 1
398 1
398 1
398 1
400 1
392 1
385 1
396 1
397 1
387 1
395 1
394 1
383 1
395 1
399 1
388 1
390 1
393 1
391 1
391 1
401 1
399 1
394 1
408 1
409 1
397 1
402 1
400 1
389 1
403 1
418 1
417 1
425 1
427 1
416 1
409 1
409 1
400 1
389 1
396 1
393 1
378 1
383 1
382 1
375 1
388 1
400 1
396 1
401 1
404 1
395 1
388 1
396 1
397 1
391 1
397 1
394 1
382 1
394 1
401 1
394 1
405 1
409 1
399 1
401 1
404 1
399 1
401 1
415 1
416 1
404 1
409 1
404 1
390 1
403 1
409 1
397 1
397 1
394 1
381 1
388 1
400 1
398 1
395 1
399 1
394 1
383 1
394 1
395 1
386 1
399 1
404 1
393 1
396 1
400 1
395 1
399 1
408 1
403 1
397 1
402 1
398 1
388 1
401 1
407 1
399 1
410 1
414 1
403 1
409 1
407 1
395 1
393 1
399 1
394 1
389 1
397 1
394 1
385 1
398 1
404 1
394 1
403 1
404 1
393 1
397 1
398 1
388 1
383 1
386 1
382 1
381 1
394 1
396 1
389 1
405 1
408 1
395 1
404 1
401 1
388 1
399 1
408 1
407 1
410 1
416 1
408 1
399 1
406 1
403 1
387 1
391 1
390 1
377 1
387 1
391 1
382 1
395 1
401 1
403 1
405 1
409 1
404 1
398 1
410 1
407 1
390 1
397 1
392 1
375 1
382 1
388 1
383 1
390 1
393 1
387 1
385 1
392 1
387 1
381 1
391 1
394 1
388 1
401 1
405 1
399 1
412 1
418 1
409 1
412 1
414 1
408 1
402 1
406 1
401 1
391 1
402 1
403 1
391 1
397 1
390 1
374 1
380 1
386 1
384 1
395 1
401 1
399 1
403 1
415 1
416 1
407 1
411 1
403 1
385 1
388 1
390 1
381 1
393 1
398 1
388 1
388 1
389 1
383 1
385 1
398 1
399 1
391 1
396 1
396 1
391 1
413 1
425 1
419 1
426 1
428 1
415 1
418 1
425 1
414 1
406 1
406 1
396 1
382 1
386 1
381 1
370 1
379 1
380 1
365 1
365 1
368 1
368 1
388 1
411 1
416 1
416 1
422 1
415 1
400 1
411 1
407 1
392 1
399 1
401 1
386 1
388 1
385 1
378 1
385 1
400 1
402 1
397 1
399 1
388 1
371 1
385 1
391 1
387 1
403 1
407 1
397 1
406 1
412 1
408 1
414 1
422 1
418 1
412 1
416 1
412 1
400 1
413 1
417 1
400 1
398 1
389 1
372 1
380 1
386 1
381 1
382 1
385 1
380 1
380 1
398 1
406 1
401 1
414 1
413 1
398 1
397 1
394 1
379 1
387 1
400 1
400 1
400 1
403 1
395 1
391 1
404 1
405 1
393 1
400 1
399 1
389 1
406 1
412 1
400 1
399 1
396 1
385 1
383 1
391 1
392 1
393 1
414 1
423 1
412 1
417 1
409 1
387 1
393 1
397 1
389 1
396 1
399 1
389 1
388 1
395 1
392 1
387 1
399 1
401 1
390 1
399 1
400 1
392 1
408 1
415 1
404 1
401 1
394 1
385 1
389 1
407 1
412 1
406 1
412 1
409 1
393 1
402 1
403 1
388 1
395 1
395 1
380 1
383 1
386 1
375 1
372 1
379 1
378 1
373 1
389 1
394 1
390 1
404 1
412 1
403 1
409 1
410 1
401 1
405 1
413 1
409 1
404 1
402 1
389 1
376 1
382 1
379 1
367 1
379 1
387 1
384 1
394 1
400 1
396 1
405 1
420 1
422 1
420 1
426 1
417 1
402 1
409 1
408 1
394 1
406 1
408 1
394 1
396 1
389 1
377 1
376 1
381 1
378 1
377 1
385 1
383 1
380 1
401 1
415 1
410 1
413 1
410 1
392 1
399 1
403 1
394 1
393 1
394 1
385 1
382 1
389 1
391 1
388 1
405 1
411 1
401 1
412 1
411 1
395 1
403 1
409 1
403 1
398 1
395 1
384 1
376 1
386 1
388 1
386 1
404 1
415 1
405 1
411 1
407 1
392 1
403 1
411 1
408 1
403 1
399 1
387 1
381 1
396 1
402 1
394 1
400 1
397 1
379 1
389 1
391 1
379 1
386 1
395 1
398 1
403 1
408 1
401 1
398 1
410 1
410 1
397 1
400 1
399 1
389 1
411 1
423 1
411 1
408 1
399 1
383 1
383 1
395 1
398 1
393 1
401 1
401 1
385 1
392 1
389 1
376 1
392 1
404 1
399 1
401 1
394 1
376 1
376 1
392 1
401 1
402 1
414 1
408 1
395 1
405 1
403 1
386 1
389 1
394 1
385 1
392 1
397 1
392 1
391 1
403 1
404 1
401 1
412 1
410 1
400 1
415 1
420 1
409 1
416 1
412 1
397 1
395 1
395 1
383 1
376 1
384 1
384 1
379 1
388 1
389 1
379 1
395 1
403 1
396 1
403 1
399 1
385 1
389 1
401 1
403 1
410 1
421 1
420 1
413 1
418 1
409 1
388 1
394 1
398 1
389 1
398 1
399 1
391 1
395 1
401 1
397 1
391 1
393 1
387 1
382 1
397 1
404 1
395 1
408 1
408 1
393 1
397 1
399 1
389 1
392 1
399 1
392 1
387 1
389 1
387 1
382 1
402 1
411 1
401 1
406 1
401 1
385 1
394 1
402 1
404 1
410 1
414 1
404 1
399 1
408 1
406 1
397 1
407 1
403 1
381 1
384 1
383 1
373 1
385 1
397 1
397 1
401 1
404 1
394 1
390 1
400 1
402 1
398 1
411 1
414 1
403 1
413 1
412 1
398 1
404 1
406 1
393 1
385 1
383 1
371 1
368 1
383 1
389 1
383 1
395 1
395 1
382 1
398 1
407 1
402 1
408 1
411 1
404 1
407 1
416 1
407 1
396 1
399 1
393 1
380 1
389 1
389 1
378 1
398 1
410 1
403 1
403 1
395 1
382 1
378 1
387 1
389 1
390 1
403 1
403 1
390 1
398 1
398 1
389 1
404 1
413 1
406 1
409 1
407 1
394 1
393 1
402 1
401 1
395 1
399 1
395 1
380 1
391 1
395 1
382 1
387 1
384 1
368 1
367 1
366 1
362 1
372 1
392 1
404 1
408 1
423 1
424 1
415 1
430 1
435 1
424 1
428 1
424 1
402 1
394 1
392 1
382 1
379 1
388 1
390 1
386 1
397 1
398 1
387 1
395 1
395 1
382 1
386 1
386 1
380 1
390 1
401 1
398 1
395 1
400 1
397 1
393 1
408 1
411 1
397 1
408 1
409 1
391 1
387 1
381 1
369 1
376 1
385 1
386 1
388 1
398 1
400 1
399 1
415 1
418 1
401 1
406 1
402 1
386 1
395 1
404 1
396 1
400 1
405 1
399 1
391 1
393 1
388 1
382 1
396 1
401 1
391 1
396 1
394 1
383 1
395 1
406 1
407 1
410 1
410 1
397 1
393 1
405 1
406 1
396 1
406 1
405 1
392 1
404 1
406 1
394 1
394 1
396 1
390 1
390 1
393 1
386 1
388 1
404 1
408 1
401 1
416 1
413 1
395 1
405 1
400 1
381 1
382 1
385 1
383 1
389 1
398 1
393 1
388 1
396 1
396 1
385 1
392 1
390 1
380 1
399 1
409 1
405 1
413 1
414 1
405 1
405 1
409 1
400 1
390 1
396 1
397 1
387 1
400 1
403 1
385 1
395 1
398 1
389 1
394 1
394 1
387 1
392 1
405 1
405 1
402 1
406 1
400 1
385 1
399 1
404 1
390 1
398 1
400 1
391 1
397 1
402 1
393 1
391 1
397 1
392 1
383 1
391 1
391 1
382 1
400 1
409 1
404 1
409 1
407 1
391 1
390 1
388 1
375 1
371 1
380 1
378 1
381 1
400 1
404 1
394 1
411 1
417 1
405 1
411 1
404 1
388 1
393 1
403 1
403 1
400 1
398 1
389 1
380 1
390 1
391 1
381 1
393 1
398 1
390 1
403 1
407 1
394 1
396 1
400 1
395 1
396 1
407 1
406 1
400 1
408 1
404 1
387 1
394 1
393 1
380 1
389 1
398 1
393 1
396 1
397 1
386 1
383 1
393 1
394 1
392 1
410 1
418 1
409 1
416 1
411 1
396 1
405 1
413 1
405 1
400 1
394 1
380 1
375 1
388 1
390 1
386 1
398 1
401 1
395 1
407 1
407 1
395 1
403 1
407 1
400 1
400 1
398 1
388 1
387 1
402 1
407 1
398 1
406 1
404 1
392 1
402 1
405 1
393 1
397 1
396 1
387 1
388 1
390 1
384 1
382 1
392 1
392 1
381 1
388 1
387 1
376 1
397 1
411 1
404 1
412 1
412 1
403 1
406 1
412 1
406 1
397 1
397 1
390 1
374 1
380 1
382 1
375 1
394 1
405 1
398 1
398 1
390 1
372 1
375 1
390 1
397 1
400 1
412 1
413 1
398 1
403 1
400 1
386 1
397 1
404 1
399 1
403 1
402 1
389 1
390 1
399 1
397 1
390 1
396 1
391 1
388 1
410 1
419 1
407 1
410 1
404 1
386 1
393 1
401 1
397 1
397 1
404 1
401 1
396 1
402 1
396 1
382 1
394 1
401 1
392 1
399 1
394 1
380 1
388 1
400 1
402 1
408 1
419 1
414 1
405 1
408 1
399 1
379 1
392 1
399 1
392 1
402 1
401 1
393 1
401 1
410 1
404 1
399 1
398 1
388 1
380 1
396 1
401 1
392 1
402 1
397 1
378 1
380 1
383 1
378 1
387 1
401 1
401 1
401 1
407 1
405 1
401 1
415 1
418 1
403 1
403 1
395 1
378 1
390 1
400 1
398 1
408 1
413 1
406 1
402 1
408 1
402 1
391 1
397 1
396 1
380 1
388 1
390 1
381 1
394 1
405 1
399 1
401 1
402 1
392 1
390 1
399 1
399 1
392 1
401 1
399 1
385 1
394 1
397 1
387 1
396 1
402 1
394 1
398 1
404 1
399 1
393 1
401 1
403 1
394 1
405 1
404 1
392 1
402 1
408 1
396 1
402 1
400 1
389 1
390 1
393 1
385 1
380 1
392 1
390 1
385 1
400 1
406 1
397 1
410 1
415 1
400 1
401 1
400 1
388 1
395 1
409 1
408 1
403 1
404 1
398 1
383 1
395 1
394 1
382 1
391 1
393 1
380 1
385 1
389 1
383 1
389 1
403 1
406 1
402 1
404 1
396 1
382 1
393 1
398 1
387 1
397 1
400 1
393 1
402 1
406 1
394 1
391 1
398 1
395 1
394 1
408 1
403 1
390 1
402 1
405 1
390 1
395 1
396 1
390 1
401 1
409 1
405 1
402 1
404 1
395 1
388 1
397 1
394 1
382 1
392 1
394 1
385 1
396 1
398 1
387 1
391 1
398 1
394 1
393 1
397 1
393 1
392 1
412 1
420 1
409 1
414 1
408 1
390 1
397 1
396 1
380 1
383 1
387 1
384 1
389 1
397 1
394 1
389 1
402 1
406 1
396 1
404 1
402 1
387 1
397 1
405 1
398 1
402 1
408 1
405 1
402 1
402 1
393 1
384 1
393 1
397 1
388 1
398 1
395 1
381 1
391 1
399 1
393 1
395 1
398 1
388 1
389 1
405 1
409 1
405 1
413 1
410 1
391 1
390 1
386 1
375 1
389 1
402 1
403 1
411 1
411 1
403 1
400 1
410 1
411 1
401 1
406 1
398 1
380 1
385 1
386 1
370 1
374 1
376 1
372 1
380 1
390 1
387 1
384 1
391 1
392 1
388 1
402 1
407 1
404 1
424 1
433 1
424 1
430 1
426 1
408 1
402 1
402 1
392 1
386 1
392 1
392 1
379 1
391 1
391 1
378 1
390 1
395 1
385 1
388 1
386 1
377 1
381 1
391 1
391 1
391 1
401 1
400 1
394 1
410 1
414 1
403 1
414 1
416 1
405 1
410 1
407 1
394 1
385 1
383 1
375 1
372 1
388 1
395 1
394 1
408 1
412 1
403 1
414 1
413 1
401 1
411 1
417 1
409 1
405 1
404 1
389 1
377 1
383 1
383 1
369 1
383 1
391 1
383 1
391 1
390 1
380 1
391 1
405 1
407 1
408 1
407 1
394 1
385 1
398 1
406 1
404 1
418 1
419 1
402 1
404 1
398 1
377 1
378 1
384 1
388 1
394 1
403 1
400 1
395 1
407 1
409 1
399 1
404 1
400 1
386 1
396 1
402 1
393 1
399 1
404 1
396 1
393 1
395 1
384 1
374 1
385 1
389 1
382 1
392 1
396 1
388 1
397 1
405 1
399 1
399 1
396 1
390 1
392 1
405 1
404 1
399 1
411 1
414 1
407 1
419 1
417 1
399 1
403 1
405 1
390 1
392 1
395 1
387 1
385 1
397 1
400 1
390 1
392 1
384 1
371 1
387 1
399 1
396 1
410 1
414 1
403 1
404 1
407 1
396 1
393 1
401 1
396 1
385 1
391 1
387 1
375 1
389 1
398 1
389 1
395 1
396 1
389 1
396 1
407 1
403 1
402 1
410 1
408 1
398 0
408 0
405 0
392 0
403 0
407 0
395 0
395 0
391 0
377 0
381 0
391 0
389 0
384 0
388 0
387 0
383 0
403 0
413 0
411 0
424 0
426 0
412 0
415 0
410 0
393 0
389 0
394 0
391 0
386 0
392 0
390 0
381 0
398 0
407 0
397 0
405 0
403 0
388 0
395 0
400 0
394 0
399 0
407 0
406 0
402 0
406 0
400 0
388 0
398 0
399 0
385 0
391 0
390 0
379 0
391 0
409 0
409 0
411 0
410 0
395 0
384 0
393 0
395 0
385 0
395 0
397 0
385 0
389 0
389 0
377 0
387 0
393 0
389 0
391 0
397 0
390 0
383 0
395 0
398 0
392 0
403 0
406 0
397 0
407 0
414 0
405 0
405 0
403 0
394 0
390 0
392 0
384 0
379 0
391 0
398 0
391 0
403 0
402 0
389 0
403 0
408 0
397 0
398 0
397 0
384 0
385 0
399 0
400 0
394 0
403 0
399 0
385 0
395 0
399 0
390 0
402 0
408 0
400 0
403 0
402 0
392 0
389 0
395 0
388 0
375 0
379 0
376 0
370 0
391 0
403 0
394 0
401 0
402 0
393 0
399 0
405 0
400 0
399 0
407 0
407 0
404 0
415 0
416 0
406 0
418 0
421 0
408 0
412 0
406 0
388 0
387 0
389 0
378 0
370 0
376 0
380 0
382 0
400 0
407 0
394 0
401 0
402 0
395 0
406 0
412 0
404 0
409 0
414 0
407 0
401 0
404 0
394 0
382 0
395 0
397 0
385 0
393 0
391 0
377 0
384 0
386 0
380 0
382 0
390 0
391 0
395 0
405 0
402 0
391 0
400 0
401 0
391 0
401 0
398 0
381 0
389 0
397 0
391 0
393 0
397 0
390 0
385 0
394 0
395 0
387 0
403 0
410 0
401 0
407 0
405 0
392 0
400 0
407 0
401 0
397 0
390 0
376 0
372 0
386 0
390 0
382 0
395 0
397 0
388 0
401 0
404 0
392 0
401 0
407 0
400 0
393 0
390 0
381 0
378 0
395 0
401 0
394 0
398 0
391 0
375 0
391 0
401 0
398 0
407 0
411 0
403 0
404 0
410 0
398 0
383 0
388 0
389 0
380 0
390 0
388 0
373 0
392 0
405 0
403 0
408 0
407 0
398 0
403 0
415 0
412 0
397 0
396 0
388 0
375 0
386 0
387 0
373 0
382 0
387 0
381 0
389 0
394 0
388 0
388 0
399 0
401 0
396 0
402 0
399 0
388 0
405 0
415 0
411 0
424 0
424 0
408 0
407 0
406 0
398 0
395 0
397 0
391 0
378 0
382 0
381 0
371 0
388 0
400 0
396 0
408 0
413 0
402 0
404 0
409 0
404 0
406 0
413 0
409 0
397 0
400 0
390 0
369 0
378 0
385 0
381 0
393 0
399 0
387 0
391 0
402 0
400 0
399 0
404 0
400 0
393 0
404 0
408 0
395 0
402 0
403 0
393 0
397 0
397 0
385 0
389 0
396 0
393 0
395 0
408 0
406 0
398 0
411 0
418 0
405 0
411 0
405 0
387 0
392 0
395 0
389 0
386 0
391 0
391 0
397 0
413 0
412 0
399 0
407 0
406 0
395 0
408 0
409 0
395 0
402 0
406 0
400 0
396 0
392 0
380 0
375 0
387 0
392 0
384 0
395 0
397 0
384 0
394 0
392 0
376 0
380 0
385 0
382 0
392 0
408 0
408 0
407 0
420 0
421 0
410 0
415 0
412 0
397 0
409 0
413 0
400 0
401 0
400 0
392 0
394 0
401 0
396 0
391 0
400 0
401 0
389 0
393 0
387 0
373 0
392 0
403 0
399 0
403 0
400 0
387 0
381 0
389 0
390 0
385 0
393 0
392 0
385 0
402 0
408 0
398 0
408 0
412 0
404 0
411 0
411 0
400 0
401 0
412 0
411 0
399 0
399 0
393 0
384 0
399 0
402 0
386 0
388 0
388 0
379 0
384 0
388 0
381 0
381 0
390 0
393 0
392 0
402 0
404 0
397 0
417 0
427 0
417 0
421 0
414 0
394 0
395 0
401 0
394 0
392 0
399 0
397 0
388 0
395 0
391 0
374 0
381 0
380 0
368 0
374 0
376 0
367 0
375 0
389 0
394 0
401 0
410 0
409 0
404 0
418 0
414 0
394 0
400 0
398 0
388 0
401 0
408 0
397 0
398 0
407 0
405 0
405 0
410 0
402 0
393 0
405 0
412 0
403 0
413 0
409 0
394 0
402 0
403 0
391 0
389 0
391 0
382 0
377 0
382 0
381 0
376 0
394 0
405 0
400 0
412 0
410 0
397 0
401 0
403 0
391 0
389 0
387 0
378 0
383 0
402 0
410 0
405 0
415 0
410 0
392 0
401 0
396 0
376 0
378 0
381 0
377 0
383 0
394 0
393 0
393 0
405 0
408 0
396 0
406 0
402 0
390 0
410 0
420 0
414 0
417 0
414 0
398 0
396 0
399 0
391 0
382 0
391 0
393 0
384 0
398 0
399 0
385 0
395 0
401 0
393 0
396 0
393 0
380 0
382 0
393 0
395 0
395 0
407 0
409 0
405 0
421 0
421 0
403 0
405 0
404 0
392 0
396 0
399 0
393 0
397 0
410 0
411 0
403 0
404 0
395 0
378 0
390 0
392 0
377 0
380 0
377 0
363 0
370 0
379 0
380 0
390 0
407 0
408 0
405 0
414 0
415 0
406 0
420 0
425 0
409 0
410 0
403 0
385 0
384 0
390 0
385 0
388 0
396 0
394 0
391 0
404 0
405 0
393 0
404 0
408 0
397 0
408 0
414 0
402 0
405 0
408 0
398 0
386 0
384 0
374 0
369 0
390 0
403 0
402 0
413 0
409 0
391 0
395 0
392 0
376 0
376 0
382 0
380 0
382 0
393 0
391 0
390 0
410 0
421 0
411 0
421 0
415 0
393 0
393 0
392 0
381 0
383 0
391 0
391 0
397 0
408 0
405 0
393 0
401 0
403 0
395 0
408 0
408 0
394 0
400 0
405 0
400 0
404 0
405 0
397 0
394 0
400 0
399 0
392 0
406 0
408 0
392 0
397 0
393 0
376 0
384 0
388 0
383 0
388 0
392 0
382 0
376 0
387 0
393 0
390 0
407 0
410 0
397 0
408 0
412 0
401 0
406 0
410 0
406 0
411 0
414 0
406 0
400 0
407 0
404 0
391 0
398 0
390 0
373 0
379 0
385 0
378 0
388 0
396 0
390 0
397 0
408 0
406 0
401 0
411 0
412 0
400 0
414 0
416 0
406 0
416 0
419 0
404 0
403 0
398 0
384 0
383 0
389 0
384 0
377 0
382 0
375 0
363 0
379 0
385 0
376 0
388 0
396 0
392 0
403 0
412 0
409 0
411 0
419 0
412 0
400 0
399 0
387 0
368 0
381 0
387 0
382 0
396 0
397 0
384 0
390 0
402 0
398 0
402 0
409 0
405 0
398 0
406 0
402 0
385 0
397 0
400 0
390 0
398 0
400 0
389 0
397 0
402 0
395 0
391 0
391 0
383 0
379 0
394 0
399 0
388 0
399 0
404 0
397 0
410 0
415 0
404 0
406 0
411 0
409 0
408 0
414 0
407 0
402 0
417 0
421 0
406 0
407 0
395 0
373 0
378 0
379 0
371 0
378 0
388 0
388 0
393 0
405 0
405 0
395 0
400 0
400 0
384 0
395 0
396 0
386 0
395 0
399 0
394 0
398 0
402 0
398 0
402 0
415 0
414 0
401 0
405 0
399 0
384 0
396 0
400 0
387 0
392 0
395 0
390 0
396 0
400 0
391 0
387 0
395 0
397 0
391 0
399 0
398 0
390 0
405 0
413 0
405 0
411 0
414 0
404 0
407 0
416 0
408 0
400 0
402 0
395 0
379 0
387 0
387 0
376 0
389 0
396 0
389 0
392 0
390 0
378 0
382 0
394 0
397 0
398 0
409 0
409 0
403 0
419 0
419 0
402 0
409 0
408 0
394 0
398 0
398 0
391 0
390 0
397 0
394 0
387 0
394 0
390 0
381 0
393 0
395 0
383 0
393 0
397 0
391 0
404 0
413 0
404 0
402 0
406 0
402 0
400 0
409 0
401 0
381 0
387 0
388 0
379 0
387 0
390 0
379 0
385 0
394 0
391 0
398 0
408 0
409 0
406 0
416 0
412 0
400 0
408 0
407 0
395 0
400 0
400 0
385 0
388 0
397 0
396 0
399 0
403 0
394 0
381 0
387 0
388 0
380 0
395 0
398 0
389 0
398 0
401 0
394 0
404 0
409 0
406 0
406 0
411 0
403 0
390 0
394 0
393 0
381 0
393 0
392 0
377 0
387 0
395 0
390 0
398 0
407 0
406 0
409 0
417 0
413 0
404 0
413 0
412 0
398 0
404 0
401 0
385 0
393 0
400 0
392 0
394 0
394 0
383 0
379 0
387 0
388 0
382 0
391 0
393 0
386 0
398 0
400 0
388 0
394 0
397 0
393 0
402 0
410 0
401 0
400 0
414 0
417 0
410 0
416 0
412 0
393 0
397 0
394 0
377 0
377 0
379 0
372 0
379 0
390 0
388 0
391 0
402 0
405 0
401 0
414 0
410 0
395 0
406 0
408 0
397 0
402 0
402 0
391 0
391 0
398 0
393 0
391 0
402 0
403 0
392 0
401 0
394 0
374 0
379 0
384 0
378 0
390 0
395 0
385 0
387 0
395 0
397 0
401 0
417 0
418 0
407 0
413 0
408 0
391 0
404 0
411 0
404 0
410 0
406 0
395 0
391 0
394 0
389 0
383 0
386 0
379 0
366 0
378 0
386 0
384 0
403 0
409 0
400 0
408 0
414 0
408 0
408 0
416 0
416 0
412 0
417 0
410 0
391 0
395 0
393 0
381 0
386 0
386 0
374 0
383 0
391 0
390 0
391 0
393 0
385 0
383 0
398 0
403 0
395 0
411 0
415 0
404 0
413 0
417 0
404 0
407 0
409 0
403 0
401 0
401 0
390 0
379 0
385 0
384 0
375 0
387 0
389 0
381 0
394 0
401 0
395 0
403 0
411 0
409 0
412 0
420 0
412 0
397 0
401 0
401 0
392 0
402 0
400 0
384 0
387 0
389 0
380 0
384 0
387 0
380 0
381 0
391 0
392 0
389 0
401 0
403 0
395 0
405 0
408 0
393 0
401 0
410 0
406 0
413 0
417 0
407 0
400 0
402 0
397 0
386 0
391 0
388 0
376 0
389 0
391 0
380 0
390 0
396 0
391 0
399 0
408 0
401 0
400 0
411 0
413 0
405 0
412 0
406 0
388 0
395 0
397 0
388 0
391 0
390 0
378 0
384 0
394 0
393 0
394 0
404 0
402 0
395 0
408 0
406 0
395 0
406 0
412 0
401 0
405 0
404 0
393 0
394 0
402 0
397 0
390 0
393 0
387 0
378 0
389 0
393 0
383 0
394 0
397 0
388 0
398 0
401 0
397 0
401 0
410 0
409 0
404 0
411 0
405 0
389 0
398 0
400 0
389 0
400 0
401 0
391 0
398 0
402 0
392 0
392 0
394 0
389 0
386 0
393 0
391 0
380 0
392 0
395 0
385 0
397 0
401 0
391 0
397 0
399 0
396 0
399 0
407 0
403 0
396 0
399 0
391 0
378 0
388 0
391 0
383 0
396 0
400 0
390 0
397 0
402 0
398 0
397 0
399 0
390 0
384 0
397 0
400 0
389 0
398 0
399 0
386 0
400 0
407 0
403 0
407 0
408 0
404 0
404 0
410 0
404 0
398 0
408 0
409 0
395 0
399 0
390 0
369 0
375 0
384 0
382 0
392 0
400 0
397 0
400 0
416 0
419 0
415 0
425 0
425 0
417 0
422 0
414 0
390 0
389 0
390 0
383 0
391 0
392 0
382 0
380 0
390 0
389 0
383 0
391 0
389 0
380 0
396 0
404 0
394 0
400 0
402 0
393 0
398 0
405 0
401 0
398 0
401 0
394 0
382 0
388 0
385 0
374 0
389 0
395 0
390 0
402 0
408 0
402 0
407 0
416 0
412 0
409 0
416 0
414 0
404 0
412 0
408 0
393 0
399 0
399 0
388 0
394 0
389 0
378 0
381 0
390 0
389 0
390 0
400 0
399 0
389 0
398 0
397 0
384 0
395 0
401 0
389 0
393 0
395 0
389 0
397 0
411 0
414 0
413 0
414 0
403 0
389 0
400 0
404 0
393 0
401 0
401 0
389 0
398 0
401 0
390 0
390 0
396 0
395 0
393 0
404 0
403 0
392 0
405 0
412 0
407 0
414 0
412 0
398 0
405 0
407 0
398 0
393 0
390 0
377 0
367 0
373 0
371 0
364 0
379 0
385 0
378 0
392 0
398 0
387 0
392 0
401 0
404 0
409 0
416 0
412 0
411 0
424 0
424 0
411 0
417 0
413 0
398 0
400 0
398 0
382 0
386 0
390 0
384 0
384 0
387 0
381 0
373 0
387 0
397 0
394 0
403 0
400 0
384 0
392 0
396 0
391 0
401 0
406 0
409 0
411 0
413 0
401 0
391 0
400 0
400 0
392 0
403 0
404 0
386 0
390 0
390 0
379 0
384 0
387 0
380 0
377 0
386 0
388 0
390 0
405 0
410 0
404 0
417 0
415 0
399 0
403 0
406 0
398 0
405 0
407 0
393 0
385 0
391 0
394 0
392 0
405 0
404 0
388 0
395 0
393 0
382 0
391 0
394 0
386 0
389 0
394 0
389 0
390 0
401 0
405 0
401 0
407 0
399 0
382 0
393 0
403 0
397 0
406 0
404 0
389 0
392 0
398 0
392 0
389 0
397 0
399 0
398 0
412 0
411 0
393 0
397 0
399 0
393 0
405 0
409 0
394 0
391 0
396 0
391 0
387 0
393 0
391 0
382 0
394 0
398 0
388 0
400 0
403 0
391 0
394 0
396 0
386 0
392 0
399 0
396 0
395 0
404 0
401 0
392 0
404 0
407 0
397 0
406 0
404 0
387 0
391 0
392 0
386 0
389 0
395 0
392 0
388 0
396 0
395 0
387 0
401 0
403 0
391 0
408 0
403 0
389 0
396 0
404 0
401 0
403 0
407 0
404 0
395 0
409 0
412 0
409 0
410 0
409 0
396 0
405 0
408 0
397 0
398 0
396 0
388 0
392 0
396 0
388 0
381 0
391 0
395 0
388 0
401 0
402 0
392 0
407 0
415 0
410 0
406 0
403 0
388 0
388 0
387 0
384 0
380 0
394 0
401 0
396 0
406 0
403 0
383 0
389 0
390 0
387 0
402 0
415 0
413 0
416 0
422 0
415 0
406 0
410 0
404 0
386 0
386 0
380 0
365 0
379 0
381 0
377 0
382 0
383 0
375 0
380 0
396 0
406 0
408 0
417 0
412 0
398 0
415 0
413 0
399 0
408 0
417 0
400 0
407 0
414 0
408 0
404 0
408 0
404 0
395 0
400 0
395 0
378 0
389 0
390 0
383 0
393 0
397 0
388 0
396 0
408 0
409 0
414 0
429 0
422 0
412 0
415 0
412 0
387 0
395 0
401 0
396 0
406 0
402 0
383 0
377 0
381 0
379 0
384 0
395 0
395 0
392 0
409 0
411 0
397 0
408 0
403 0
386 0
388 0
390 0
381 0
386 0
397 0
399 0
399 0
406 0
400 0
387 0
395 0
399 0
390 0
403 0
402 0
389 0
398 0
401 0
395 0
400 0
407 0
403 0
401 0
409 0
402 0
388 0
397 0
401 0
391 0
403 0
401 0
385 0
391 0
398 0
397 0
402 0
407 0
398 1
391 1
396 1
391 1
379 1
391 1
394 1
386 1
400 1
400 1
387 1
393 1
401 1
402 1
409 1
416 1
407 1
395 1
398 1
396 1
385 1
400 1
400 1
388 1
395 1
393 1
379 1
385 1
389 1
385 1
394 1
405 1
405 1
404 1
414 1
414 1
400 1
407 1
403 1
385 1
395 1
402 1
395 1
400 1
401 1
389 1
387 1
392 1
386 1
383 1
395 1
402 1
396 1
408 1
405 1
388 1
396 1
402 1
394 1
400 1
405 1
396 1
395 1
404 1
402 1
397 1
406 1
407 1
395 1
408 1
404 1
387 1
390 1
392 1
383 1
391 1
396 1
389 1
392 1
404 1
406 1
403 1
411 1
401 1
382 1
391 1
393 1
380 1
390 1
394 1
384 1
388 1
394 1
388 1
385 1
391 1
390 1
387 1
398 1
398 1
385 1
394 1
397 1
386 1
399 1
399 1
385 1
391 1
402 1
403 1
408 1
416 1
409 1
396 1
401 1
401 1
387 1
397 1
404 1
403 1
417 1
421 1
407 1
402 1
400 1
393 1
393 1
399 1
390 1
379 1
389 1
393 1
387 1
404 1
413 1
404 1
411 1
411 1
400 1
402 1
408 1
405 1
405 1
412 1
404 1
389 1
392 1
391 1
380 1
395 1
396 1
380 1
382 1
381 1
372 1
378 1
390 1
392 1
394 1
405 1
405 1
397 1
410 1
415 1
404 1
412 1
408 1
391 1
392 1
394 1
388 1
396 1
400 1
391 1
389 1
400 1
403 1
398 1
412 1
417 1
406 1
414 1
410 1
389 1
388 1
387 1
383 1
386 1
390 1
383 1
377 1
385 1
391 1
387 1
403 1
405 1
393 1
403 1
404 1
391 1
396 1
398 1
388 1
390 1
396 1
389 1
389 1
402 1
413 1
411 1
426 1
423 1
401 1
400 1
397 1
384 1
382 1
379 1
369 1
374 1
390 1
398 1
401 1
413 1
411 1
400 1
411 1
407 1
389 1
396 1
403 1
399 1
406 1
408 1
395 1
391 1
400 1
404 1
401 1
407 1
398 1
379 1
387 1
389 1
379 1
393 1
399 1
392 1
402 1
405 1
396 1
394 1
402 1
401 1
398 1
403 1
395 1
373 1
382 1
389 1
382 1
395 1
400 1
391 1
397 1
404 1
401 1
404 1
412 1
411 1
405 1
412 1
405 1
388 1
399 1
403 1
395 1
401 1
398 1
380 1
381 1
389 1
390 1
391 1
396 1
390 1
382 1
393 1
396 1
390 1
407 1
414 1
407 1
419 1
419 1
405 1
405 1
409 1
407 1
405 1
408 1
397 1
382 1
389 1
393 1
384 1
396 1
400 1
392 1
406 1
416 1
415 1
420 1
423 1
411 1
403 1
402 1
394 1
382 1
393 1
396 1
387 1
398 1
393 1
376 1
381 1
389 1
384 1
384 1
385 1
377 1
375 1
386 1
389 1
384 1
398 1
406 1
400 1
414 1
413 1
394 1
396 1
398 1
390 1
396 1
404 1
397 1
394 1
403 1
401 1
392 1
398 1
399 1
389 1
399 1
402 1
389 1
394 1
399 1
394 1
400 1
407 1
401 1
398 1
404 1
404 1
394 1
403 1
399 1
382 1
390 1
396 1
389 1
400 1
402 1
390 1
389 1
393 1
389 1
386 1
398 1
399 1
389 1
399 1
395 1
380 1
388 1
396 1
393 1
403 1
403 1
390 1
390 1
400 1
401 1
400 1
411 1
410 1
401 1
410 1
410 1
394 1
403 1
409 1
400 1
402 1
396 1
377 1
368 1
373 1
378 1
384 1
397 1
397 1
387 1
404 1
410 1
400 1
412 1
412 1
398 1
401 1
403 1
396 1
395 1
402 1
403 1
400 1
410 1
408 1
390 1
401 1
402 1
391 1
397 1
391 1
374 1
375 1
381 1
379 1
389 1
403 1
403 1
402 1
412 1
412 1
399 1
409 1
415 1
401 1
408 1
406 1
390 1
389 1
393 1
392 1
394 1
399 1
394 1
387 1
396 1
401 1
393 1
404 1
407 1
394 1
398 1
394 1
374 1
376 1
388 1
391 1
400 1
410 1
408 1
400 1
411 1
419 1
407 1
414 1
406 1
389 1
394 1
399 1
390 1
395 1
401 1
391 1
390 1
396 1
388 1
378 1
391 1
401 1
398 1
414 1
415 1
394 1
394 1
398 1
392 1
395 1
396 1
389 1
385 1
392 1
392 1
388 1
399 1
402 1
392 1
401 1
400 1
390 1
402 1
412 1
407 1
409 1
412 1
398 1
393 1
403 1
406 1
400 1
409 1
410 1
395 1
406 1
411 1
403 1
408 1
404 1
389 1
387 1
386 1
375 1
369 1
379 1
381 1
379 1
394 1
394 1
384 1
397 1
409 1
406 1
415 1
417 1
405 1
402 1
404 1
396 1
391 1
401 1
405 1
398 1
407 1
402 1
386 1
396 1
400 1
397 1
408 1
411 1
397 1
392 1
398 1
395 1
394 1
405 1
404 1
390 1
396 1
398 1
385 1
396 1
404 1
397 1
404 1
398 1
381 1
379 1
389 1
395 1
399 1
408 1
404 1
391 1
403 1
408 1
397 1
409 1
410 1
395 1
400 1
403 1
395 1
396 1
402 1
397 1
391 1
395 1
391 1
380 1
389 1
398 1
392 1
401 1
399 1
384 1
389 1
395 1
394 1
398 1
407 1
402 1
396 1
405 1
404 1
394 1
408 1
413 1
405 1
414 1
416 1
405 1
407 1
411 1
408 1
407 1
404 1
387 1
370 1
374 1
375 1
373 1
391 1
397 1
388 1
396 1
398 1
386 1
392 1
402 1
403 1
406 1
412 1
405 1
391 1
397 1
399 1
391 1
403 1
403 1
389 1
397 1
402 1
396 1
403 1
403 1
395 1
390 1
396 1
392 1
387 1
403 1
409 1
398 1
405 1
400 1
379 1
382 1
384 1
376 1
377 1
378 1
372 1
377 1
390 1
394 1
391 1
404 1
411 1
405 1
419 1
422 1
407 1
412 1
418 1
408 1
407 1
403 1
387 1
378 1
385 1
388 1
386 1
397 1
394 1
378 1
386 1
389 1
381 1
391 1
396 1
391 1
397 1
401 1
390 1
383 1
393 1
397 1
396 1
413 1
417 1
403 1
410 1
414 1
406 1
413 1
412 1
397 1
394 1
393 1
385 1
385 1
395 1
395 1
385 1
393 1
392 1
380 1
395 1
401 1
395 1
404 1
401 1
385 1
383 1
389 1
390 1
389 1
398 1
393 1
382 1
393 1
401 1
401 1
416 1
423 1
413 1
416 1
412 1
400 1
397 1
401 1
397 1
395 1
401 1
395 1
379 1
386 1
392 1
384 1
396 1
397 1
386 1
392 1
397 1
392 1
395 1
405 1
404 1
403 1
408 1
400 1
385 1
395 1
399 1
391 1
403 1
402 1
386 1
388 1
392 1
388 1
390 1
397 1
396 1
392 1
400 1
397 1
383 1
393 1
400 1
396 1
409 1
407 1
387 1
387 1
389 1
389 1
398 1
406 1
399 1
387 1
391 1
389 1
379 1
390 1
394 1
385 1
395 1
399 1
392 1
402 1
414 1
417 1
422 1
428 1
421 1
415 1
423 1
426 1
416 1
419 1
410 1
386 1
393 1
397 1
389 1
393 1
393 1
378 1
371 1
375 1
371 1
364 1
375 1
381 1
376 1
391 1
391 1
377 1
385 1
395 1
395 1
409 1
419 1
414 1
410 1
410 1
401 1
392 1
403 1
403 1
394 1
405 1
406 1
391 1
400 1
406 1
402 1
406 1
408 1
396 1
386 1
392 1
393 1
391 1
403 1
401 1
388 1
399 1
402 1
393 1
404 1
406 1
393 1
393 1
392 1
381 1
375 1
382 1
383 1
379 1
395 1
402 1
394 1
406 1
413 1
408 1
419 1
423 1
410 1
409 1
407 1
394 1
390 1
397 1
396 1
390 1
400 1
399 1
385 1
394 1
401 1
393 1
402 1
402 1
386 1
381 1
386 1
384 1
385 1
395 1
391 1
380 1
389 1
390 1
382 1
399 1
406 1
399 1
406 1
405 1
394 1
394 1
404 1
404 1
400 1
402 1
391 1
372 1
382 1
389 1
384 1
403 1
409 1
397 1
399 1
395 1
383 1
385 1
392 1
392 1
392 1
403 1
400 1
388 1
401 1
402 1
390 1
403 1
406 1
393 1
397 1
399 1
400 1
405 1
410 1
402 1
395 1
400 1
399 1
392 1
402 1
407 1
396 1
406 1
408 1
392 1
397 1
403 1
401 1
405 1
412 1
404 1
396 1
402 1
401 1
390 1
396 1
398 1
386 1
397 1
401 1
391 1
396 1
402 1
398 1
400 1
403 1
392 1
381 1
391 1
394 1
392 1
406 1
406 1
389 1
390 1
394 1
387 1
396 1
406 1
406 1
406 1
410 1
402 1
392 1
400 1
400 1
390 1
394 1
389 1
371 1
381 1
390 1
388 1
398 1
402 1
392 1
391 1
404 1
405 1
403 1
414 1
414 1
399 1
402 1
400 1
385 1
394 1
403 1
398 1
403 1
405 1
393 1
390 1
399 1
402 1
400 1
409 1
402 1
377 1
384 1
385 1
378 1
390 1
395 1
387 1
390 1
398 1
395 1
394 1
405 1
406 1
401 1
409 1
408 1
396 1
405 1
408 1
394 1
401 1
403 1
393 1
397 1
404 1
399 1
396 1
405 1
406 1
397 1
402 1
392 1
369 1
377 1
384 1
380 1
393 1
399 1
389 1
392 1
401 1
401 1
405 1
413 1
404 1
389 1
397 1
394 1
381 1
392 1
396 1
383 1
389 1
394 1
387 1
394 1
406 1
409 1
409 1
418 1
414 1
399 1
404 1
402 1
388 1
394 1
391 1
376 1
383 1
387 1
381 1
389 1
402 1
400 1
400 1
411 1
405 1
391 1
401 1
405 1
398 1
412 1
416 1
403 1
405 1
407 1
398 1
396 1
395 1
383 1
373 1
378 1
377 1
369 1
387 1
395 1
390 1
403 1
406 1
393 1
399 1
407 1
405 1
412 1
419 1
408 1
395 1
398 1
398 1
392 1
408 1
411 1
397 1
403 1
405 1
396 1
401 1
403 1
393 1
390 1
390 1
380 1
374 1
387 1
394 1
392 1
405 1
411 1
401 1
410 1
413 1
401 1
403 1
405 1
399 1
394 1
397 1
393 1
392 1
405 1
409 1
399 1
406 1
399 1
378 1
388 1
395 1
392 1
403 1
407 1
395 1
388 1
392 1
391 1
389 1
401 1
403 1
393 1
408 1
412 1
399 1
408 1
407 1
396 1
399 1
400 1
390 1
389 1
397 1
397 1
