4 0
374 0
37 0
374 0
374 0
374 0
375 0
378 0
378 0
377 0
376 0
375 0
372 0
372 0
371 0
372 0
373 0
375 0
376 0
377 0
376 0
376 0
377 0
377 0
376 0
374 0
374 0
374 0
561 0
581 0
599 0
617 0
636 0
652 0
669 0
687 0
703 0
717 0
733 0
747 0
761 0
844 0
897 0
725 0
426 0
127 0
0 0
0 0
0 0
0 0
0 0
0 0
53 0
202 0
412 0
615 0
796 0
950 0
1023 0
1023 0
1023 0
1023 0
1023 0
1023 0
1023 0
1023 0
1023 0
1023 0
836 0
400 0
23 0
0 0
0 0
0 0
0 0
0 0
0 0
0 0
0 0
0 0
0 0
0 0
0 0
0 0
0 0
0 0
0 0
0 0
0 0
0 0
0 0
0 0
0 0
0 0
0 0
0 0
0 0
0 0
0 0
0 0
0 0
0 0
0 0
0 0
0 0
0 0
0 0
0 0
47 0
319 0
729 0
1023 0
1023 0
1023 0
1023 0
1023 0
1023 0
934 0
709 0
496 0
322 0
191 0
100 0
40 0
11 0
0 0
0 0
0 0
0 0
0 0
0 0
0 0
3 0
23 0
68 0
127 0
209 0
288 0
355 0
415 0
461 0
496 0
525 0
543 0
549 0
549 0
530 0
506 0
475 0
434 0
398 0
365 0
335 0
314 0
298 0
289 0
284 0
284 0
288 0
295 0
301 0
310 0
320 0
331 0
341 0
351 0
361 0
364 0
368 0
370 0
372 0
371 0
371 0
367 0
365 0
362 0
360 0
356 0
351 0
351 0
354 0
359 0
363 0
369 0
370 0
375 0
373 0
371 0
372 0
367 0
363 0
359 0
359 0
356 0
357 0
357 0
363 0
366 0
371 0
377 0
380 0
381 0
383 0
384 0
381 0
376 0
373 0
371 0
365 0
364 0
362 0
360 0
360 0
358 0
356 0
348 0
341 0
336 0
338 0
343 0
354 0
365 0
374 0
379 0
383 0
388 0
387 0
392 0
393 0
395 0
384 0
364 0
338 0
319 0
304 0
305 0
320 0
337 0
357 0
379 0
404 0
423 0
443 0
456 0
463 0
461 0
450 0
435 0
413 0
391 0
376 0
372 0
366 0
364 0
363 0
359 0
356 0
354 0
353 0
354 0
352 0
353 0
356 0
355 0
353 0
349 0
346 0
344 0
345 0
345 0
350 0
353 0
359 0
366 0
371 0
376 0
379 0
383 0
384 0
384 0
384 0
383 0
377 0
372 0
361 0
330 0
280 0
227 0
199 0
215 0
272 0
352 0
432 0
494 0
532 0
549 0
548 0
535 0
513 0
490 0
464 0
435 0
408 0
387 0
367 0
350 0
338 0
328 0
322 0
322 0
326 0
328 0
335 0
340 0
349 0
353 0
358 0
363 0
368 0
370 0
372 0
375 0
375 0
375 0
375 0
377 0
374 0
374 0
373 0
373 0
373 0
371 0
369 0
367 0
364 0
361 0
359 0
356 0
353 0
351 0
352 0
352 0
354 0
357 0
364 0
367 0
372 0
374 0
373 0
372 0
369 0
368 0
364 0
363 0
362 0
360 0
357 0
354 0
355 0
352 0
353 0
358 0
363 0
367 0
373 0
378 0
384 0
388 0
392 0
396 0
396 0
395 0
393 0
391 0
389 0
386 0
382 0
382 0
377 0
370 0
363 0
352 0
345 0
342 0
343 0
348 0
354 0
360 0
368 0
374 0
380 0
385 0
388 0
390 0
390 0
389 0
388 0
385 0
382 0
380 0
378 0
377 0
379 0
380 0
379 0
378 0
377 0
375 0
374 0
375 0
376 0
375 0
370 0
365 0
361 0
357 0
356 0
356 0
357 0
360 0
363 0
369 0
374 0
379 0
384 0
387 0
388 0
390 0
389 0
387 0
385 0
382 0
378 0
375 0
372 0
371 0
369 0
366 0
364 0
362 0
363 0
362 0
363 0
366 0
368 0
369 0
371 0
372 0
371 0
370 0
371 0
370 0
374 0
374 0
376 0
376 0
374 0
373 0
371 0
370 0
369 0
367 0
367 0
368 0
369 0
372 0
374 0
373 0
373 0
373 0
370 0
370 0
368 0
368 0
368 0
370 0
372 0
373 0
369 0
362 0
355 0
347 0
343 0
346 0
353 0
363 0
372 0
380 0
387 0
389 0
391 0
390 0
388 0
384 0
377 0
368 0
358 0
352 0
348 0
349 0
355 0
361 0
371 0
376 0
383 0
388 0
389 0
391 0
386 0
384 0
383 0
379 0
377 0
374 0
370 0
365 0
363 0
364 0
362 0
362 0
364 0
367 0
367 0
368 0
370 0
371 0
372 0
374 0
376 0
377 0
377 0
375 0
375 0
373 0
372 0
371 0
372 0
371 0
372 0
373 0
372 0
372 0
370 0
370 0
367 0
368 0
369 0
371 0
371 0
372 0
372 0
369 0
367 0
364 0
362 0
361 0
361 0
363 0
366 0
366 0
369 0
371 0
371 0
370 0
369 0
370 0
368 0
367 0
367 0
368 0
366 0
367 0
370 0
373 0
374 0
376 0
377 0
377 0
376 0
375 0
374 0
372 0
370 0
369 0
368 0
365 0
364 0
362 0
362 0
360 0
361 0
363 0
363 0
364 0
363 0
364 0
362 0
361 0
362 0
361 0
361 0
364 0
367 0
369 0
372 0
372 0
371 0
366 0
362 0
359 0
355 0
348 0
340 0
333 0
327 0
324 0
325 0
329 0
332 0
333 0
335 0
339 0
343 0
348 0
355 0
361 0
364 0
370 0
377 0
385 0
394 0
403 0
413 0
419 0
421 0
424 0
424 0
422 0
420 0
421 0
418 0
414 0
411 0
408 0
402 0
397 0
393 0
388 0
385 0
381 0
379 0
376 0
374 0
373 0
373 0
373 0
373 0
372 0
368 0
362 0
355 0
347 0
340 0
335 0
333 0
335 0
337 0
343 0
350 0
360 0
368 0
377 0
382 0
385 0
389 0
390 0
391 0
391 0
390 0
390 0
391 0
388 0
387 0
387 0
385 0
382 0
381 0
381 0
378 0
376 0
377 0
376 0
375 0
372 0
372 0
369 0
368 0
368 0
368 0
368 0
367 0
368 0
367 0
364 0
362 0
360 0
359 0
359 0
359 0
361 0
364 0
366 0
371 0
375 0
381 0
391 0
401 0
412 0
421 0
428 0
435 0
442 0
443 0
444 0
442 0
435 0
423 0
410 0
397 0
383 0
368 0
356 0
340 0
322 0
301 0
282 0
266 0
259 0
264 0
284 0
314 0
348 0
379 0
405 0
419 0
425 0
426 0
419 0
412 0
403 0
396 0
387 0
376 0
368 0
361 0
353 0
346 0
343 0
336 0
332 0
327 0
325 0
324 0
325 0
327 0
334 0
337 0
341 0
352 0
356 0
364 0
372 0
377 0
383 0
386 0
388 0
393 0
392 0
392 0
391 0
388 0
385 0
384 0
382 0
381 0
379 0
378 0
378 0
376 0
374 0
374 0
370 0
368 0
367 0
368 0
370 0
371 0
375 0
381 0
383 0
386 0
386 0
385 0
380 0
376 0
373 0
372 0
369 0
370 0
373 0
371 0
371 0
371 0
368 0
361 0
353 0
344 0
334 0
329 0
331 0
340 0
347 0
355 0
362 0
369 0
376 0
386 0
396 0
407 0
416 0
424 0
432 0
435 0
431 0
424 0
409 0
393 0
380 0
370 0
362 0
353 0
343 0
331 0
317 0
301 0
289 0
276 0
266 0
257 0
246 0
239 0
234 0
231 0
229 0
225 0
214 0
188 0
133 0
56 0
1 0
0 0
0 0
0 0
0 0
0 0
0 0
0 0
0 0
0 0
0 0
0 0
0 0
0 0
0 0
0 0
0 0
0 0
25 0
215 0
477 0
738 0
972 0
1023 0
1023 0
1023 0
1023 0
1023 0
1023 0
1023 0
1023 0
1023 0
907 0
796 0
719 0
702 0
762 0
914 0
1023 0
1023 0
1023 0
1023 0
1023 0
1023 0
964 0
678 0
380 0
128 0
0 0
0 0
0 0
0 0
0 0
0 0
0 0
0 0
0 0
0 0
0 0
0 0
0 0
0 0
0 0
0 0
0 0
0 0
0 0
19 0
58 0
99 0
136 0
180 0
215 0
245 0
268 0
286 0
300 0
308 0
312 0
313 0
313 0
313 0
315 0
320 0
325 0
326 0
325 0
325 0
323 0
322 0
324 0
330 0
334 0
336 0
337 0
333 0
324 0
317 0
312 0
308 0
305 0
301 0
296 0
292 0
295 0
305 0
329 0
358 0
389 0
422 0
451 0
475 0
494 0
506 0
511 0
507 0
496 0
483 0
461 0
436 0
406 0
369 0
323 0
276 0
239 0
218 0
217 0
229 0
248 0
267 0
287 0
316 0
357 0
404 0
452 0
494 0
521 0
529 0
523 0
506 0
478 0
448 0
420 0
393 0
368 0
349 0
333 0
324 0
318 0
317 0
321 0
326 0
331 0
336 0
344 0
348 0
351 0
355 0
359 0
361 0
365 0
367 0
369 0
369 0
371 0
371 0
369 0
369 0
368 0
367 0
364 0
360 0
359 0
358 0
356 0
357 0
360 0
363 0
366 0
369 0
373 0
374 0
375 0
376 0
378 0
379 0
381 0
383 0
381 0
378 0
372 0
364 0
356 0
347 0
340 0
336 0
331 0
331 0
336 0
345 0
358 0
374 0
388 0
403 0
413 0
419 0
424 0
420 0
416 0
408 0
398 0
386 0
377 0
369 0
365 0
360 0
358 0
357 0
354 0
353 0
354 0
355 0
356 0
358 0
358 0
358 0
357 0
355 0
355 0
355 0
356 0
358 0
361 0
364 0
367 0
370 0
372 0
372 0
374 0
378 0
381 0
386 0
392 0
395 0
395 0
393 0
388 0
385 0
379 0
372 0
367 0
362 0
357 0
352 0
349 0
345 0
345 0
346 0
351 0
356 0
362 0
369 0
373 0
378 0
381 0
383 0
382 0
380 0
376 0
374 0
372 0
372 0
375 0
379 0
385 0
392 0
398 0
399 0
398 0
395 0
392 0
386 0
383 0
382 0
378 0
378 0
376 0
375 0
373 0
372 0
369 0
366 0
360 0
352 0
347 0
340 0
337 0
338 0
344 0
350 0
358 0
367 0
375 0
380 0
385 0
389 0
389 0
388 0
387 0
385 0
383 0
380 0
376 0
375 0
370 0
366 0
363 0
363 0
364 0
368 0
371 0
370 0
367 0
362 0
362 0
365 0
369 0
376 0
381 0
386 0
389 0
388 0
385 0
380 0
375 0
373 0
370 0
366 0
367 0
368 0
368 0
366 0
358 0
346 0
329 0
315 0
305 0
297 0
286 0
270 0
256 0
253 0
271 0
314 0
373 0
433 0
486 0
524 0
542 0
542 0
532 0
515 0
490 0
465 0
440 0
417 0
396 0
377 0
362 0
350 0
340 0
335 0
332 0
331 0
330 0
330 0
332 0
335 0
339 0
344 0
350 0
353 0
356 0
360 0
362 0
364 0
367 0
367 0
367 0
367 0
367 0
366 0
365 0
365 0
365 0
366 0
366 0
368 0
371 0
372 0
372 0
374 0
375 0
373 0
373 0
372 0
371 0
371 0
371 0
373 0
372 0
372 0
372 0
370 0
368 0
369 0
368 0
368 0
367 0
365 0
365 0
363 0
364 0
364 0
366 0
368 0
371 0
373 0
374 0
376 0
376 0
377 0
375 0
375 0
375 0
375 0
375 0
374 0
373 0
373 0
371 0
370 0
372 0
371 0
370 0
369 0
370 0
368 0
368 0
367 0
368 0
367 0
369 0
371 0
371 0
373 0
373 0
374 0
374 0
373 0
373 0
373 0
373 0
371 0
372 0
371 0
372 0
371 0
371 0
372 0
371 0
372 0
372 0
372 0
372 0
373 0
373 0
373 0
372 0
372 0
371 0
371 0
370 0
372 0
372 0
371 0
372 0
372 0
370 0
369 0
368 0
367 0
368 0
366 0
368 0
369 0
369 0
369 0
369 0
369 0
371 0
373 0
373 0
374 0
371 0
372 0
368 0
367 0
368 0
368 0
370 0
373 0
375 0
377 0
378 0
375 0
376 0
373 0
372 0
369 0
367 0
364 0
362 0
361 0
361 0
354 0
349 0
342 0
340 0
337 0
339 0
346 0
356 0
367 0
379 0
390 0
398 0
400 0
400 0
395 0
387 0
376 0
366 0
356 0
351 0
353 0
362 0
370 0
378 0
382 0
382 0
381 0
381 0
383 0
386 0
388 0
389 0
387 0
381 0
375 0
369 0
366 0
366 0
367 0
370 0
368 0
364 0
356 0
350 0
346 0
348 0
356 0
364 0
373 0
381 0
390 0
394 0
395 0
393 0
384 0
370 0
355 0
342 0
334 0
329 0
324 0
323 0
323 0
321 0
319 0
314 0
314 0
324 0
345 0
373 0
408 0
446 0
490 0
526 0
554 0
565 0
561 0
544 0
512 0
479 0
444 0
408 0
377 0
349 0
327 0
310 0
297 0
294 0
293 0
295 0
299 0
304 0
310 0
316 0
325 0
330 0
335 0
339 0
344 0
349 0
352 0
355 0
358 0
361 0
360 0
360 0
361 0
364 0
366 0
366 0
368 0
367 0
368 0
371 0
372 0
374 0
375 0
377 0
380 0
378 0
377 0
373 0
367 0
360 0
358 0
355 0
358 0
365 0
375 0
383 0
391 0
392 0
388 0
371 0
344 0
311 0
273 0
241 0
224 0
231 0
267 0
322 0
391 0
455 0
500 0
527 0
537 0
528 0
515 0
502 0
496 0
491 0
484 0
474 0
460 0
440 0
416 0
392 0
369 0
351 0
334 0
324 0
313 0
307 0
307 0
310 0
315 0
325 0
334 0
341 0
349 0
354 0
359 0
360 0
358 0
352 0
347 0
339 0
333 0
327 0
325 0
321 0
319 0
317 0
315 0
312 0
311 0
311 0
306 0
298 0
287 0
273 0
263 0
259 0
264 0
271 0
282 0
292 0
300 0
304 0
312 0
328 0
350 0
368 0
376 0
371 0
351 0
327 0
311 0
312 0
335 0
387 0
460 0
549 0
634 0
705 0
747 0
752 0
723 0
678 0
635 0
602 0
582 0
572 0
567 0
551 0
528 0
498 0
463 0
422 0
380 0
342 0
307 0
275 0
252 0
237 0
227 0
222 0
223 0
231 0
240 0
253 0
267 0
282 0
295 0
308 0
317 0
324 0
331 0
336 0
340 0
345 0
347 0
349 0
352 0
355 0
356 0
360 0
361 0
361 0
363 0
364 0
363 0
361 0
362 0
364 0
365 0
368 0
368 0
367 0
365 0
367 0
364 0
365 0
363 0
362 0
364 0
364 0
365 0
366 0
368 0
369 0
370 0
371 0
370 0
369 0
369 0
371 0
369 0
370 0
369 0
368 0
367 0
370 0
368 0
368 0
370 0
372 0
370 0
370 0
370 0
369 0
371 0
371 0
372 0
375 0
376 0
375 0
376 0
377 0
376 0
375 0
375 0
373 0
372 0
372 0
373 0
374 0
374 0
375 0
377 0
373 0
371 0
369 0
369 0
366 0
364 0
363 0
361 0
360 0
363 0
366 0
368 0
368 0
368 0
370 0
371 0
369 0
369 0
367 0
366 0
362 0
367 0
361 0
362 0
364 0
368 0
370 0
374 0
378 0
381 0
381 0
382 0
382 0
382 0
381 0
380 0
383 0
381 0
380 0
380 1
380 1
380 1
376 1
376 1
375 1
374 1
371 1
373 1
370 1
373 1
373 1
375 1
374 1
374 1
376 1
380 1
378 1
377 1
377 1
373 1
368 1
365 1
360 1
356 1
353 1
352 1
353 1
353 1
355 1
357 1
359 1
362 1
368 1
371 1
376 1
378 1
381 1
385 1
385 1
384 1
384 1
383 1
382 1
380 1
380 1
377 1
373 1
369 1
368 1
364 1
363 1
364 1
365 1
368 1
371 1
376 1
379 1
382 1
385 1
387 1
387 1
389 1
389 1
386 1
383 1
377 1
371 1
361 1
343 1
323 1
307 1
297 1
304 1
320 1
341 1
363 1
384 1
399 1
410 1
416 1
419 1
422 1
418 1
415 1
407 1
400 1
391 1
381 1
375 1
367 1
360 1
357 1
355 1
353 1
353 1
354 1
355 1
351 1
349 1
346 1
342 1
341 1
344 1
352 1
359 1
368 1
378 1
391 1
400 1
407 1
413 1
415 1
412 1
407 1
404 1
397 1
390 1
386 1
381 1
373 1
368 1
362 1
359 1
353 1
352 1
353 1
352 1
353 1
356 1
359 1
360 1
361 1
361 1
362 1
363 1
362 1
364 1
362 1
358 1
353 1
347 1
340 1
335 1
334 1
342 1
353 1
366 1
380 1
388 1
391 1
390 1
387 1
383 1
378 1
371 1
366 1
353 1
341 1
324 1
306 1
292 1
285 1
291 1
306 1
317 1
276 1
135 1
0 1
0 1
0 1
0 1
0 1
0 1
0 1
0 1
0 1
0 1
217 1
718 1
1023 1
1023 1
1023 1
1023 1
1023 1
1023 1
1023 1
980 1
761 1
549 1
375 1
240 1
140 1
63 1
19 1
0 1
0 1
0 1
0 1
0 1
0 1
0 1
31 1
108 1
227 1
342 1
437 1
507 1
546 1
562 1
561 1
543 1
515 1
480 1
443 1
406 1
374 1
349 1
328 1
312 1
301 1
295 1
288 1
288 1
292 1
298 1
307 1
316 1
325 1
333 1
339 1
344 1
349 1
353 1
355 1
358 1
359 1
358 1
357 1
358 1
363 1
367 1
375 1
384 1
384 1
387 1
380 1
372 1
357 1
343 1
332 1
325 1
325 1
332 1
345 1
357 1
367 1
366 1
362 1
358 1
360 1
366 1
378 1
389 1
399 1
408 1
411 1
410 1
405 1
398 1
387 1
375 1
362 1
349 1
332 1
317 1
301 1
287 1
277 1
273 1
278 1
284 1
291 1
295 1
294 1
289 1
286 1
282 1
288 1
308 1
342 1
385 1
426 1
453 1
463 1
448 1
390 1
267 1
73 1
0 1
0 1
0 1
0 1
0 1
0 1
0 1
3 1
173 1
496 1
781 1
992 1
1023 1
1023 1
1023 1
1023 1
903 1
775 1
643 1
506 1
363 1
230 1
117 1
26 1
0 1
0 1
0 1
0 1
0 1
0 1
14 1
117 1
294 1
470 1
524 1
248 1
0 1
0 1
0 1
0 1
0 1
0 1
0 1
0 1
0 1
468 1
1023 1
1023 1
927 1
699 1
712 1
988 1
1023 1
1023 1
1023 1
1023 1
1023 1
1023 1
1023 1
1000 1
702 1
458 1
262 1
119 1
29 1
1 1
0 1
0 1
0 1
0 1
0 1
0 1
6 1
19 1
41 1
68 1
95 1
121 1
150 1
174 1
199 1
218 1
235 1
249 1
260 1
267 1
272 1
274 1
277 1
285 1
293 1
304 1
315 1
327 1
337 1
347 1
358 1
366 1
371 1
376 1
378 1
375 1
368 1
358 1
345 1
329 1
317 1
306 1
297 1
291 1
287 1
284 1
277 1
256 1
214 1
167 1
143 1
161 1
217 1
292 1
357 1
402 1
421 1
420 1
402 1
379 1
352 1
331 1
325 1
336 1
362 1
388 1
409 1
420 1
418 1
401 1
364 1
306 1
243 1
209 1
224 1
283 1
360 1
432 1
487 1
526 1
547 1
559 1
561 1
536 1
496 1
446 1
386 1
308 1
216 1
127 1
64 1
29 1
4 1
0 1
0 1
0 1
0 1
0 1
0 1
16 1
145 1
331 1
471 1
538 1
536 1
467 1
335 1
148 1
0 1
0 1
0 1
0 1
0 1
0 1
101 1
530 1
1005 1
1023 1
1023 1
1023 1
1023 1
1023 1
1023 1
1023 1
956 1
764 1
582 1
418 1
258 1
85 1
0 1
0 1
0 1
0 1
0 1
0 1
0 1
0 1
0 1
0 1
0 1
0 1
0 1
0 1
0 1
0 1
0 1
0 1
130 1
502 1
897 1
1023 1
1023 1
1023 1
1023 1
1023 1
1023 1
1023 1
1017 1
726 1
476 1
268 1
115 1
19 1
0 1
0 1
0 1
0 1
0 1
0 1
0 1
0 1
0 1
0 1
6 1
21 1
51 1
88 1
124 1
169 1
208 1
239 1
263 1
281 1
293 1
296 1
290 1
279 1
254 1
206 1
128 1
29 1
0 1
0 1
0 1
0 1
0 1
0 1
0 1
0 1
0 1
0 1
0 1
0 1
0 1
47 1
252 1
582 1
924 1
1023 1
1023 1
1023 1
1023 1
1023 1
1023 1
859 1
679 1
529 1
421 1
346 1
297 1
267 1
248 1
235 1
227 1
222 1
219 1
214 1
213 1
210 1
209 1
212 1
220 1
229 1
241 1
253 1
270 1
294 1
324 1
364 1
405 1
442 1
462 1
470 1
464 1
449 1
425 1
394 1
351 1
305 1
267 1
255 1
273 1
315 1
369 1
421 1
452 1
456 1
434 1
389 1
332 1
270 1
216 1
176 1
151 1
144 1
145 1
151 1
161 1
188 1
237 1
298 1
350 1
381 1
400 1
409 1
418 1
425 1
421 1
408 1
400 1
409 1
432 1
467 1
502 1
525 1
535 1
544 1
550 1
551 1
540 1
513 1
478 1
439 1
406 1
388 1
388 1
397 1
411 1
421 1
419 1
405 1
383 1
357 1
326 1
294 1
262 1
232 1
211 1
201 1
207 1
226 1
257 1
297 1
343 1
390 1
432 1
457 1
460 1
432 1
390 1
368 1
377 1
411 1
455 1
494 1
520 1
528 1
522 1
509 1
485 1
459 1
432 1
407 1
382 1
361 1
345 1
330 1
318 1
308 1
303 1
299 1
299 1
301 1
305 1
310 1
316 1
321 1
329 1
335 1
344 1
356 1
364 1
372 1
379 1
383 1
380 1
371 1
360 1
343 1
321 1
299 1
279 1
264 1
258 1
257 1
262 1
267 1
274 1
282 1
289 1
298 1
304 1
311 1
319 1
330 1
345 1
365 1
382 1
390 1
382 1
361 1
338 1
324 1
323 1
336 1
353 1
367 1
378 1
381 1
384 1
389 1
399 1
410 1
420 1
431 1
444 1
452 1
464 1
474 1
476 1
473 1
464 1
447 1
423 1
390 1
355 1
321 1
294 1
283 1
288 1
316 1
361 1
411 1
458 1
468 1
390 1
229 1
62 1
3 1
2 1
33 1
164 1
408 1
658 1
856 1
985 1
1023 1
989 1
903 1
792 1
673 1
571 1
480 1
405 1
338 1
275 1
216 1
168 1
126 1
90 1
69 1
56 1
59 1
77 1
109 1
167 1
225 1
260 1
258 1
224 1
198 1
219 1
301 1
425 1
564 1
682 1
761 1
796 1
790 1
756 1
703 1
637 1
564 1
493 1
421 1
353 1
290 1
237 1
200 1
182 1
184 1
196 1
215 1
236 1
257 1
275 1
294 1
309 1
326 1
337 1
347 1
351 1
352 1
349 1
351 1
349 1
349 1
352 1
353 1
353 1
352 1
348 1
344 1
342 1
336 1
334 1
333 1
333 1
336 1
339 1
342 1
345 1
345 1
345 1
346 1
345 1
344 1
343 1
340 1
316 1
263 1
196 1
150 1
155 1
218 1
319 1
426 1
517 1
574 1
604 1
603 1
585 1
555 1
516 1
471 1
429 1
391 1
356 1
327 1
304 1
289 1
283 1
285 1
296 1
307 1
318 1
327 1
336 1
344 1
348 1
351 1
353 1
344 1
320 1
292 1
278 1
302 1
357 1
428 1
488 1
526 1
539 1
532 1
505 1
471 1
433 1
400 1
374 1
357 1
351 1
355 1
360 1
365 1
368 1
362 1
351 1
338 1
327 1
317 1
312 1
310 1
303 1
291 1
271 1
245 1
220 1
202 1
194 1
191 1
192 1
204 1
240 1
303 1
388 1
481 1
561 1
610 1
620 1
603 1
577 1
552 1
532 1
516 1
506 1
506 1
509 1
493 1
441 1
367 1
305 1
284 1
308 1
351 1
326 1
110 1
0 1
0 1
0 1
0 1
0 1
0 1
0 1
0 1
0 1
0 1
0 1
0 1
0 1
0 1
0 1
0 1
0 1
237 1
808 1
1023 1
1023 1
1023 1
1023 1
1023 1
1023 1
1023 1
1023 1
1023 1
1023 1
701 1
212 1
0 1
0 1
0 1
95 1
511 1
1023 1
1023 1
1023 1
1023 1
1023 1
1023 1
1023 1
1023 1
1023 1
438 1
0 1
0 1
0 1
0 1
0 1
0 1
0 1
0 1
0 1
0 1
0 1
0 1
0 1
0 1
0 1
0 1
0 1
0 1
0 1
0 1
0 1
0 1
0 1
0 1
0 1
0 1
0 1
0 1
0 1
45 1
204 1
388 1
524 1
605 1
629 1
611 1
566 1
508 1
448 1
390 1
342 1
304 1
276 1
259 1
247 1
239 1
235 1
234 1
235 1
238 1
242 1
251 1
264 1
281 1
302 1
326 1
347 1
364 1
378 1
388 1
399 1
415 1
446 1
483 1
524 1
561 1
598 1
638 1
686 1
735 1
765 1
765 1
735 1
672 1
582 1
467 1
318 1
140 1
0 1
0 1
0 1
0 1
0 1
0 1
0 1
0 1
0 1
0 1
10 1
59 1
114 1
191 1
279 1
363 1
429 1
486 1
544 1
615 1
675 1
665 1
523 1
270 1
28 1
0 1
0 1
0 1
107 1
419 1
748 1
992 1
1023 1
1023 1
1023 1
1023 1
909 1
749 1
583 1
426 1
288 1
180 1
104 1
57 1
40 1
32 1
34 1
40 1
50 1
65 1
82 1
106 1
140 1
176 1
206 1
235 1
260 1
281 1
297 1
310 1
320 1
328 1
342 1
354 1
365 1
369 1
366 1
356 1
343 1
328 1
316 1
308 1
303 1
303 1
310 1
322 1
339 1
356 1
370 1
362 1
299 1
159 1
0 1
0 1
0 1
0 1
0 1
0 1
0 1
0 1
0 1
0 1
0 1
261 1
787 1
1023 1
1023 1
1023 1
1023 1
1023 1
1023 1
1023 1
836 1
582 1
363 1
199 1
87 1
30 1
1 1
0 1
0 1
0 1
0 1
0 1
0 1
0 1
0 1
0 1
0 1
0 1
0 1
0 1
5 1
69 1
188 1
346 1
502 1
630 1
712 1
746 1
741 1
700 1
643 1
574 1
513 1
459 1
415 1
380 1
343 1
312 1
282 1
256 1
223 1
178 1
136 1
119 1
148 1
221 1
324 1
429 1
514 1
569 1
589 1
574 1
537 1
495 1
460 1
435 1
422 1
416 1
411 1
405 1
407 1
422 1
451 1
483 1
510 1
529 1
536 1
547 1
565 1
586 1
597 1
591 1
569 1
529 1
477 1
425 1
376 1
334 1
301 1
273 1
252 1
236 1
228 1
228 1
235 1
250 1
269 1
294 1
319 1
346 1
369 1
389 1
400 1
402 1
396 1
384 1
364 1
341 1
320 1
298 1
280 1
265 1
255 1
249 1
247 1
249 1
255 1
261 1
269 1
276 1
285 1
295 1
305 1
317 1
326 1
336 1
342 1
346 1
348 1
348 1
347 1
346 1
340 1
335 1
329 1
323 1
321 1
323 1
323 1
322 1
316 1
311 1
309 1
305 1
306 1
311 1
320 1
330 1
342 1
357 1
371 1
383 1
399 1
420 1
441 1
461 1
470 1
463 1
443 1
417 1
395 1
374 1
354 1
337 1
327 1
322 1
328 1
342 1
359 1
379 1
398 1
416 1
432 1
441 1
444 1
438 1
417 1
384 1
327 1
240 1
138 1
55 1
28 1
41 1
100 1
228 1
378 1
506 1
598 1
646 1
665 1
678 1
698 1
725 1
744 1
746 1
726 1
689 1
636 1
572 1
498 1
417 1
327 1
237 1
150 1
71 1
18 1
0 1
0 1
0 1
0 1
0 1
0 1
0 1
0 1
5 1
52 1
142 1
261 1
375 1
458 1
505 1
520 1
502 1
470 1
436 1
410 1
399 1
405 1
419 1
444 1
472 1
501 1
530 1
554 1
568 1
571 1
564 1
549 1
526 1
500 1
471 1
444 1
415 1
390 1
368 1
353 1
343 1
336 1
334 1
328 1
324 1
319 1
318 1
320 1
327 1
336 1
348 1
359 1
371 1
385 1
394 1
402 1
410 1
415 1
416 1
417 1
416 1
412 1
403 1
394 1
386 1
377 1
370 1
365 1
365 1
362 1
362 1
362 1
369 1
374 1
383 1
392 1
399 1
404 1
407 1
405 1
392 1
376 1
358 1
343 1
328 1
319 1
313 1
308 1
305 1
307 1
312 1
319 1
328 1
338 1
348 1
356 1
362 1
370 1
378 1
384 1
389 1
390 1
389 1
387 1
385 1
385 1
383 1
384 1
386 1
388 1
391 1
393 1
396 1
396 1
394 1
390 1
386 1
379 1
374 1
372 1
371 1
368 1
363 1
360 1
359 1
367 1
391 1
432 1
493 1
572 1
658 1
733 1
782 1
787 1
738 1
625 1
464 1
301 1
184 1
126 1
111 1
102 1
67 1
30 1
0 1
0 1
0 1
0 1
2 1
37 1
122 1
259 1
405 1
547 1
677 1
784 1
843 1
858 1
819 1
732 1
610 1
472 1
325 1
177 1
46 1
0 1
0 1
0 1
0 1
0 1
42 1
137 1
259 1
370 1
453 1
512 1
554 1
580 1
598 1
603 1
601 1
585 1
536 1
446 1
317 1
175 1
54 1
2 1
0 1
0 1
0 1
0 1
4 1
39 1
115 1
224 1
330 1
408 1
439 1
428 1
395 1
361 1
345 1
348 1
364 1
388 1
411 1
440 1
465 1
486 1
503 1
511 1
508 1
488 1
457 1
421 1
384 1
352 1
333 1
332 1
347 1
375 1
411 1
450 1
485 1
515 1
536 1
545 1
541 1
524 1
498 1
460 1
417 1
370 1
324 1
279 1
239 1
206 1
186 1
178 1
183 1
198 1
218 1
243 1
269 1
294 1
317 1
338 1
363 1
389 1
413 1
430 1
440 1
436 1
421 1
397 1
370 1
343 1
321 1
307 1
304 1
311 1
321 1
323 1
314 1
303 1
305 1
324 1
363 1
415 1
468 1
528 1
588 1
642 1
675 1
671 1
615 1
528 1
436 1
361 1
310 1
277 1
254 1
260 1
319 1
427 1
531 1
558 1
468 1
270 1
32 1
0 1
0 1
0 1
0 1
0 1
0 1
0 1
0 1
20 1
180 1
371 1
531 1
645 1
722 1
768 1
787 1
780 1
754 1
713 1
666 1
618 1
572 1
529 1
487 1
452 1
422 1
398 1
377 1
361 1
350 1
343 1
336 1
335 1
333 1
335 1
335 1
338 1
341 1
343 1
344 1
343 1
344 1
342 1
342 1
343 1
347 1
349 1
349 1
351 1
351 1
350 1
350 1
352 1
354 1
359 1
373 1
392 1
413 1
431 1
443 1
445 1
441 1
433 1
420 1
404 1
388 1
370 1
355 1
343 1
331 1
324 1
321 1
318 1
318 1
324 1
332 1
343 1
356 1
368 1
379 1
387 1
389 1
389 1
381 1
370 1
357 1
345 1
341 1
342 1
351 1
360 1
371 1
382 1
393 1
397 1
398 1
397 1
386 1
371 1
353 1
338 1
327 1
320 1
314 1
315 1
319 1
324 1
336 1
347 1
355 1
357 1
358 1
359 1
368 1
406 1
491 1
615 1
764 1
898 1
990 1
1014 1
935 1
766 1
522 1
256 1
47 1
0 1
0 1
0 1
17 1
133 1
311 1
464 1
563 1
610 1
613 1
576 1
512 1
425 1
315 1
171 1
16 1
0 1
0 1
0 1
0 1
0 1
0 1
0 1
0 1
37 1
235 1
500 1
726 1
870 1
913 1
855 1
732 1
584 1
430 1
273 1
112 1
0 1
0 1
0 1
0 1
0 1
0 1
0 1
0 1
0 1
0 1
0 1
8 1
19 1
27 1
25 1
19 1
15 1
28 1
71 1
164 1
341 1
564 1
790 1
988 1
1023 1
1023 1
1023 1
1023 1
1022 1
862 1
721 1
591 1
476 1
383 1
312 1
260 1
225 1
204 1
194 1
193 1
203 1
220 1
244 1
267 1
292 1
322 1
360 1
409 1
459 1
497 1
508 1
490 1
460 1
448 1
488 1
601 1
764 1
929 1
1023 1
1023 1
1010 1
855 1
695 1
522 1
331 1
141 1
1 1
0 1
0 1
0 1
0 1
0 1
0 1
0 1
0 1
10 1
57 1
105 1
156 1
206 1
257 1
315 1
369 1
415 1
443 1
453 1
447 1
428 1
389 1
345 1
301 1
273 1
269 1
281 1
283 1
243 1
138 1
1 1
0 1
0 1
0 1
0 1
0 1
0 1
0 1
0 1
0 1
0 1
0 1
28 1
212 1
449 1
653 1
809 1
911 1
956 1
965 1
957 1
931 1
895 1
853 1
820 1
812 1
826 1
852 1
868 1
850 1
799 1
718 1
617 1
497 1
371 1
246 1
132 1
35 1
0 1
0 1
0 1
0 1
0 1
0 1
0 1
0 1
0 1
0 1
0 1
0 1
0 1
0 1
0 1
2 1
49 1
131 1
223 1
299 1
358 1
410 1
462 1
521 1
569 1
605 1
619 1
604 1
575 1
536 1
502 1
478 1
467 1
464 1
467 1
469 1
472 1
471 1
464 1
447 1
420 1
391 1
367 1
351 1
348 1
352 1
365 1
388 1
412 1
429 1
436 1
428 1
412 1
393 1
376 1
367 1
366 1
373 1
383 1
400 1
419 1
442 1
464 1
480 1
481 1
471 1
451 1
428 1
413 1
404 1
407 1
415 1
423 1
427 1
426 1
420 1
412 1
403 1
390 1
365 1
333 1
300 1
275 1
267 1
277 1
298 1
324 1
350 1
374 1
395 1
405 1
410 1
412 1
408 1
408 1
412 1
422 1
444 1
471 1
510 1
552 1
586 1
604 1
604 1
579 1
531 1
464 1
384 1
297 1
214 1
146 1
101 1
82 1
87 1
104 1
139 1
181 1
225 1
268 1
308 1
344 1
371 1
390 1
398 1
402 1
401 1
398 1
387 1
379 1
379 1
391 1
410 1
428 1
441 1
446 1
440 1
419 1
388 1
357 1
341 1
337 1
353 1
377 1
401 1
418 1
428 1
428 1
422 1
411 1
399 1
388 1
373 1
360 1
349 1
337 1
328 1
324 1
323 1
322 1
321 1
323 1
322 1
320 1
315 1
313 1
311 1
314 1
318 1
324 1
332 1
332 1
305 1
234 1
131 1
45 1
23 0
45 0
113 0
244 0
385 0
503 0
588 0
637 0
661 0
666 0
663 0
657 0
644 0
623 0
593 0
559 0
516 0
470 0
425 0
383 0
346 0
309 0
274 0
246 0
229 0
228 0
246 0
275 0
307 0
334 0
346 0
348 0
345 0
347 0
351 0
359 0
375 0
396 0
418 0
436 0
445 0
441 0
428 0
408 0
389 0
369 0
353 0
341 0
334 0
331 0
334 0
342 0
353 0
368 0
382 0
397 0
413 0
427 0
436 0
437 0
423 0
402 0
373 0
344 0
317 0
299 0
287 0
286 0
293 0
307 0
324 0
344 0
363 0
384 0
403 0
418 0
432 0
444 0
451 0
454 0
454 0
454 0
449 0
443 0
436 0
427 0
416 0
406 0
399 0
392 0
387 0
381 0
377 0
371 0
365 0
361 0
359 0
355 0
352 0
351 0
348 0
346 0
345 0
348 0
352 0
357 0
362 0
368 0
369 0
374 0
375 0
376 0
379 0
382 0
386 0
387 0
386 0
385 0
386 0
386 0
385 0
386 0
387 0
388 0
388 0
391 0
394 0
394 0
395 0
397 0
394 0
389 0
385 0
383 0
384 0
386 0
392 0
394 0
393 0
387 0
385 0
377 0
370 0
365 0
357 0
353 0
351 0
354 0
358 0
352 0
336 0
309 0
270 0
226 0
173 0
123 0
105 0
157 0
299 0
504 0
719 0
891 0
1000 0
1016 0
938 0
827 0
706 0
592 0
490 0
400 0
323 0
258 0
197 0
114 0
4 0
0 0
0 0
0 0
0 0
0 0
0 0
0 0
23 0
203 0
425 0
588 0
664 0
649 0
539 0
359 0
152 0
0 0
0 0
0 0
0 0
0 0
0 0
0 0
0 0
0 0
0 0
0 0
50 0
162 0
303 0
429 0
534 0
610 0
662 0
688 0
697 0
690 0
673 0
654 0
632 0
609 0
586 0
562 0
538 0
515 0
494 0
473 0
455 0
441 0
430 0
423 0
417 0
410 0
403 0
393 0
383 0
374 0
367 0
361 0
361 0
362 0
362 0
359 0
355 0
347 0
337 0
328 0
321 0
315 0
312 0
310 0
305 0
296 0
282 0
264 0
243 0
226 0
216 0
216 0
225 0
243 0
269 0
300 0
339 0
389 0
444 0
492 0
520 0
527 0
517 0
494 0
470 0
450 0
436 0
427 0
423 0
424 0
428 0
428 0
428 0
424 0
419 0
413 0
409 0
406 0
402 0
399 0
396 0
392 0
386 0
379 0
372 0
367 0
362 0
359 0
356 0
351 0
347 0
343 0
339 0
336 0
336 0
337 0
344 0
349 0
358 0
371 0
383 0
395 0
402 0
408 0
410 0
413 0
415 0
418 0
417 0
414 0
411 0
404 0
397 0
391 0
385 0
379 0
377 0
377 0
380 0
382 0
383 0
384 0
382 0
378 0
375 0
371 0
366 0
361 0
358 0
357 0
355 0
353 0
351 0
348 0
345 0
342 0
342 0
342 0
341 0
345 0
349 0
355 0
362 0
371 0
380 0
387 0
392 0
396 0
398 0
401 0
406 0
412 0
412 0
406 0
396 0
383 0
368 0
356 0
347 0
339 0
333 0
331 0
334 0
336 0
340 0
345 0
350 0
357 0
361 0
365 0
366 0
364 0
359 0
357 0
353 0
351 0
349 0
350 0
350 0
349 0
349 0
352 0
352 0
352 0
354 0
358 0
364 0
377 0
394 0
408 0
420 0
426 0
426 0
421 0
414 0
409 0
402 0
399 0
396 0
395 0
392 0
392 0
391 0
392 0
393 0
392 0
394 0
393 0
392 0
391 0
390 0
388 0
384 0
379 0
376 0
370 0
368 0
367 0
365 0
365 0
363 0
366 0
369 0
370 0
372 0
374 0
373 0
369 0
367 0
364 0
361 0
361 0
362 0
360 0
361 0
361 0
363 0
361 0
362 0
363 0
362 0
362 0
361 0
360 0
361 0
362 0
365 0
371 0
374 0
379 0
383 0
385 0
385 0
385 0
385 0
383 0
381 0
383 0
384 0
384 0
383 0
382 0
380 0
375 0
372 0
367 0
364 0
364 0
364 0
369 0
372 0
376 0
381 0
385 0
392 0
400 0
407 0
410 0
408 0
401 0
392 0
382 0
376 0
370 0
368 0
364 0
363 0
364 0
361 0
358 0
359 0
364 0
368 0
370 0
374 0
375 0
375 0
373 0
372 0
372 0
370 0
369 0
369 0
368 0
364 0
362 0
360 0
357 0
357 0
356 0
358 0
363 0
365 0
368 0
370 0
372 0
373 0
373 0
372 0
369 0
368 0
366 0
367 0
366 0
367 0
368 0
367 0
367 0
365 0
361 0
358 0
359 0
362 0
367 0
369 0
374 0
377 0
381 0
388 0
393 0
401 0
410 0
418 0
427 0
432 0
431 0
429 0
426 0
415 0
406 0
397 0
387 0
381 0
375 0
370 0
368 0
365 0
364 0
365 0
363 0
365 0
365 0
368 0
371 0
372 0
373 0
374 0
370 0
366 0
365 0
364 0
369 0
381 0
404 0
437 0
477 0
521 0
554 0
572 0
570 0
547 0
505 0
457 0
404 0
355 0
311 0
275 0
247 0
230 0
215 0
211 0
214 0
218 0
228 0
239 0
252 0
265 0
277 0
290 0
303 0
313 0
326 0
337 0
345 0
353 0
361 0
370 0
379 0
387 0
390 0
388 0
383 0
375 0
368 0
361 0
356 0
352 0
352 0
352 0
350 0
351 0
353 0
353 0
354 0
358 0
360 0
362 0
363 0
365 0
367 0
366 0
367 0
368 0
367 0
369 0
371 0
372 0
372 0
371 0
372 0
369 0
369 0
369 0
369 0
368 0
368 0
366 0
367 0
365 0
364 0
366 0
366 0
367 0
369 0
371 0
370 0
368 0
368 0
366 0
366 0
364 0
365 0
365 0
366 0
368 0
373 0
378 0
380 0
382 0
382 0
382 0
379 0
380 0
376 0
372 0
368 0
368 0
366 0
366 0
365 0
365 0
365 0
365 0
366 0
367 0
369 0
370 0
374 0
376 0
375 0
376 0
376 0
376 0
376 0
375 0
374 0
372 0
372 0
372 0
371 0
369 0
370 0
372 0
370 0
370 0
370 0
372 0
370 0
370 0
372 0
373 0
372 0
371 0
372 0
371 0
370 0
370 0
371 0
370 0
370 0
370 0
368 0
367 0
367 0
367 0
366 0
365 0
364 0
365 0
365 0
366 0
368 0
372 0
371 0
373 0
376 0
378 0
379 0
379 0
379 0
380 0
382 0
386 0
393 0
399 0
403 0
402 0
397 0
388 0
380 0
374 0
367 0
361 0
358 0
356 0
354 0
352 0
352 0
355 0
356 0
360 0
365 0
366 0
368 0
370 0
373 0
374 0
374 0
375 0
375 0
373 0
372 0
373 0
372 0
373 0
374 0
375 0
374 0
374 0
374 0
374 0
373 0
371 0
372 0
371 0
370 0
367 0
367 0
366 0
365 0
366 0
368 0
371 0
374 0
381 0
386 0
389 0
390 0
388 0
383 0
378 0
374 0
373 0
369 0
368 0
367 0
367 0
367 0
368 0
369 0
369 0
368 0
366 0
366 0
364 0
364 0
365 0
365 0
366 0
367 0
369 0
371 0
373 0
377 0
377 0
375 0
373 0
371 0
369 0
368 0
367 0
367 0
370 0
370 0
372 0
375 0
374 0
373 0
372 0
372 0
370 0
369 0
371 0
371 0
369 0
371 0
374 0
375 0
376 0
378 0
377 0
374 0
373 0
372 0
369 0
367 0
365 0
366 0
364 0
363 0
363 0
362 0
362 0
365 0
368 0
370 0
372 0
373 0
378 0
377 0
379 0
379 0
379 0
378 0
378 0
377 0
379 0
378 0
377 0
378 0
376 0
375 0
375 0
376 0
375 0
378 0
384 0
393 0
396 0
399 0
398 0
389 0
380 0
372 0
366 0
361 0
358 0
356 0
355 0
353 0
353 0
353 0
352 0
353 0
355 0
359 0
363 0
366 0
370 0
374 0
375 0
376 0
377 0
377 0
376 0
375 0
375 0
373 0
373 0
377 0
384 0
388 0
392 0
389 0
381 0
365 0
348 0
334 0
328 0
330 0
341 0
358 0
375 0
387 0
395 0
400 0
397 0
389 0
376 0
355 0
332 0
312 0
299 0
298 0
307 0
325 0
347 0
369 0
390 0
408 0
419 0
427 0
430 0
431 0
428 0
422 0
417 0
413 0
406 0
402 0
400 0
397 0
396 0
394 0
392 0
387 0
381 0
375 0
368 0
363 0
359 0
355 0
354 0
353 0
351 0
351 0
353 0
353 0
355 0
355 0
356 0
357 0
358 0
361 0
362 0
365 0
369 0
372 0
372 0
372 0
372 0
370 0
370 0
369 0
369 0
367 0
367 0
367 0
368 0
366 0
367 0
369 0
369 0
372 0
372 0
375 0
375 0
377 0
378 0
378 0
378 0
378 0
377 0
376 0
375 0
375 0
375 0
373 0
374 0
372 0
373 0
372 0
372 0
373 0
373 0
372 0
373 0
373 0
374 0
372 0
371 0
369 0
366 0
366 0
367 0
367 0
368 0
370 0
373 0
374 0
373 0
373 0
372 0
371 0
372 0
372 0
377 0
382 0
387 0
393 0
391 0
384 0
375 0
367 0
359 0
353 0
352 0
352 0
352 0
352 0
354 0
356 0
359 0
364 0
367 0
369 0
371 0
373 0
375 0
375 0
375 0
377 0
376 0
377 0
378 0
380 0
382 0
383 0
384 0
389 0
389 0
390 0
391 0
387 0
385 0
384 0
380 0
376 0
372 0
368 0
364 0
359 0
356 0
355 0
354 0
354 0
354 0
354 0
356 0
357 0
358 0
362 0
365 0
368 0
370 0
372 0
374 0
375 0
377 0
377 0
378 0
378 0
378 0
377 0
377 0
376 0
376 0
374 0
372 0
370 0
368 0
365 0
362 0
364 0
359 0
359 0
359 0
361 0
362 0
363 0
365 0
367 0
369 0
372 0
378 0
380 0
381 0
381 0
380 0
378 0
379 0
377 0
378 0
378 0
376 0
378 0
378 0
378 0
379 0
380 0
379 0
378 0
377 0
377 0
374 0
373 0
373 0
372 0
372 0
372 0
372 0
371 0
371 0
369 0
371 0
369 0
368 0
369 0
369 0
370 0
372 0
374 0
375 0
373 0
372 0
372 0
374 0
379 0
384 0
384 0
382 0
377 0
372 0
368 0
362 0
360 0
358 0
356 0
354 0
356 0
358 0
360 0
363 0
367 0
366 0
367 0
368 0
370 0
372 0
371 0
372 0
374 0
372 0
372 0
371 0
370 0
371 0
373 0
375 0
374 0
373 0
373 0
375 0
373 0
374 0
374 0
373 0
373 0
372 0
373 0
374 0
374 0
374 0
373 0
369 0
367 0
365 0
364 0
364 0
366 0
369 0
371 0
372 0
374 0
375 0
376 0
376 0
376 0
376 0
375 0
373 0
375 0
375 0
372 0
372 0
373 0
369 0
369 0
367 0
369 0
369 0
369 0
372 0
371 0
372 0
372 0
373 0
371 0
373 0
370 0
368 0
366 0
362 0
362 0
361 0
362 0
364 0
366 0
367 0
370 0
371 0
374 0
374 0
375 0
377 0
380 0
379 0
380 0
381 0
381 0
379 0
378 0
378 0
377 0
375 0
374 0
372 0
371 0
369 0
368 0
368 0
367 0
366 0
367 0
368 0
368 0
372 0
379 0
387 0
397 0
404 0
403 0
397 0
388 0
379 0
371 0
364 0
359 0
356 0
354 0
354 0
356 0
357 0
359 0
361 0
362 0
366 0
368 0
370 0
373 0
374 0
373 0
373 0
375 0
373 0
372 0
372 0
370 0
369 0
366 0
366 0
365 0
365 0
367 0
370 0
371 0
372 0
372 0
372 0
372 0
371 0
372 0
375 0
374 0
376 0
376 0
376 0
373 0
372 0
371 0
370 0
369 0
371 0
372 0
372 0
373 0
373 0
372 0
372 0
371 0
371 0
371 0
372 0
371 0
371 0
369 0
368 0
369 0
369 0
370 0
371 0
374 0
374 0
374 0
375 0
374 0
372 0
371 0
371 0
371 0
372 0
372 0
373 0
373 0
373 0
373 0
373 0
372 0
371 0
371 0
370 0
371 0
372 0
374 0
373 0
371 0
371 0
367 0
363 0
360 0
359 0
357 0
359 0
361 0
364 0
366 0
368 0
368 0
372 0
372 0
373 0
377 0
378 0
377 0
376 0
377 0
376 0
380 0
386 0
391 0
391 0
389 0
386 0
382 0
375 0
371 0
367 0
365 0
363 0
361 0
360 0
359 0
359 0
362 0
364 0
363 0
365 0
365 0
365 0
364 0
364 0
367 0
367 0
369 0
373 0
375 0
376 0
379 0
382 0
383 0
384 0
384 0
386 0
383 0
380 0
378 0
377 0
373 0
371 0
371 0
369 0
369 0
367 0
366 0
366 0
366 0
366 0
369 0
368 0
369 0
371 0
370 0
369 0
367 0
366 0
365 0
364 0
365 0
365 0
364 0
366 0
368 0
369 0
370 0
371 0
374 0
375 0
376 0
376 0
379 0
377 0
378 0
379 0
376 0
374 0
373 0
372 0
371 0
369 0
369 0
371 0
370 0
372 0
373 0
375 0
376 0
375 0
375 0
376 0
373 0
371 0
371 0
367 0
365 0
365 0
363 0
362 0
362 0
362 0
361 0
361 0
363 0
366 0
366 0
370 0
373 0
376 0
376 0
378 0
378 0
379 0
379 0
379 0
381 0
380 0
378 0
376 0
375 0
372 0
372 0
370 0
371 0
371 0
376 0
384 0
389 0
394 0
392 0
388 0
380 0
373 0
365 0
362 0
358 0
354 0
354 0
356 0
358 0
361 0
364 0
365 0
367 0
369 0
370 0
372 0
374 0
374 0
374 0
373 0
374 0
374 0
372 0
371 0
371 0
369 0
370 0
369 0
371 0
371 0
372 0
375 0
374 0
374 0
372 0
370 0
369 0
368 0
367 0
369 0
371 0
372 0
374 0
375 0
374 0
374 0
372 0
372 0
371 0
370 0
370 0
368 0
367 0
367 0
367 0
367 0
368 0
369 0
371 0
371 0
370 0
369 0
370 0
369 0
370 0
371 0
370 0
371 0
370 0
370 0
370 0
369 0
369 0
370 0
369 0
371 0
370 0
371 0
371 0
371 0
373 0
374 0
374 0
374 0
375 0
374 0
374 0
373 0
374 0
372 0
374 0
375 0
374 0
372 0
372 0
371 0
370 0
371 0
369 0
374 0
375 0
376 0
378 0
380 0
377 0
375 0
376 0
372 0
371 0
371 0
372 0
372 0
371 0
372 0
373 0
371 0
372 0
372 0
368 0
368 0
366 0
366 0
367 0
368 0
366 0
367 0
367 0
367 0
369 0
370 0
368 0
367 0
370 0
370 0
371 0
373 0
372 0
371 0
370 0
371 0
370 0
369 0
369 0
369 0
369 0
370 0
369 0
371 0
370 0
373 0
374 0
376 0
376 0
377 0
377 0
376 0
375 0
375 0
375 0
373 0
373 0
372 0
372 0
371 0
369 0
368 0
367 0
366 0
367 0
369 0
371 0
370 0
370 0
372 0
372 0
371 0
372 0
371 0
371 0
369 0
369 0
368 0
367 0
366 0
368 0
367 0
367 0
369 0
369 0
369 0
369 0
371 0
370 0
369 0
369 0
372 0
372 0
372 0
374 0
373 0
373 0
373 0
373 0
373 0
372 0
370 0
372 0
371 0
370 0
370 0
370 0
371 0
372 0
371 0
371 0
369 0
369 0
371 0
371 0
370 0
371 0
371 0
371 0
370 0
372 0
371 0
370 0
370 0
372 0
372 0
373 0
374 0
373 0
369 0
366 0
366 0
364 0
366 0
368 0
372 0
373 0
376 0
377 0
378 0
378 0
377 0
377 0
377 0
375 0
374 0
375 0
373 0
370 0
370 0
370 0
369 0
368 0
368 0
369 0
368 0
368 0
368 0
366 0
365 0
366 0
367 0
367 0
370 0
371 0
370 0
371 0
371 0
371 0
371 0
372 0
371 0
373 0
375 0
374 0
374 0
376 0
376 0
377 0
379 0
380 0
378 0
377 0
375 0
373 0
371 0
369 0
369 0
368 0
368 0
369 0
368 0
366 0
367 0
367 0
367 0
368 0
368 0
371 0
372 0
374 0
375 0
376 0
376 0
375 0
374 0
373 0
372 0
371 0
371 0
370 0
369 0
370 0
371 0
371 0
372 0
373 0
373 0
373 0
373 0
373 0
370 0
369 0
368 0
368 0
367 0
368 0
368 0
366 0
365 0
366 0
367 0
368 0
368 0
370 0
371 0
372 0
374 0
375 0
375 0
377 0
376 0
378 0
377 0
374 0
372 0
372 0
369 0
370 0
372 0
371 0
372 0
370 0
369 0
370 0
368 0
368 0
369 0
369 0
370 0
370 0
370 0
371 0
371 0
373 0
372 0
372 0
371 0
372 0
370 0
370 0
369 0
370 0
371 0
371 0
372 0
374 0
372 0
372 0
372 0
370 0
370 0
369 0
369 0
369 0
367 0
367 0
369 0
367 0
369 0
372 0
372 0
370 0
371 0
372 0
371 0
372 0
372 0
372 0
372 0
372 0
374 0
372 0
372 0
371 0
372 0
371 0
371 0
370 0
370 1
370 1
369 1
371 1
369 1
368 1
366 1
367 1
368 1
369 1
371 1
372 1
373 1
375 1
376 1
376 1
377 1
375 1
374 1
370 1
368 1
366 1
367 1
365 1
367 1
370 1
372 1
373 1
374 1
374 1
372 1
371 1
371 1
374 1
374 1
375 1
376 1
376 1
374 1
372 1
372 1
371 1
370 1
372 1
372 1
371 1
371 1
371 1
370 1
368 1
367 1
367 1
366 1
364 1
365 1
367 1
369 1
370 1
372 1
373 1
373 1
372 1
373 1
373 1
373 1
375 1
376 1
375 1
374 1
373 1
373 1
372 1
371 1
373 1
371 1
372 1
372 1
373 1
376 1
375 1
377 1
377 1
376 1
372 1
368 1
363 1
359 1
358 1
359 1
363 1
365 1
367 1
368 1
369 1
366 1
363 1
358 1
353 1
350 1
348 1
347 1
346 1
348 1
352 1
356 1
362 1
366 1
367 1
361 1
352 1
336 1
317 1
294 1
270 1
246 1
231 1
230 1
243 1
267 1
295 1
320 1
347 1
378 1
411 1
445 1
478 1
506 1
530 1
546 1
550 1
542 1
521 1
496 1
470 1
442 1
407 1
360 1
299 1
242 1
201 1
192 1
218 1
273 1
342 1
415 1
470 1
505 1
516 1
494 1
446 1
393 1
359 1
359 1
388 1
431 1
472 1
497 1
507 1
503 1
485 1
460 1
433 1
407 1
380 1
355 1
329 1
304 1
276 1
240 1
136 1
0 1
0 1
0 1
0 1
0 1
0 1
0 1
0 1
0 1
0 1
0 1
0 1
0 1
0 1
0 1
0 1
0 1
303 1
1023 1
1023 1
1023 1
1023 1
1023 1
1023 1
1023 1
1023 1
1023 1
1023 1
1023 1
1023 1
1023 1
1023 1
1023 1
1023 1
493 1
36 1
0 1
0 1
0 1
0 1
0 1
0 1
0 1
0 1
0 1
0 1
0 1
0 1
0 1
0 1
0 1
0 1
0 1
0 1
0 1
0 1
0 1
0 1
0 1
0 1
2 1
27 1
74 1
121 1
180 1
240 1
297 1
351 1
395 1
429 1
456 1
473 1
487 1
491 1
486 1
466 1
438 1
402 1
365 1
330 1
297 1
269 1
246 1
230 1
217 1
208 1
206 1
212 1
228 1
245 1
251 1
247 1
234 1
217 1
204 1
206 1
229 1
269 1
316 1
363 1
405 1
458 1
520 1
585 1
636 1
662 1
659 1
629 1
578 1
521 1
470 1
429 1
402 1
388 1
385 1
387 1
392 1
402 1
414 1
423 1
430 1
428 1
420 1
406 1
394 1
384 1
373 1
360 1
348 1
334 1
321 1
312 1
311 1
319 1
330 1
343 1
343 1
316 1
251 1
156 1
41 1
0 1
0 1
0 1
0 1
0 1
0 1
0 1
38 1
170 1
344 1
494 1
608 1
689 1
747 1
774 1
782 1
763 1
721 1
667 1
606 1
548 1
507 1
482 1
473 1
474 1
476 1
471 1
462 1
449 1
430 1
410 1
389 1
369 1
353 1
337 1
322 1
314 1
307 1
305 1
298 1
286 1
271 1
259 1
255 1
257 1
257 1
252 1
240 1
227 1
216 1
217 1
225 1
237 1
247 1
257 1
272 1
298 1
335 1
378 1
414 1
433 1
428 1
405 1
376 1
357 1
360 1
388 1
427 1
467 1
501 1
522 1
523 1
505 1
467 1
418 1
367 1
329 1
310 1
306 1
310 1
319 1
332 1
348 1
361 1
378 1
395 1
418 1
444 1
466 1
469 1
425 1
330 1
221 1
161 1
192 1
308 1
466 1
611 1
713 1
759 1
748 1
703 1
629 1
534 1
424 1
328 1
264 1
244 1
248 1
234 1
162 1
41 1
0 1
0 1
0 1
0 1
0 1
0 1
0 1
0 1
57 1
195 1
363 1
513 1
643 1
752 1
843 1
904 1
935 1
932 1
892 1
828 1
741 1
640 1
528 1
413 1
313 1
238 1
185 1
143 1
89 1
37 1
0 1
0 1
0 1
0 1
0 1
0 1
0 1
0 1
0 1
0 1
0 1
0 1
0 1
0 1
16 1
55 1
91 1
121 1
143 1
164 1
199 1
244 1
299 1
362 1
426 1
496 1
582 1
679 1
774 1
818 1
790 1
684 1
545 1
427 1
363 1
356 1
374 1
389 1
381 1
356 1
331 1
310 1
279 1
225 1
159 1
116 1
156 1
322 1
599 1
910 1
1023 1
1023 1
1023 1
1023 1
1023 1
1023 1
1023 1
839 1
631 1
488 1
415 1
382 1
363 1
336 1
297 1
247 1
197 1
150 1
114 1
91 1
79 1
74 1
71 1
72 1
72 1
73 1
75 1
81 1
88 1
96 1
102 1
104 1
107 1
113 1
126 1
146 1
168 1
184 1
197 1
214 1
242 1
281 1
326 1
364 1
387 1
399 1
418 1
452 1
492 1
515 1
497 1
443 1
375 1
346 1
360 1
408 1
457 1
491 1
502 1
498 1
488 1
478 1
474 1
455 1
439 1
421 1
408 1
403 1
405 1
406 1
401 1
390 1
376 1
365 1
349 1
332 1
316 1
306 1
298 1
300 1
307 1
319 1
336 1
355 1
378 1
397 1
411 1
419 1
420 1
406 1
391 1
373 1
355 1
338 1
324 1
319 1
314 1
314 1
320 1
326 1
327 1
326 1
323 1
320 1
315 1
313 1
315 1
319 1
322 1
330 1
339 1
347 1
354 1
359 1
362 1
363 1
361 1
361 1
358 1
353 1
350 1
344 1
336 1
329 1
327 1
330 1
339 1
345 1
357 1
369 1
376 1
375 1
363 1
335 1
309 1
298 1
307 1
331 1
364 1
397 1
424 1
438 1
447 1
448 1
439 1
428 1
417 1
410 1
400 1
394 1
391 1
390 1
387 1
387 1
386 1
382 1
374 1
365 1
355 1
342 1
331 1
322 1
320 1
320 1
325 1
330 1
338 1
341 1
345 1
351 1
354 1
360 1
362 1
365 1
361 1
364 1
370 1
379 1
387 1
397 1
401 1
380 1
335 1
279 1
239 1
237 1
281 1
351 1
429 1
494 1
539 1
562 1
569 1
556 1
536 1
512 1
483 1
453 1
425 1
404 1
383 1
364 1
351 1
343 1
336 1
335 1
335 1
336 1
336 1
336 1
333 1
327 1
319 1
311 1
304 1
296 1
293 1
290 1
290 1
292 1
294 1
300 1
307 1
317 1
336 1
356 1
372 1
385 1
387 1
380 1
369 1
360 1
356 1
357 1
364 1
376 1
391 1
404 1
417 1
421 1
417 1
400 1
373 1
344 1
322 1
307 1
304 1
310 1
322 1
340 1
363 1
385 1
393 1
392 1
378 1
356 1
334 1
316 1
303 1
300 1
307 1
325 1
351 1
379 1
402 1
417 1
423 1
423 1
422 1
421 1
424 1
425 1
425 1
420 1
408 1
397 1
396 1
408 1
431 1
456 1
475 1
477 1
468 1
451 1
427 1
396 1
370 1
365 1
381 1
412 1
448 1
477 1
492 1
488 1
474 1
452 1
420 1
388 1
356 1
328 1
303 1
282 1
262 1
239 1
213 1
192 1
184 1
196 1
227 1
274 1
324 1
369 1
404 1
425 1
436 1
440 1
439 1
435 1
423 1
410 1
395 1
382 1
365 1
348 1
331 1
323 1
322 1
324 1
326 1
328 1
335 1
333 1
308 1
262 1
206 1
156 1
131 1
138 1
174 1
228 1
287 1
344 1
394 1
439 1
475 1
507 1
534 1
557 1
575 1
593 1
613 1
629 1
634 1
632 1
615 1
587 1
553 1
520 1
487 1
459 1
436 1
417 1
404 1
391 1
383 1
378 1
373 1
371 1
369 1
365 1
356 1
342 1
317 1
278 1
229 1
193 1
185 1
210 1
264 1
330 1
392 1
438 1
462 1
469 1
463 1
445 1
421 1
397 1
372 1
351 1
331 1
319 1
309 1
300 1
291 1
280 1
269 1
276 1
297 1
329 1
364 1
392 1
412 1
418 1
413 1
399 1
377 1
352 1
330 1
314 1
305 1
306 1
309 1
308 1
301 1
292 1
290 1
297 1
303 1
301 1
296 1
301 1
327 1
372 1
425 1
470 1
497 1
509 1
504 1
490 1
473 1
453 1
433 1
415 1
400 1
386 1
346 1
256 1
136 1
38 1
14 1
36 1
114 1
260 1
416 1
549 1
647 1
703 1
725 1
714 1
682 1
628 1
566 1
498 1
434 1
375 1
328 1
298 1
276 1
264 1
253 1
245 1
240 1
241 1
248 1
260 1
272 1
282 1
290 1
291 1
289 1
285 1
281 1
279 1
280 1
286 1
299 1
314 1
333 1
352 1
370 1
386 1
370 1
269 1
61 1
0 1
0 1
0 1
0 1
0 1
0 1
0 1
39 1
375 1
785 1
1023 1
1023 1
1023 1
1023 1
1023 1
1018 1
844 1
689 1
549 1
430 1
332 1
260 1
208 1
175 1
156 1
153 1
155 1
163 1
177 1
195 1
216 1
236 1
251 1
248 1
233 1
223 1
233 1
266 1
312 1
354 1
387 1
399 1
399 1
395 1
393 1
393 1
394 1
398 1
400 1
401 1
400 1
397 1
387 1
372 1
361 1
354 1
352 1
352 1
352 1
352 1
351 1
354 1
359 1
365 1
376 1
390 1
406 1
416 1
418 1
413 1
396 1
372 1
349 1
337 1
337 1
348 1
370 1
393 1
415 1
428 1
430 1
425 1
411 1
399 1
387 1
370 1
349 1
331 1
323 1
322 1
335 1
359 1
400 1
451 1
498 1
534 1
549 1
539 1
496 1
411 1
292 1
176 1
101 1
92 1
120 1
191 1
266 1
338 1
390 1
423 1
444 1
454 1
461 1
460 1
453 1
435 1
404 1
356 1
275 1
149 1
4 1
0 1
0 1
0 1
0 1
0 1
0 1
2 1
162 1
503 1
821 1
1023 1
1023 1
1023 1
984 1
846 1
729 1
657 1
616 1
590 1
555 1
504 1
431 1
351 1
282 1
234 1
223 1
233 1
257 1
274 1
278 1
270 1
260 1
256 1
262 1
277 1
296 1
314 1
331 1
339 1
345 1
348 1
346 1
338 1
321 1
291 1
255 1
218 1
199 1
204 1
233 1
284 1
337 1
384 1
424 1
456 1
478 1
492 1
495 1
489 1
472 1
445 1
413 1
383 1
357 1
347 1
345 1
333 1
301 1
257 1
236 1
254 1
297 1
332 1
340 1
335 1
354 1
410 1
490 1
563 1
615 1
637 1
621 1
585 1
540 1
489 1
435 1
374 1
289 1
185 1
87 1
36 1
23 1
47 1
111 1
228 1
349 1
451 1
513 1
537 1
534 1
514 1
488 1
465 1
449 1
433 1
419 1
404 1
380 1
356 1
330 1
308 1
291 1
279 1
276 1
279 1
288 1
303 1
321 1
339 1
355 1
371 1
386 1
396 1
403 1
406 1
403 1
394 1
387 1
380 1
370 1
364 1
358 1
358 1
361 1
363 1
366 1
369 1
370 1
369 1
368 1
368 1
367 1
365 1
363 1
356 1
349 1
336 1
320 1
297 1
279 1
274 1
283 1
303 1
330 1
358 1
379 1
390 1
396 1
392 1
387 1
379 1
372 1
367 1
361 1
361 1
361 1
364 1
367 1
369 1
373 1
371 1
369 1
365 1
365 1
363 1
361 1
364 1
362 1
361 1
363 1
364 1
363 1
361 1
