2
1023
0
1023
0
27
631
0
0
0
1007
1023
0
1023
1023
0
47
670
14
0
57
688
0
0
0
1000
1023
0
1023
1023
0
1023
1023
1023
1023
1023
1023
1023
1023
1023
922
462
0
0
0
1023
384
0
608
1023
0
0
976
1023
0
0
1023
480
0
517
1023
0
0
977
1023
0
0
1023
646
0
430
1023
0
0
1023
1023
0
422
1023
0
0
1023
1023
0
345
1023
0
0
1023
1023
0
326
1023
0
0
1023
1023
0
279
1023
0
0
1023
1023
0
221
1023
0
0
1023
1023
0
121
876
0
0
113
720
26
0
1023
1023
0
65
583
0
0
0
1023
911
0
25
599
0
0
0
1023
951
0
51
634
0
0
0
1023
1017
0
993
1023
0
0
1023
1023
0
1023
1023
0
71
659
27
0
71
739
20
0
0
1023
0
0
0
1023
1023
0
1023
1023
0
0
1023
0
0
0
1023
1003
0
1023
1023
0
0
1023
0
0
0
1023
1023
0
1023
1023
0
0
1023
0
0
0
967
1023
0
31
781
0
0
0
964
1023
0
31
827
0
0
0
1023
1023
0
1023
1023
0
28
864
4
0
0
1016
1023
0
1023
1023
0
4
999
1023
0
1023
1023
0
0
1023
0
0
0
1023
1023
0
1023
1023
0
0
1023
0
0
0
1023
1023
0
1023
1023
0
0
1023
0
0
0
1023
1022
0
1005
1023
0
18
945
0
0
0
963
1023
0
39
919
0
0
0
1023
1023
0
1023
1023
0
15
951
0
0
0
962
1023
0
59
971
0
0
0
1023
1023
0
1023
1023
0
42
989
51
0
0
1023
54
0
23
939
60
0
0
1023
90
0
0
1023
83
0
0
1023
134
0
956
1023
0
0
1023
1012
0
896
1023
0
0
1023
1023
0
892
1023
0
0
1023
1023
0
811
1023
0
0
1023
1023
0
753
1023
0
0
1023
1023
0
690
1023
1
0
1023
1023
0
655
1023
0
0
1023
1023
0
566
1023
0
0
1023
1023
0
505
1023
0
0
1023
1023
0
499
1023
0
0
988
1023
0
0
1023
548
0
439
1023
0
0
1023
1023
0
451
1023
0
0
1023
1023
0
404
1023
0
0
1023
1023
0
404
1023
0
0
1023
1023
0
376
1023
0
0
1023
1023
0
269
1023
0
0
1023
1023
0
261
1023
0
0
1023
1023
0
173
949
0
0
165
812
20
0
1023
1023
0
151
720
0
0
129
619
43
0
1023
1023
0
66
556
39
0
23
599
0
0
0
1023
954
0
22
583
0
0
0
1023
958
0
0
1023
0
0
0
1023
982
0
0
1023
0
0
0
1023
1011
0
1023
1023
0
0
1023
0
0
0
1023
1023
0
975
1023
0
0
1023
1023
0
1023
1023
0
43
773
0
0
0
1023
1023
0
1023
1023
0
26
803
0
0
0
1023
1023
0
1023
1023
0
2
1023
0
0
0
1023
1023
0
1023
1023
0
49
820
14
0
0
1023
0
0
0
1023
1023
0
1023
1023
0
0
1008
3
0
0
1023
1023
0
1023
1023
0
0
1023
3
0
0
1023
1023
0
1023
1023
0
0
1023
0
0
0
1023
993
0
0
1023
0
0
0
1023
1006
0
1023
1023
0
0
1023
0
0
0
1023
1023
0
977
1023
0
0
1023
1023
0
1020
1023
0
12
911
0
0
0
1015
1023
0
1023
1023
0
0
1023
0
0
0
1023
1023
0
1022
1023
0
0
1023
0
0
0
1023
1023
0
1023
1023
0
31
930
65
0
0
1023
48
0
0
1023
68
0
1
1023
100
0
966
1023
0
0
1023
997
0
0
1023
149
0
912
1023
0
0
1023
1016
0
800
1023
0
0
1023
1011
0
746
1023
0
0
1003
1023
0
702
1023
0
0
1023
1023
0
697
1023
0
0
1023
1023
0
634
1023
0
0
1023
1023
0
624
1023
0
0
1023
1023
0
607
1023
0
0
960
1023
0
0
1023
475
0
508
1023
0
0
1023
1023
0
467
1023
0
0
1023
1023
0
447
1023
0
0
1023
1023
0
391
1023
0
0
1023
1023
0
353
1023
0
0
1014
1023
0
339
1023
0
0
1023
1023
0
297
1023
0
0
1023
1023
0
277
1023
0
0
1023
1023
0
235
952
0
0
225
899
0
0
190
861
0
0
211
730
0
0
153
649
0
0
160
612
0
0
184
571
0
0
103
444
0
0
129
365
0
0
70
647
10
0
69
590
3
0
0
1023
1010
0
1023
1023
0
29
630
0
0
0
1023
1023
0
1023
1023
0
0
1023
0
0
0
1023
1023
0
1023
1023
0
0
1023
11
0
0
1023
0
0
0
1023
1006
0
976
1023
0
0
1023
1004
0
987
1023
0
0
1023
1023
0
1019
1023
0
0
1023
0
0
0
1023
1023
0
1023
1023
0
0
1023
0
0
0
1023
1023
0
981
1023
0
0
1023
1023
0
1023
1023
0
11
819
44
0
21
870
9
0
0
1011
1023
0
1023
1023
0
3
1023
0
0
0
1023
1023
0
1023
1023
0
0
1023
50
0
15
891
0
0
0
1023
1023
0
1023
1023
0
0
1023
0
0
0
1023
942
0
0
1023
0
0
0
1023
946
0
0
1023
0
0
0
1023
1022
0
1023
1023
0
0
1023
0
0
0
1023
951
0
0
1023
0
0
0
1023
1013
0
973
1023
0
0
1023
998
0
8
1023
0
0
0
1023
1023
0
905
1023
0
0
1023
1023
0
929
1023
15
32
1020
0
0
0
1023
116
0
975
1023
0
0
1023
1023
0
922
1023
0
0
1023
1016
0
897
1023
0
0
1023
1023
0
825
1023
0
0
1023
1023
0
751
1023
0
0
1023
1023
0
695
1023
0
0
987
1023
0
0
1023
297
0
639
1023
0
0
1023
1023
0
644
1023
0
0
984
1023
0
0
1023
452
0
613
1023
0
0
1023
1023
0
577
1023
0
0
1023
1023
0
564
1023
0
0
1000
1023
0
509
1023
0
0
1023
1023
0
432
1023
0
0
1023
1023
0
370
1023
0
0
1023
1023
0
335
1023
0
0
1023
1023
0
269
1023
0
0
1023
1023
0
260
1023
0
0
1023
1023
0
195
999
0
0
163
993
0
0
127
912
0
0
123
828
0
0
93
519
0
0
0
1023
894
0
55
610
23
0
77
545
0
0
0
1023
932
0
33
554
0
0
0
1023
931
0
0
1023
27
0
0
1023
0
0
0
1023
977
0
0
1023
0
0
0
1023
989
0
0
1023
23
0
0
1023
0
0
0
1023
993
0
0
1023
0
0
0
1023
989
0
0
1023
0
0
0
1023
984
0
0
1023
0
0
0
1023
1017
0
1023
1023
0
0
1023
0
0
0
1023
1013
0
1023
1023
0
0
1023
0
10
0
1023
0
0
0
1023
993
0
0
1023
0
0
0
1023
1023
0
990
1023
0
0
1023
1023
0
997
1023
0
0
1023
1023
0
1023
1023
0
0
1023
0
0
0
1023
1023
0
994
1023
0
0
1023
1023
0
1003
1023
0
0
1023
0
0
0
1023
1023
0
1006
1023
0
0
1023
0
0
0
1023
1023
0
1023
1023
0
12
857
0
0
0
1023
1023
0
1023
1023
0
73
908
54
0
0
1023
0
0
0
1023
1023
0
1023
1023
0
0
1023
26
0
36
885
0
0
0
1023
1023
0
1023
1023
0
0
1023
0
0
0
1023
994
0
0
1023
0
0
0
1023
1023
0
1001
1023
0
0
1023
26
0
0
1023
0
0
0
1023
1016
0
897
1023
0
0
1023
1014
0
875
1023
0
0
1023
1023
0
797
1023
0
0
1023
1023
0
807
1023
0
0
1023
1023
0
767
1023
0
0
1023
1023
0
720
1023
0
0
1023
1023
0
686
1023
0
0
990
1023
0
21
969
334
0
628
1023
12
0
1023
284
0
609
1023
0
0
1001
1023
0
633
1023
0
0
997
1023
0
0
1023
444
0
543
1023
0
0
930
1023
0
0
1023
537
0
450
1023
0
0
1023
1023
0
393
1023
0
0
1023
1023
0
334
1023
11
0
1023
742
0
359
1023
0
0
989
1023
0
0
1023
775
0
301
1023
0
0
1023
1023
0
341
1023
0
0
1023
1023
0
296
1023
0
0
1023
1023
0
255
941
0
0
189
887
0
0
158
799
0
0
124
764
8
0
94
589
70
0
36
540
0
0
0
1023
934
0
21
596
16
0
39
605
0
0
0
1023
953
0
42
629
0
0
0
1023
966
0
3
1023
0
0
0
1023
962
0
0
1023
0
0
0
1023
971
0
0
1023
0
0
0
1023
966
0
0
1023
0
0
0
1023
963
0
0
1023
4
0
0
1023
979
0
0
1023
0
0
0
1023
1023
0
988
1023
0
0
1023
987
0
0
1023
0
0
0
1023
959
0
0
1023
0
0
0
1023
982
0
0
1023
0
0
0
1023
996
0
0
1023
0
0
0
1023
996
0
0
1023
0
0
0
1023
1023
0
1007
1023
0
0
1023
0
0
0
1023
993
0
0
1023
0
0
0
1023
1023
0
1023
1023
0
0
1023
20
0
0
1023
0
0
0
1023
1023
0
1023
1023
0
0
1023
0
0
0
1023
1003
0
1023
1023
0
0
1023
0
0
0
1023
956
0
0
1023
0
0
0
1023
976
0
0
1023
0
0
0
1023
1023
0
1023
1023
0
0
1023
0
0
0
1023
1023
0
1011
1023
0
0
1023
0
0
0
1004
1023
0
975
1023
0
0
1023
1023
0
979
1023
0
0
1023
1023
0
972
1023
0
0
1023
1023
0
911
1023
0
0
960
1023
0
56
999
114
0
871
1023
0
0
982
1023
0
58
1003
0
0
0
1023
141
0
896
1023
0
0
1015
1023
0
835
1023
0
0
1023
1023
0
809
1023
2
0
1004
1023
0
767
1023
0
0
947
1023
0
82
992
342
0
666
1023
0
0
1023
1023
0
601
1023
0
0
995
1023
0
33
1023
0
0
0
1023
457
0
615
1023
0
0
997
1023
0
28
1023
0
0
42
1023
0
0
0
1023
568
0
442
1023
0
0
992
1023
0
0
1023
595
0
373
1023
0
0
983
1023
0
13
1023
0
0
0
1023
659
0
351
1023
0
0
983
1023
0
0
1023
814
0
273
1023
0
0
1014
1023
0
257
1023
0
0
1023
1023
0
199
1001
0
0
1023
1023
0
194
816
0
0
188
830
0
0
166
707
0
0
163
633
0
0
121
578
0
0
140
513
0
0
76
567
65
0
105
419
0
0
74
622
0
0
0
1023
