13
26
37
24
13
26
37
22
13
24
36
22
12
25
35
14
14
13
15
13
14
13
13
13
14
14
14
15
15
16
17
17
18
31
37
17
17
30
37
17
16
30
37
17
16
30
36
17
16
29
36
16
15
29
36
16
15
30
37
17
16
30
38
18
18
32
39
20
18
32
40
20
18
33
38
17
14
26
33
13
11
26
34
15
13
26
34
13
11
24
33
13
11
26
33
14
11
25
34
15
12
28
37
18
16
30
39
19
16
30
38
19
17
30
39
20
16
30
36
19
15
28
37
17
14
29
36
19
14
28
37
17
14
27
37
18
14
27
38
18
14
28
37
18
14
27
36
19
14
27
36
17
12
26
36
16
13
27
36
18
13
27
37
19
14
28
37
19
14
27
37
19
15
25
37
17
12
26
36
18
14
26
38
18
13
26
37
18
12
25
38
18
13
26
36
19
13
28
37
19
13
26
36
18
12
27
37
19
13
25
37
19
13
27
36
18
12
26
36
19
12
26
36
19
13
26
37
20
13
26
36
18
12
25
36
18
10
23
34
18
11
23
36
18
10
26
36
19
12
25
37
20
13
27
38
21
14
27
38
22
14
27
38
22
14
27
38
21
12
24
34
16
8
17
29
21
6
12
27
27
9
11
25
33
14
13
27
36
17
16
29
37
17
15
31
37
18
17
31
40
21
20
33
42
23
18
31
39
20
17
30
39
19
17
30
39
19
15
27
34
14
10
23
30
8
3
12
24
18
4
11
27
30
12
16
30
34
16
19
33
36
19
23
37
40
21
24
37
40
21
24
38
40
20
21
34
36
16
19
32
35
16
19
32
34
14
16
27
28
6
6
16
27
13
3
12
26
21
8
14
28
32
13
15
31
33
15
18
32
37
18
19
34
37
17
19
34
39
20
21
37
39
19
20
32
37
17
18
33
35
15
16
29
33
13
14
26
30
9
7
15
28
16
5
13
27
24
6
11
25
31
11
13
28
34
16
18
33
40
22
23
36
41
21
21
35
40
21
21
33
38
18
18
30
36
14
16
30
35
15
14
28
34
12
15
27
31
12
11
25
30
10
9
20
30
14
7
17
30
21
8
17
32
33
16
21
37
36
18
24
37
36
17
22
35
34
15
18
33
32
13
18
32
32
14
18
32
33
14
19
33
33
14
19
32
33
14
19
31
32
14
18
31
32
13
17
31
31
12
17
30
31
12
16
31
31
12
16
30
31
13
17
30
31
12
17
31
32
12
16
30
32
13
17
31
32
13
17
31
34
13
18
32
32
13
17
31
32
13
19
31
33
13
16
30
33
13
17
30
33
13
16
30
32
13
16
29
33
14
17
29
33
14
16
31
34
14
18
32
35
15
18
32
35
15
18
32
35
16
19
33
37
16
19
34
36
16
19
32
36
17
18
32
35
18
18
30
36
16
18
30
37
18
18
32
36
16
18
32
36
16
17
31
36
17
17
32
37
16
18
32
36
16
18
32
37
17
18
32
37
18
19
33
38
18
20
33
38
18
18
34
38
18
19
33
38
18
18
32
38
18
17
32
38
18
17
34
39
18
18
32
38
18
18
33
38
18
17
31
38
18
18
33
38
17
17
31
38
17
16
31
38
18
17
32
39
19
18
33
40
19
18
33
39
19
18
33
40
20
18
32
39
18
16
31
38
18
17
30
39
18
16
30
39
19
17
32
39
19
17
32
40
20
18
32
40
19
17
32
39
19
16
30
38
16
14
28
37
17
14
28
37
17
14
28
37
18
15
29
37
18
14
30
37
18
15
29
38
18
15
30
37
18
15
28
37
19
14
29
38
19
14
29
37
20
15
29
38
18
15
29
37
19
14
27
38
19
14
28
40
20
15
29
39
19
15
30
39
20
15
30
38
20
14
29
39
19
14
28
38
20
14
29
38
19
14
28
41
20
15
29
40
21
15
30
40
21
15
27
40
20
14
29
39
20
15
28
41
20
13
28
39
20
13
29
41
21
14
30
40
22
16
29
41
22
14
29
40
21
14
28
40
21
14
30
40
20
14
27
38
18
11
25
36
19
12
27
40
21
15
31
42
25
18
33
44
25
17
31
41
23
12
29
39
20
12
27
38
20
13
29
40
22
14
28
40
21
14
28
39
22
12
27
40
22
13
28
40
23
15
29
40
23
14
28
40
23
14
28
40
23
14
28
40
22
13
27
38
22
12
26
38
22
12
26
39
21
12
26
37
22
13
26
37
21
12
25
37
21
12
25
37
22
12
25
37
21
11
24
36
21
11
23
36
20
10
24
36
22
12
25
38
22
11
25
38
23
12
25
39
22
13
26
39
23
11
25
38
22
11
24
37
22
11
25
38
23
12
25
39
25
13
26
39
25
13
24
39
24
11
24
37
23
13
24
39
24
12
24
37
24
11
24
38
24
12
25
37
24
12
25
38
26
13
25
39
25
12
24
37
23
11
24
38
27
13
25
37
24
12
24
37
26
13
26
38
27
14
27
38
25
12
25
37
25
12
24
36
25
11
24
35
24
10
22
35
23
12
22
34
23
10
22
34
23
9
17
30
28
10
24
47
50
30
33
43
37
16
20
32
29
8
11
27
30
11
11
25
32
12
12
25
32
12
11
26
33
12
12
27
33
13
13
27
34
14
14
27
35
15
14
28
35
15
14
29
37
17
15
29
36
16
15
28
36
16
14
29
37
16
14
27
37
16
14
29
36
15
13
30
37
16
14
29
36
17
13
28
37
16
14
28
36
17
14
30
37
17
15
28
36
17
14
27
37
17
14
28
37
18
14
29
36
17
15
27
36
17
13
28
36
16
13
27
36
16
14
28
37
17
14
28
36
16
14
27
37
17
13
29
37
16
13
29
37
17
13
27
36
18
15
28
37
18
14
26
37
18
14
29
38
18
13
27
36
18
13
26
37
18
12
26
37
19
13
27
37
18
13
27
37
17
13
26
37
18
13
27
37
18
12
27
37
18
13
25
39
19
14
28
38
20
14
26
39
20
13
27
38
20
13
28
40
21
15
30
39
21
14
28
39
24
18
30
40
22
14
28
38
21
14
26
37
18
11
25
35
18
10
24
35
17
10
24
36
18
11
25
36
19
11
26
36
18
11
26
36
21
12
28
38
21
14
26
38
20
12
27
37
20
13
26
37
20
13
26
37
21
13
26
38
21
12
30
43
28
19
31
41
24
14
26
38
19
12
24
36
20
11
24
36
20
11
24
35
21
11
25
37
22
12
26
37
22
12
25
37
23
13
26
36
21
14
26
37
23
12
24
35
23
13
25
38
24
13
25
36
21
10
23
36
19
11
23
36
22
11
23
36
22
12
26
38
24
13
26
38
23
12
25
37
22
12
25
37
23
12
25
38
23
12
25
37
24
12
24
37
24
12
24
37
23
9
20
33
28
10
20
33
28
11
19
33
29
11
20
33
28
11
21
34
30
12
21
34
29
11
19
34
29
11
19
33
29
11
20
34
30
12
19
34
30
12
20
35
31
12
20
34
31
12
21
34
31
13
21
34
33
13
22
35
32
13
21
34
31
12
21
34
32
13
20
33
31
13
20
34
32
13
19
34
31
13
20
33
32
13
20
33
32
13
19
33
31
12
19
34
32
13
20
34
32
13
19
33
33
14
20
34
33
14
19
34
32
13
19
33
32
12
18
32
32
14
19
33
33
13
19
33
32
13
19
33
32
13
18
33
33
13
18
32
31
12
16
33
32
12
18
32
32
12
18
32
32
12
18
32
33
13
17
32
33
13
18
33
34
14
19
33
34
14
18
32
34
14
18
31
34
13
17
32
33
13
18
33
34
13
17
32
33
14
17
32
34
14
17
32
35
15
19
33
37
15
18
33
34
15
20
35
35
15
18
33
35
14
18
33
36
15
18
33
36
17
19
32
36
15
18
32
35
15
17
31
35
14
18
31
34
14
17
31
34
14
16
31
35
14
16
30
35
15
17
32
35
15
19
35
41
20
21
32
36
16
16
30
34
14
15
29
34
15
16
30
35
15
16
29
35
15
15
31
36
16
17
31
36
16
17
31
36
16
17
30
36
15
16
30
35
14
15
29
34
13
14
29
34
14
15
29
35
14
15
29
36
16
16
30
37
16
16
29
36
16
16
30
37
17
16
29
36
16
15
30
37
15
14
29
37
16
16
29
37
16
15
30
37
16
15
29
36
15
14
29
36
16
15
29
37
16
15
31
37
17
16
30
38
18
16
30
39
18
16
31
38
17
16
30
37
16
16
31
38
17
15
29
38
17
17
30
38
17
15
30
38
17
17
29
37
17
14
28
37
17
15
29
38
18
16
30
38
19
16
30
38
19
16
30
39
19
15
29
38
18
14
29
38
19
14
29
37
17
14
28
36
18
14
29
38
19
14
30
38
18
14
28
37
17
13
27
38
18
14
27
37
17
13
26
36
17
13
27
36
17
13
27
36
17
13
26
36
17
12
26
36
17
12
27
37
18
12
27
37
18
13
27
37
18
12
27
38
20
14
28
39
19
13
30
39
21
15
29
39
21
14
29
39
20
13
27
38
20
15
27
37
19
14
27
37
20
13
27
38
21
15
29
40
22
15
28
39
19
12
25
36
18
11
25
36
19
11
24
36
19
12
26
36
19
11
25
36
18
12
25
37
20
13
26
37
21
14
27
38
21
14
27
38
21
13
25
37
21
13
26
37
21
13
27
38
21
13
26
37
21
13
27
37
21
13
26
38
22
14
27
38
23
13
25
38
21
12
25
37
21
12
25
37
21
12
25
37
21
12
25
37
23
12
27
37
21
11
26
38
23
13
26
