23 0
681 0
214 0
0 0
0 0
0 0
0 0
0 0
0 0
0 0
0 0
0 0
0 0
0 0
0 0
0 0
0 0
19 0
384 0
0 0
0 0
0 0
0 0
0 0
0 0
0 0
0 0
0 0
0 0
0 0
0 0
0 0
0 0
0 0
0 0
0 0
0 0
0 0
0 0
0 0
0 0
0 0
0 0
0 0
0 0
0 0
162 0
616 0
1023 0
1023 0
1023 0
1023 0
1023 0
895 0
452 0
0 0
0 0
0 0
0 0
0 0
0 0
0 0
0 0
0 0
0 0
0 0
0 0
0 0
0 0
0 0
64 0
434 0
856 0
1023 0
1023 0
1023 0
1023 0
1023 0
646 0
176 0
0 0
0 0
0 0
0 0
0 0
0 0
0 0
0 0
0 0
0 0
0 0
0 0
0 0
0 0
58 0
425 0
853 0
1023 0
1023 0
1023 0
1023 0
1023 0
646 0
177 0
0 0
0 0
0 0
0 0
0 0
0 0
0 0
0 0
0 0
0 0
0 0
0 0
0 0
0 0
52 0
418 0
855 0
1023 0
1023 0
1023 0
1023 0
1023 0
649 0
185 0
0 0
0 0
0 0
0 0
0 0
0 0
0 0
0 0
0 0
0 0
0 0
0 0
0 0
0 0
45 0
411 0
843 0
1023 0
1023 0
1023 0
1023 0
1023 0
648 0
184 0
0 0
0 0
0 0
0 0
0 0
0 0
0 0
0 0
0 0
0 0
0 0
0 0
0 0
0 0
82 0
511 0
956 0
1023 0
1023 0
1023 0
1023 0
1023 0
652 0
184 0
0 0
0 0
0 0
0 0
0 0
0 0
0 0
0 0
0 0
0 0
0 0
0 0
0 0
0 0
24 0
395 0
839 0
1023 0
1023 0
1023 0
1023 0
1023 0
666 0
202 0
0 0
0 0
0 0
0 0
0 0
0 0
0 0
0 0
0 0
0 0
0 0
0 0
0 0
0 0
33 0
398 0
828 0
1023 0
1023 0
1023 0
1023 0
1023 0
677 0
200 0
0 0
0 0
0 0
0 0
0 0
0 0
0 0
0 0
0 0
0 0
0 0
0 0
0 0
0 0
23 0
388 0
822 0
1023 0
1023 0
1023 0
1023 0
1023 0
677 0
215 0
0 0
0 0
0 0
0 0
0 0
0 0
0 0
0 0
0 0
0 0
0 0
0 0
0 0
0 0
17 0
381 0
817 0
1023 0
1023 0
1023 0
1023 0
1023 0
685 0
221 0
0 0
0 0
0 0
0 0
0 0
0 0
0 0
0 0
0 0
0 0
0 0
0 0
0 0
0 0
11 0
377 0
811 0
1023 0
1023 0
1023 0
1023 0
1023 0
692 0
229 0
0 0
0 0
0 0
0 0
0 0
0 0
0 0
0 0
0 0
0 0
0 0
0 0
0 0
0 0
0 0
171 0
734 0
1023 0
1023 0
1023 0
1023 0
1023 0
791 0
320 0
0 0
0 0
0 0
0 0
0 0
0 0
0 0
0 0
0 0
0 0
0 0
0 0
0 0
0 0
0 0
165 0
619 0
1022 0
1023 0
1023 0
1023 0
1023 0
872 0
434 0
0 0
0 0
0 0
0 0
0 0
0 0
0 0
0 0
0 0
0 0
0 0
0 0
0 0
0 0
0 0
83 0
446 0
869 0
1023 0
1023 0
1023 0
1023 0
1023 0
621 0
154 0
0 0
0 0
0 0
0 0
0 0
0 0
0 0
0 0
0 0
0 0
0 0
0 0
0 0
0 0
73 0
444 0
875 0
1023 0
1023 0
1023 0
1023 0
1023 0
625 0
157 0
0 0
0 0
0 0
0 0
0 0
0 0
0 0
0 0
0 0
0 0
0 0
0 0
0 0
0 0
70 0
434 0
863 0
1023 0
1023 0
1023 0
1023 0
1023 0
630 0
165 0
0 0
0 0
0 0
0 0
0 0
0 0
0 0
0 0
0 0
0 0
0 0
0 0
0 0
0 0
64 0
429 0
859 0
1023 0
1023 0
1023 0
1023 0
1023 0
637 0
170 0
0 0
0 0
0 0
0 0
0 0
0 0
0 0
0 0
0 0
0 0
0 0
0 0
0 0
0 0
59 0
423 0
848 0
1023 0
1023 0
1023 0
1023 0
1023 0
644 0
179 0
0 0
0 0
0 0
0 0
0 0
0 0
0 0
0 0
0 0
0 0
0 0
0 0
0 0
0 0
52 0
416 0
848 0
1023 0
1023 0
1023 0
1023 0
1023 0
650 0
184 0
0 0
0 0
0 0
0 0
0 0
0 0
0 0
0 0
0 0
0 0
0 0
0 0
0 0
0 0
47 0
412 0
842 0
1023 0
1023 0
1023 0
1023 0
1023 0
656 0
190 0
0 0
0 0
0 0
0 0
0 0
0 0
0 0
0 0
0 0
0 0
0 0
0 0
0 0
0 0
40 0
404 0
839 0
1023 0
1023 0
1023 0
1023 0
1023 0
662 0
201 0
0 0
0 0
0 0
0 0
0 0
0 0
0 0
0 0
0 0
0 0
0 0
0 0
0 0
0 0
34 0
399 0
831 0
1023 0
1023 0
1023 0
1023 0
1023 0
666 0
202 0
0 0
0 0
0 0
0 0
0 0
0 0
0 0
0 0
0 0
0 0
0 0
0 0
0 0
0 0
29 0
393 0
827 0
1023 0
1023 0
1023 0
1023 0
1023 0
670 0
207 0
0 0
0 0
0 0
0 0
0 0
0 0
0 0
0 0
0 0
0 0
0 0
0 0
0 0
0 0
24 0
388 0
824 0
1023 0
1023 0
1023 0
1023 0
1023 0
677 0
208 0
0 0
0 0
0 0
0 0
0 0
0 0
0 0
0 0
0 0
0 0
0 0
0 0
0 0
0 0
18 0
382 0
816 0
1023 0
1023 0
1023 0
1023 0
1023 0
685 0
221 0
0 0
0 0
0 0
0 0
0 0
0 0
0 0
0 0
0 0
0 0
0 0
0 0
0 0
0 0
12 0
375 0
814 0
1023 0
1023 0
1023 0
1023 0
1023 0
690 0
228 0
0 0
0 0
0 0
0 0
0 0
0 0
0 0
0 0
0 0
0 0
0 0
0 0
0 0
0 0
8 0
277 0
721 0
1023 0
1023 0
1023 0
1023 0
1023 0
784 0
328 0
0 0
0 0
0 0
0 0
0 0
0 0
0 0
0 0
0 0
0 0
0 0
0 0
0 0
0 0
0 0
183 0
632 0
1023 0
1023 0
1023 0
1023 0
1023 0
872 0
428 0
0 0
0 0
0 0
0 0
0 0
0 0
0 0
0 0
0 0
0 0
0 0
0 0
0 0
0 0
0 0
83 0
446 0
874 0
1023 0
1023 0
1023 0
1023 0
1023 0
618 0
151 0
0 0
0 0
0 0
0 0
0 0
0 0
0 0
0 0
0 0
0 0
0 0
0 0
0 0
0 0
77 0
441 0
869 0
1023 0
1023 0
1023 0
1023 0
1023 0
623 0
158 0
0 0
0 0
0 0
0 0
0 0
0 0
0 0
0 0
0 0
0 0
0 0
0 0
0 0
0 0
74 0
453 0
891 0
1023 0
1023 0
1023 0
1023 0
1023 0
629 0
162 0
0 0
0 0
0 0
0 0
0 0
0 0
0 0
0 0
0 0
0 0
0 0
0 0
0 0
0 0
67 0
426 0
851 0
1023 0
1023 0
1023 0
1023 0
1023 0
655 0
192 0
0 0
0 0
0 0
0 0
0 0
0 0
0 0
0 0
0 0
0 0
0 0
0 0
0 0
0 0
57 0
419 0
851 0
1023 0
1023 0
1023 0
1023 0
1023 0
642 0
179 0
0 0
0 0
0 0
0 0
0 0
0 0
0 0
0 0
0 0
0 0
0 0
0 0
0 0
0 0
53 0
417 0
841 0
1023 0
1023 0
1023 0
1023 0
1023 0
651 0
184 0
0 0
0 0
0 0
0 0
0 0
0 0
0 0
0 0
0 0
0 0
0 0
0 0
0 0
0 0
47 0
410 0
842 0
1023 0
1023 0
1023 0
1023 0
1023 0
652 0
188 0
0 0
0 0
0 0
0 0
0 0
0 0
0 0
0 0
0 0
0 0
0 0
0 0
0 0
0 0
43 0
406 0
839 0
1023 0
1023 0
1023 0
1023 0
1023 0
660 0
196 0
0 0
0 0
0 0
0 0
0 0
0 0
0 0
0 0
0 0
0 0
0 0
0 0
0 0
0 0
34 0
400 0
834 0
1023 0
1023 0
1023 0
1023 0
1023 0
669 0
207 0
0 0
0 0
0 0
0 0
0 0
0 0
0 0
0 0
0 0
0 0
0 0
0 0
0 0
0 0
31 0
393 0
828 0
1023 0
1023 0
1023 0
1023 0
1023 0
672 0
208 0
0 0
0 0
0 0
0 0
0 0
0 0
0 0
0 0
0 0
0 0
0 0
0 0
0 0
0 0
24 0
387 0
823 0
1023 0
1023 0
1023 0
1023 0
1023 0
678 0
213 0
0 0
0 0
0 0
0 0
0 0
0 0
0 0
0 0
0 0
0 0
0 0
0 0
0 0
0 0
19 0
380 0
817 0
1023 0
1023 0
1023 0
1023 0
1023 0
682 0
215 0
0 0
0 0
0 0
0 0
0 0
0 0
0 0
0 0
0 0
0 0
0 0
0 0
0 0
0 0
13 0
376 0
813 0
1023 0
1023 0
1023 0
1023 0
1023 0
689 0
227 0
0 0
0 0
0 0
0 0
0 0
0 0
0 0
0 0
0 0
0 0
0 0
0 0
0 0
0 0
7 0
278 0
722 0
1023 0
1023 0
1023 0
1023 0
1023 0
785 0
329 0
0 0
0 0
0 0
0 0
0 0
0 0
0 0
0 0
0 0
0 0
0 0
0 0
0 0
0 0
0 0
181 0
631 0
1023 0
1023 0
1023 0
1023 0
1023 0
869 0
428 0
0 0
0 0
0 0
0 0
0 0
0 0
0 0
0 0
0 0
0 0
0 0
0 0
0 0
0 0
0 0
88 0
451 0
878 0
1023 0
1023 0
1023 0
1023 0
1023 0
618 0
152 0
0 0
0 0
0 0
0 0
0 0
0 0
0 0
0 0
0 0
0 0
0 0
0 0
0 0
0 0
77 0
441 0
872 0
1023 0
1023 0
1023 0
1023 0
1023 0
623 0
158 0
0 0
0 0
0 0
0 0
0 0
0 0
0 0
0 0
0 0
0 0
0 0
0 0
0 0
0 0
72 0
436 0
864 0
1023 0
1023 0
1023 0
1023 0
1023 0
632 0
165 0
0 0
0 0
0 0
0 0
0 0
0 0
0 0
0 0
0 0
0 0
0 0
0 0
0 0
0 0
63 0
430 0
862 0
1023 0
1023 0
1023 0
1023 0
1023 0
634 0
169 0
0 0
0 0
0 0
0 0
0 0
0 0
0 0
0 0
0 0
0 0
0 0
0 0
0 0
0 0
60 0
424 0
856 0
1023 0
1023 0
1023 0
1023 0
1023 0
641 0
176 0
0 0
0 0
0 0
0 0
0 0
0 0
0 0
0 0
0 0
0 0
0 0
0 0
0 0
0 0
53 0
419 0
849 0
1023 0
1023 0
1023 0
1023 0
1023 0
645 0
182 0
0 0
0 0
0 0
0 0
0 0
0 0
0 0
0 0
0 0
0 0
0 0
0 0
0 0
0 0
48 0
412 0
844 0
1023 0
1023 0
1023 0
1023 0
1023 0
655 0
189 0
0 0
0 0
0 0
0 0
0 0
0 0
0 0
0 0
0 0
0 0
0 0
0 0
0 0
0 0
41 0
405 0
838 0
1023 0
1023 0
1023 0
1023 0
1023 0
659 0
195 0
0 0
0 0
0 0
0 0
0 0
0 0
0 0
0 0
0 0
0 0
0 0
0 0
0 0
0 0
35 0
400 0
832 0
1023 0
1023 0
1023 0
1023 0
1023 0
666 0
203 0
0 0
0 0
0 0
0 0
0 0
0 0
0 0
0 0
0 0
0 0
0 0
0 0
0 0
0 0
29 0
395 0
830 0
1023 0
1023 0
1023 0
1023 0
1023 0
676 0
211 0
0 0
0 0
0 0
0 0
0 0
0 0
0 0
0 0
0 0
0 0
0 0
0 0
0 0
0 0
24 0
389 0
822 0
1023 0
1023 0
1023 0
1023 0
1023 0
675 0
213 0
0 0
0 0
0 0
0 0
0 0
0 0
0 0
0 0
0 0
0 0
0 0
0 0
0 0
0 0
17 0
381 0
817 0
1023 0
1023 0
1023 0
1023 0
1023 0
685 0
220 0
0 0
0 0
0 0
0 0
0 0
0 0
0 0
0 0
0 0
0 0
0 0
0 0
0 0
0 0
12 0
378 0
811 0
1023 0
1023 0
1023 0
1023 0
1023 0
690 0
222 0
0 0
0 0
0 0
0 0
0 0
0 0
0 0
0 0
0 0
0 0
0 0
0 0
0 0
0 0
8 0
279 0
724 0
1023 0
1023 0
1023 0
1023 0
1023 0
779 0
328 0
0 0
0 0
0 0
0 0
0 0
0 0
0 0
0 0
0 0
0 0
0 0
0 0
0 0
0 0
0 0
182 0
633 0
1023 0
1023 0
1023 0
1023 0
1023 0
874 0
428 0
0 0
0 0
0 0
0 0
0 0
0 0
0 0
0 0
0 0
0 0
0 0
0 0
0 0
0 0
0 0
84 0
449 0
880 0
1023 0
1023 0
1023 0
1023 0
1023 0
616 0
150 0
0 0
0 0
0 0
0 0
0 0
0 0
0 0
0 0
0 0
0 0
0 0
0 0
0 0
0 0
78 0
444 0
873 0
1023 0
1023 0
1023 0
1023 0
1023 0
624 0
156 0
0 0
0 0
0 0
0 0
0 0
0 0
0 0
0 0
0 0
0 0
0 0
0 0
0 0
0 0
72 0
437 0
865 0
1023 0
1023 0
1023 0
1023 0
1023 0
628 0
163 0
0 0
0 0
0 0
0 0
0 0
0 0
0 0
0 0
0 0
0 0
0 0
0 0
0 0
0 0
67 0
431 0
863 0
1023 0
1023 0
1023 0
1023 0
1023 0
634 0
169 0
0 0
0 0
0 0
0 0
0 0
0 0
0 0
0 0
0 0
0 0
0 0
0 0
0 0
0 0
60 0
426 0
856 0
1023 0
1023 0
1023 0
1023 0
1023 0
640 0
174 0
0 0
0 0
0 0
0 0
0 0
0 0
0 0
0 0
0 0
0 0
0 0
0 0
0 0
0 0
75 0
477 0
926 0
1023 0
1023 0
1023 0
1023 0
1023 0
645 0
177 0
0 0
0 0
0 0
0 0
0 0
0 0
0 0
0 0
0 0
0 0
0 0
0 0
0 0
0 0
43 0
408 0
841 0
1023 0
1023 0
1023 0
1023 0
1023 0
653 0
188 0
0 0
0 0
0 0
0 0
0 0
0 0
0 0
0 0
0 0
0 0
0 0
0 0
0 0
0 0
44 0
408 0
839 0
1023 0
1023 0
1023 0
1023 0
1023 0
658 0
194 0
0 0
0 0
0 0
0 0
0 0
0 0
0 0
0 0
0 0
0 0
0 0
0 0
0 0
0 0
37 0
401 0
835 0
1023 0
1023 0
1023 0
1023 0
1023 0
665 0
201 0
0 0
0 0
0 0
0 0
0 0
0 0
0 0
0 0
0 0
0 0
0 0
0 0
0 0
0 0
32 0
395 0
828 0
1023 0
1023 0
1023 0
1023 0
1023 0
672 0
207 0
0 0
0 0
0 0
0 0
0 0
0 0
0 0
0 0
0 0
0 0
0 0
0 0
0 0
0 0
26 0
388 0
824 0
1023 0
1023 0
1023 0
1023 0
1023 0
675 0
211 0
0 0
0 0
0 0
0 0
0 0
0 0
0 0
0 0
0 0
0 0
0 0
0 0
0 0
0 0
20 0
383 0
819 0
1023 0
1023 0
1023 0
1023 0
1023 0
681 0
219 0
0 0
0 0
0 0
0 0
0 0
0 0
0 0
0 0
0 0
0 0
0 0
0 0
0 0
0 0
13 0
377 0
812 0
1023 0
1023 0
1023 0
1023 0
1023 0
687 0
225 0
0 0
0 0
0 0
0 0
0 0
0 0
0 0
0 0
0 0
0 0
0 0
0 0
0 0
0 0
7 0
277 0
723 0
1023 0
1023 0
1023 0
1023 0
1023 0
779 0
327 0
0 0
0 0
0 0
0 0
0 0
0 0
0 0
0 0
0 0
0 0
0 0
0 0
0 0
0 0
0 0
181 0
632 0
1023 0
1023 0
1023 0
1023 0
1023 0
870 0
426 0
0 0
0 0
0 0
0 0
0 0
0 0
0 0
0 0
0 0
0 0
0 0
0 0
0 0
0 0
0 0
84 0
448 0
876 0
1023 0
1023 0
1023 0
1023 0
1023 0
617 0
150 0
0 0
0 0
0 0
0 0
0 0
0 0
0 0
0 0
0 0
0 0
0 0
0 0
0 0
0 0
79 0
443 0
871 0
1023 0
1023 0
1023 0
1023 0
1023 0
623 0
156 0
0 0
0 0
0 0
0 0
0 0
0 0
0 0
0 0
0 0
0 0
0 0
0 0
0 0
0 0
73 0
437 0
869 0
1023 0
1023 0
1023 0
1023 0
1023 0
628 0
164 0
0 0
0 0
0 0
0 0
0 0
0 0
0 0
0 0
0 0
0 0
0 0
0 0
0 0
0 0
66 0
432 0
861 0
1023 0
1023 0
1023 0
1023 0
1023 0
633 0
168 0
0 0
0 0
0 0
0 0
0 0
0 0
0 0
0 0
0 0
0 0
0 0
0 0
0 0
0 0
62 0
427 0
857 0
1023 0
1023 0
1023 0
1023 0
1023 0
640 0
175 0
0 0
0 0
0 0
0 0
0 0
0 0
0 0
