452 0
488 0
517 0
532 0
530 0
512 0
478337 0
368 0
411 0
453 0
491 0
519 0
532 0
529 0
511 0
479 0
441 0
398 0
360 0
331 0
317 0
320 0
340 0
370 0
407 0
452 0
488 0
517 0
532 0
530 0
512 0
477 0
478 0
480 0
482 0
485 0
487 0
491 0
491 0
492 0
495 0
497 0
495 0
501 0
512 0
528 0
531 0
519 0
488 0
452 0
408 0
370 0
337 0
318 0
315 0
329 0
359 0
395 0
440 0
479 0
510 0
529 0
531 0
520 0
491 0
451 0
410 0
370 0
341 0
320 0
317 0
331 0
357 0
394 0
438 0
476 0
512 0
532 0
529 0
520 0
488 0
450 0
407 0
371 0
338 0
317 0
315 0
331 0
357 0
393 0
436 0
474 0
505 0
524 0
531 0
515 0
487 0
449 0
410 0
368 0
339 0
320 0
315 0
327 0
355 0
395 0
433 0
474 0
506 0
528 0
529 0
516 0
491 0
451 0
411 0
371 0
341 0
319 0
314 0
327 0
358 0
392 0
434 0
475 0
507 0
525 0
527 0
520 0
490 0
452 0
410 0
372 0
339 0
320 0
314 0
327 0
356 0
393 0
437 0
475 0
506 0
523 0
532 0
517 0
487 0
452 0
410 0
368 0
337 0
319 0
315 0
328 0
356 0
394 0
434 0
473 0
507 0
527 0
530 0
516 0
492 0
456 0
415 0
371 0
340 0
320 0
316 0
328 0
357 0
390 0
431 0
471 0
507 0
526 0
530 0
517 0
488 0
451 0
410 0
372 0
338 0
319 0
316 0
328 0
354 0
391 0
434 0
474 0
503 0
524 0
534 0
519 0
490 0
453 0
412 0
372 0
339 0
322 0
315 0
325 0
352 0
391 0
433 0
472 0
503 0
527 0
530 0
516 0
491 0
453 0
411 0
371 0
342 0
319 0
314 0
329 0
354 0
389 0
431 0
471 0
508 0
523 0
528 0
519 0
490 0
455 0
411 0
374 0
341 0
320 0
313 0
329 0
352 0
391 0
434 0
470 0
504 0
523 0
532 0
517 0
491 0
456 0
415 0
372 0
342 0
321 0
315 0
326 0
352 0
388 0
429 0
470 0
502 0
523 0
527 0
518 0
492 0
454 0
414 0
374 0
340 0
320 0
314 0
325 0
352 0
387 0
428 0
468 0
503 0
522 0
529 0
518 0
491 0
456 0
412 0
375 0
339 0
319 0
315 0
324 0
350 0
388 0
430 0
470 0
504 0
522 0
530 0
517 0
493 0
457 0
415 0
376 0
342 0
320 0
315 0
325 0
349 0
386 0
430 0
468 0
500 0
522 0
528 0
517 0
492 0
456 0
414 0
373 0
341 0
319 0
313 0
323 0
351 0
387 0
427 0
468 0
503 0
522 0
527 0
519 0
492 0
458 0
414 0
375 0
343 0
319 0
313 0
324 0
351 0
385 0
429 0
465 0
502 0
521 0
528 0
519 0
492 0
456 0
416 0
375 0
344 0
322 0
314 0
325 0
349 0
385 0
429 0
468 0
499 0
521 0
528 0
518 0
493 0
457 0
417 0
374 0
341 0
322 0
312 0
326 0
349 0
386 0
428 0
467 0
501 0
521 0
528 0
519 0
494 0
457 0
418 0
376 0
343 0
319 0
313 0
325 0
347 0
384 0
426 0
467 0
499 0
523 0
530 0
518 0
493 0
457 0
420 0
377 0
344 0
323 0
316 0
323 0
349 0
385 0
424 0
466 0
499 0
523 0
528 0
518 0
493 0
458 0
416 0
378 0
342 0
320 0
313 0
324 0
348 0
383 0
425 0
467 0
498 0
523 0
529 0
520 0
496 0
458 0
419 0
378 0
343 0
321 0
313 0
324 0
350 0
384 0
424 0
465 0
499 0
520 0
528 0
520 0
495 0
458 0
418 0
377 0
344 0
321 0
315 0
325 0
348 0
383 0
423 0
465 0
500 0
524 0
528 0
521 0
494 0
461 0
418 0
379 0
345 0
320 0
313 0
321 0
347 0
381 0
425 0
466 0
499 0
520 0
530 0
521 0
497 0
459 0
418 0
379 0
344 0
323 0
314 0
322 0
346 0
382 0
424 0
464 0
496 0
521 0
528 0
518 0
495 0
461 0
421 0
379 0
344 0
321 0
313 0
323 0
348 0
381 0
423 0
464 0
498 0
521 0
528 0
519 0
497 0
463 0
419 0
379 0
347 0
321 0
313 0
323 0
346 0
379 0
420 0
463 0
499 0
520 0
527 0
522 0
497 0
461 0
422 0
380 0
348 0
325 0
315 0
323 0
345 0
380 0
422 0
463 0
495 0
521 0
529 0
521 0
495 0
461 0
420 0
380 0
345 0
322 0
313 0
321 0
344 0
380 0
421 0
463 0
495 0
523 0
528 0
521 0
498 0
463 0
424 0
381 0
346 0
323 0
313 0
320 0
345 0
380 0
420 0
460 0
497 0
520 0
529 0
524 0
501 0
463 0
422 0
380 0
347 0
323 0
314 0
323 0
347 0
379 0
421 0
462 0
496 0
519 0
528 0
520 0
497 0
464 0
422 0
380 0
344 0
320 0
313 0
320 0
343 0
378 0
421 0
461 0
495 0
521 0
531 0
521 0
499 0
466 0
425 0
383 0
349 0
325 0
315 0
320 0
346 0
378 0
419 0
459 0
496 0
517 0
530 0
521 0
498 0
463 0
423 0
384 0
347 0
323 0
312 0
321 0
343 0
378 0
418 0
461 0
494 0
519 0
530 0
522 0
498 0
464 0
424 0
383 0
349 0
321 0
314 0
319 0
342 0
377 0
418 0
460 0
494 0
520 0
529 0
521 0
498 0
466 0
424 0
384 0
348 0
326 0
313 0
322 0
342 0
377 0
419 0
458 0
494 0
518 0
529 0
523 0
497 0
464 0
424 0
383 0
350 0
324 0
313 0
321 0
342 0
375 0
417 0
458 0
493 0
518 0
530 0
524 0
500 0
465 0
425 0
384 0
347 0
325 0
314 0
320 0
341 0
378 0
418 0
457 0
492 0
518 0
529 0
522 0
500 0
465 0
428 0
385 0
351 0
327 0
317 0
320 0
343 0
377 0
417 0
456 0
495 0
517 0
526 0
523 0
500 0
465 0
425 0
384 0
348 0
323 0
313 0
321 0
344 0
374 0
417 0
459 0
493 0
517 0
529 0
524 0
501 0
467 0
427 0
386 0
351 0
323 0
313 0
320 0
341 0
375 0
413 0
456 0
491 0
518 0
527 0
521 0
501 0
468 0
427 0
385 0
350 0
325 0
314 0
319 0
342 0
374 0
414 0
455 0
494 0
518 0
528 0
522 0
499 0
468 0
428 0
388 0
349 0
322 0
313 0
319 0
339 0
373 0
414 0
456 0
492 0
519 0
528 0
522 0
500 0
468 0
429 0
386 0
351 0
326 0
315 0
318 0
339 0
375 0
413 0
453 0
490 0
517 0
527 0
522 0
500 0
471 0
427 0
386 0
351 0
327 0
314 0
318 0
342 0
373 0
417 0
456 0
491 0
518 0
528 0
522 0
503 0
470 0
428 0
387 0
352 0
324 0
312 0
318 0
339 0
373 0
412 0
453 0
491 0
516 0
530 0
523 0
503 0
470 0
430 0
388 0
354 0
325 0
314 0
318 0
339 0
372 0
415 0
456 0
490 0
517 0
527 0
521 0
502 0
469 0
431 0
388 0
353 0
326 0
316 0
317 0
342 0
371 0
415 0
453 0
491 0
516 0
528 0
524 0
503 0
470 0
429 0
391 0
354 0
325 0
313 0
318 0
339 0
370 0
410 0
453 0
491 0
516 0
531 0
523 0
505 0
470 0
431 0
390 0
352 0
325 0
316 0
320 0
339 0
371 0
412 0
452 0
488 0
518 0
527 0
523 0
504 0
472 0
432 0
388 0
354 0
328 0
316 0
319 0
340 0
371 0
412 0
453 0
491 0
516 0
531 0
524 0
506 0
471 0
430 0
390 0
355 0
327 0
315 0
318 0
339 0
368 0
409 0
453 0
487 0
515 0
527 0
523 0
506 0
473 0
433 0
390 0
353 0
327 0
316 0
318 0
338 0
372 0
409 0
451 0
489 0
514 0
531 0
523 0
506 0
473 0
430 0
389 0
353 0
329 0
313 0
318 0
339 0
369 0
409 0
450 0
489 0
515 0
529 0
524 0
504 0
472 0
433 0
392 0
356 0
327 0
314 0
318 0
339 0
369 0
409 0
450 0
487 0
512 0
526 0
524 0
505 0
475 0
434 0
392 0
354 0
327 0
314 0
319 0
338 0
371 0
410 0
450 0
487 0
517 0
529 0
526 0
505 0
473 0
435 0
394 0
355 0
327 0
315 0
315 0
338 0
368 0
407 0
449 0
489 0
513 0
528 0
524 0
508 0
474 0
434 0
393 0
355 0
327 0
316 0
317 0
335 0
367 0
407 0
450 0
485 0
513 0
529 0
524 0
504 0
474 0
438 0
393 0
355 0
327 0
315 0
318 0
335 0
368 0
407 0
447 0
485 0
516 0
529 0
524 0
506 0
478 0
435 0
393 0
358 0
328 0
315 0
316 0
336 0
367 0
407 0
447 0
486 0
513 0
527 0
525 0
509 0
475 0
434 0
394 0
359 0
328 0
315 0
317 0
336 0
365 0
406 0
447 0
483 0
513 0
529 0
526 0
507 0
475 0
439 0
393 0
357 0
331 0
315 0
318 0
334 0
366 0
406 0
448 0
486 0
515 0
529 0
525 0
507 0
476 0
438 0
396 0
357 0
329 0
315 0
316 0
335 0
365 0
404 0
447 0
484 0
514 0
526 0
524 0
507 0
476 0
437 0
396 0
359 0
329 0
317 0
317 0
333 0
366 0
404 0
445 0
486 0
513 0
527 0
525 0
506 0
476 0
438 0
396 0
359 0
329 0
316 0
319 0
333 0
366 0
405 0
445 0
485 0
513 0
528 0
527 0
509 0
478 0
440 0
399 0
359 0
331 0
317 0
317 0
335 0
364 0
403 0
446 0
484 0
511 0
527 0
524 0
508 0
477 0
440 0
399 0
359 0
331 0
315 0
318 0
334 0
364 0
404 0
447 0
483 0
511 0
528 0
525 0
509 0
477 0
441 0
397 0
359 0
330 0
317 0
315 0
332 0
362 0
401 0
447 0
481 0
513 0
529 0
527 0
507 0
480 0
440 0
398 0
359 0
333 0
317 0
317 0
334 0
362 0
401 0
443 0
481 0
512 0
527 0
524 0
508 0
477 0
438 0
399 0
359 0
330 0
316 0
316 0
334 0
362 0
401 0
444 0
481 0
512 0
528 0
526 0
507 0
480 0
444 0
399 0
359 0
331 0
315 0
315 0
334 0
361 0
401 0
443 0
480 0
510 0
526 0
525 0
511 0
480 0
442 0
401 0
361 0
331 0
316 0
316 0
333 0
364 0
400 0
444 0
482 0
510 0
525 0
525 0
509 0
478 0
442 0
402 0
361 0
332 0
315 0
317 0
330 0
361 0
400 0
444 0
481 0
511 0
527 0
529 0
511 0
480 0
443 0
402 0
363 0
331 0
318 0
317 0
331 0
360 0
399 0
442 0
481 0
510 0
527 0
526 0
512 0
484 0
443 0
401 0
362 0
334 0
318 0
315 0
332 0
361 0
400 0
441 0
483 0
512 0
524 0
528 0
511 0
481 0
443 0
401 0
363 0
334 0
317 0
315 0
333 0
359 0
398 0
440 0
478 0
512 0
529 0
526 0
512 0
481 0
444 0
403 0
364 0
335 0
318 0
315 0
329 0
360 0
400 0
439 0
477 0
510 0
525 0
525 0
509 0
482 0
445 0
402 0
365 0
335 0
316 0
315 0
332 0
360 0
399 0
439 0
479 0
508 0
527 0
527 0
515 0
485 0
445 0
402 0
366 0
332 0
316 0
316 0
332 0
361 0
398 0
439 0
478 0
509 0
525 0
528 0
512 0
485 0
447 0
404 0
365 0
335 0
316 0
318 0
331 0
359 0
397 0
439 0
478 0
509 0
529 0
526 0
512 0
487 0
445 0
403 0
367 0
336 0
318 0
316 0
330 0
361 0
398 0
441 0
478 0
511 0
526 0
528 0
513 0
483 0
449 0
405 0
366 0
336 0
319 0
317 0
331 0
358 0
395 0
438 0
479 0
507 0
528 0
529 0
515 0
484 0
448 0
406 0
366 0
335 0
318 0
319 0
330 0
360 0
398 0
440 0
479 0
508 0
526 0
530 0
513 0
485 0
449 0
405 0
367 0
334 0
317 0
315 0
329 0
357 0
395 0
436 0
479 0
509 0
527 0
530 0
516 0
484 0
449 0
406 0
367 0
334 0
318 0
315 0
329 0
356 0
396 0
439 0
475 0
508 0
526 0
526 0
514 0
485 0
448 0
409 0
368 0
339 0
318 0
315 0
330 0
358 0
397 0
435 0
478 0
511 0
527 0
526 0
512 0
486 0
449 0
406 0
367 0
335 0
317 0
313 0
327 0
358 0
393 0
438 0
475 0
508 0
526 0
527 0
515 0
484 0
450 0
407 0
370 0
337 0
317 0
316 0
328 0
356 0
393 0
435 0
474 0
505 0
523 0
529 0
513 0
485 0
452 0
410 0
369 0
338 0
320 0
314 0
329 0
356 0
394 0
436 0
475 0
507 0
526 0
528 0
514 0
489 0
451 0
406 0
368 0
338 0
317 0
314 0
328 0
358 0
393 0
435 0
474 0
506 0
527 0
528 0
516 0
489 0
451 0
410 0
371 0
339 0
318 0
316 0
328 0
355 0
392 0
434 0
475 0
509 0
524 0
532 0
516 0
487 0
451 0
408 0
370 0
337 0
319 0
316 0
328 0
355 0
392 0
434 0
473 0
509 0
526 0
530 0
515 0
488 0
454 0
408 0
370 0
338 0
317 0
314 0
326 0
353 0
391 0
434 0
473 0
505 0
525 0
526 0
518 0
488 0
451 0
410 0
371 0
340 0
319 0
315 0
327 0
355 0
392 0
433 0
471 0
503 0
524 0
529 0
514 0
487 0
453 0
410 0
369 0
338 0
320 0
313 0
325 0
352 0
391 0
434 0
470 0
507 0
526 0
530 0
518 0
489 0
454 0
410 0
372 0
339 0
320 0
316 0
326 0
352 0
389 0
431 0
472 0
502 0
523 0
527 0
518 0
490 0
453 0
412 0
371 0
341 0
320 0
317 0
330 0
352 0
392 0
434 0
471 0
505 0
524 0
529 0
516 0
489 0
454 0
411 0
370 0
338 0
319 0
315 0
324 0
352 0
389 0
