695 0
277 0
258 0
239 0
220 0
200 0
6 0
567 0
557 0
546 0
536 0
525 0
513 0
502 0
488 0
473 0
460 0
445 0
432 0
415 0
399 0
383 0
366 0
349 0
331 0
314 0
295 0
277 0
258 0
239 0
220 0
200 0
295 0
294 0
294 0
292 0
291 0
290 0
290 0
288 0
287 0
286 0
286 0
285 0
284 0
283 0
276 0
256 0
238 0
219 0
199 0
180 0
160 0
138 0
120 0
99 0
82 0
66 0
49 0
32 0
16 0
0 0
0 0
0 0
0 0
0 0
0 0
0 0
0 0
0 0
0 0
0 0
0 0
0 0
0 0
0 0
0 0
0 0
0 0
0 0
0 0
0 0
0 0
0 0
0 0
0 0
0 0
0 0
0 0
0 0
0 0
0 0
0 0
0 0
0 0
0 0
0 0
0 0
0 0
0 0
0 0
0 0
0 0
0 0
0 0
0 0
0 0
0 0
0 0
0 0
0 0
0 0
0 0
0 0
0 0
0 0
0 0
0 0
0 0
0 0
0 0
0 0
0 0
0 0
0 0
0 0
0 0
0 0
0 0
0 0
0 0
0 0
0 0
0 0
0 0
0 0
0 0
0 0
0 0
0 0
0 0
0 0
0 0
0 0
0 0
0 0
0 0
0 0
0 0
0 0
0 0
0 0
0 0
0 0
0 0
0 0
0 0
0 0
0 0
0 0
0 0
0 0
0 0
0 0
0 0
0 0
0 0
0 0
0 0
0 0
0 0
0 0
0 0
0 0
0 0
0 0
0 0
0 0
0 0
0 0
0 0
0 0
0 0
0 0
0 0
0 0
0 0
0 0
0 0
0 0
0 0
0 0
0 0
0 0
0 0
0 0
0 0
0 0
0 0
0 0
0 0
0 0
0 0
0 0
0 0
0 0
0 0
0 0
0 0
0 0
0 0
0 0
0 0
0 0
0 0
0 0
0 0
0 0
0 0
0 0
0 0
0 0
7 0
20 0
36 0
52 0
69 0
86 0
102 0
122 0
143 0
163 0
184 0
202 0
226 0
245 0
260 0
278 0
300 0
316 0
334 0
351 0
368 0
383 0
399 0
414 0
433 0
445 0
459 0
475 0
492 0
499 0
511 0
526 0
534 0
544 0
555 0
568 0
574 0
581 0
589 0
595 0
602 0
608 0
617 0
622 0
621 0
623 0
630 0
628 0
629 0
629 0
629 0
629 0
626 0
628 0
625 0
617 0
613 0
612 0
602 0
595 0
589 0
581 0
572 0
564 0
558 0
547 0
532 0
522 0
513 0
502 0
486 0
472 0
461 0
444 0
429 0
413 0
402 0
382 0
366 0
350 0
334 0
316 0
295 0
279 0
259 0
239 0
220 0
203 0
181 0
161 0
142 0
121 0
101 0
81 0
64 0
47 0
29 0
14 0
0 0
0 0
0 0
0 0
0 0
0 0
0 0
0 0
0 0
0 0
0 0
0 0
0 0
0 0
0 0
0 0
0 0
0 0
0 0
0 0
0 0
0 0
0 0
0 0
0 0
0 0
0 0
0 0
0 0
0 0
0 0
0 0
0 0
0 0
0 0
0 0
0 0
0 0
0 0
0 0
0 0
0 0
0 0
0 0
0 0
0 0
0 0
0 0
0 0
0 0
0 0
0 0
0 0
0 0
0 0
0 0
0 0
0 0
0 0
0 0
0 0
0 0
0 0
0 0
0 0
0 0
0 0
0 0
0 0
0 0
0 0
0 0
0 0
0 0
0 0
0 0
0 0
0 0
0 0
0 0
0 0
0 0
0 0
0 0
0 0
0 0
0 0
0 0
0 0
0 0
0 0
0 0
0 0
0 0
0 0
0 0
0 0
0 0
0 0
0 0
0 0
0 0
0 0
0 0
0 0
0 0
0 0
0 0
0 0
0 0
0 0
0 0
0 0
0 0
0 0
0 0
0 0
0 0
0 0
0 0
0 0
0 0
0 0
0 0
0 0
0 0
0 0
0 0
0 0
0 0
0 0
0 0
0 0
0 0
0 0
0 0
0 0
0 0
0 0
0 0
0 0
0 0
0 0
0 0
0 0
0 0
0 0
0 0
0 0
0 0
0 0
0 0
0 0
0 0
0 0
0 0
0 0
0 0
0 0
0 0
0 0
8 0
21 0
37 0
54 0
70 0
86 0
103 0
123 0
143 0
164 0
182 0
203 0
223 0
243 0
262 0
278 0
297 0
314 0
332 0
349 0
366 0
382 0
399 0
415 0
430 0
445 0
459 0
473 0
485 0
498 0
512 0
522 0
533 0
543 0
556 0
563 0
572 0
580 0
590 0
594 0
601 0
608 0
612 0
615 0
619 0
624 0
626 0
627 0
627 0
630 0
627 0
626 0
624 0
622 0
618 0
615 0
612 0
607 0
600 0
593 0
588 0
579 0
571 0
561 0
552 0
542 0
531 0
521 0
510 0
498 0
483 0
472 0
456 0
442 0
428 0
412 0
396 0
379 0
364 0
347 0
329 0
311 0
294 0
275 0
256 0
237 0
219 0
200 0
180 0
160 0
140 0
120 0
100 0
78 0
62 0
46 0
29 0
13 0
0 0
0 0
0 0
0 0
0 0
0 0
0 0
0 0
0 0
0 0
0 0
0 0
0 0
0 0
0 0
0 0
0 0
0 0
0 0
0 0
0 0
0 0
0 0
0 0
0 0
0 0
0 0
0 0
0 0
0 0
0 0
0 0
0 0
0 0
0 0
0 0
0 0
0 0
0 0
0 0
0 0
0 0
0 0
0 0
0 0
0 0
0 0
0 0
0 0
0 0
0 0
0 0
0 0
0 0
0 0
0 0
0 0
0 0
0 0
0 0
0 0
0 0
0 0
0 0
0 0
0 0
0 0
0 0
0 0
0 0
0 0
0 0
0 0
0 0
0 0
0 0
0 0
0 0
0 0
0 0
0 0
0 0
0 0
0 0
0 0
0 0
0 0
0 0
0 0
0 0
0 0
0 0
0 0
0 0
0 0
0 0
0 0
0 0
0 0
0 0
0 0
0 0
0 0
0 0
0 0
0 0
0 0
0 0
0 0
0 0
0 0
0 0
0 0
0 0
0 0
0 0
0 0
0 0
0 0
0 0
0 0
0 0
0 0
0 0
0 0
0 0
0 0
0 0
0 0
0 0
0 0
0 0
0 0
0 0
0 0
0 0
0 0
0 0
0 0
0 0
0 0
0 0
0 0
0 0
0 0
0 0
0 0
0 0
0 0
0 0
0 0
0 0
0 0
0 0
0 0
0 0
0 0
0 0
0 0
0 0
0 0
9 0
22 0
38 0
55 0
71 0
88 0
104 0
125 0
145 0
164 0
184 0
203 0
224 0
243 0
263 0
280 0
297 0
315 0
333 0
351 0
367 0
383 0
400 0
415 0
432 0
445 0
460 0
474 0
486 0
500 0
512 0
523 0
534 0
545 0
554 0
564 0
572 0
581 0
589 0
595 0
602 0
608 0
611 0
616 0
621 0
623 0
625 0
626 0
628 0
629 0
627 0
627 0
626 0
621 0
618 0
616 0
610 0
605 0
599 0
594 0
588 0
578 0
571 0
564 0
553 0
542 0
533 0
520 0
508 0
497 0
484 0
472 0
456 0
441 0
428 0
412 0
395 0
379 0
362 0
345 0
328 0
311 0
294 0
274 0
255 0
237 0
217 0
198 0
179 0
158 0
138 0
118 0
98 0
81 0
65 0
48 0
32 0
16 0
0 0
0 0
0 0
0 0
0 0
0 0
0 0
0 0
0 0
0 0
0 0
0 0
0 0
0 0
0 0
0 0
0 0
0 0
0 0
0 0
0 0
0 0
0 0
0 0
0 0
0 0
0 0
0 0
0 0
0 0
0 0
0 0
0 0
0 0
0 0
0 0
0 0
0 0
0 0
0 0
0 0
0 0
0 0
0 0
0 0
0 0
0 0
0 0
0 0
0 0
0 0
0 0
0 0
0 0
0 0
0 0
0 0
0 0
0 0
0 0
0 0
0 0
0 0
0 0
0 0
0 0
0 0
0 0
0 0
0 0
0 0
0 0
0 0
0 0
0 0
0 0
0 0
0 0
0 0
0 0
0 0
0 0
0 0
0 0
0 0
0 0
0 0
0 0
0 0
0 0
0 0
0 0
0 0
0 0
0 0
0 0
0 0
0 0
0 0
0 0
0 0
0 0
0 0
0 0
0 0
0 0
0 0
0 0
0 0
0 0
0 0
0 0
0 0
0 0
0 0
0 0
0 0
0 0
0 0
0 0
0 0
0 0
0 0
0 0
0 0
0 0
0 0
0 0
0 0
0 0
0 0
0 0
0 0
0 0
0 0
0 0
0 0
0 0
0 0
0 0
0 0
0 0
0 0
0 0
0 0
0 0
0 0
0 0
0 0
0 0
0 0
0 0
0 0
0 0
0 0
0 0
0 0
0 0
0 0
0 0
0 0
6 0
19 0
35 0
52 0
68 0
85 0
101 0
122 0
142 0
163 0
181 0
201 0
224 0
244 0
260 0
278 0
296 0
314 0
331 0
349 0
366 0
383 0
402 0
415 0
429 0
444 0
462 0
472 0
487 0
498 0
510 0
522 0
533 0
548 0
554 0
564 0
573 0
584 0
588 0
595 0
601 0
607 0
612 0
616 0
624 0
624 0
626 0
627 0
632 0
628 0
628 0
628 0
629 0
623 0
620 0
620 0
612 0
608 0
601 0
600 0
588 0
580 0
572 0
567 0
554 0
544 0
532 0
522 0
511 0
498 0
489 0
472 0
461 0
444 0
431 0
413 0
398 0
381 0
365 0
348 0
331 0
315 0
294 0
276 0
257 0
239 0
220 0
200 0
181 0
161 0
141 0
121 0
101 0
80 0
64 0
48 0
32 0
15 0
0 0
0 0
0 0
0 0
0 0
0 0
0 0
0 0
0 0
0 0
0 0
0 0
0 0
0 0
0 0
0 0
0 0
0 0
0 0
0 0
0 0
0 0
0 0
0 0
0 0
0 0
0 0
0 0
0 0
0 0
0 0
0 0
0 0
0 0
0 0
0 0
0 0
0 0
0 0
0 0
0 0
0 0
0 0
0 0
0 0
0 0
0 0
0 0
0 0
0 0
0 0
0 0
0 0
0 0
0 0
0 0
0 0
0 0
0 0
0 0
0 0
0 0
0 0
0 0
0 0
0 0
0 0
0 0
0 0
0 0
0 0
0 0
0 0
0 0
0 0
0 0
0 0
0 0
0 0
0 0
0 0
0 0
0 0
0 0
0 0
0 0
0 0
0 0
0 0
0 0
0 0
0 0
0 0
0 0
0 0
0 0
0 0
0 0
0 0
0 0
0 0
0 0
0 0
0 0
0 0
0 0
0 0
0 0
0 0
0 0
0 0
0 0
0 0
0 0
0 0
0 0
0 0
0 0
0 0
0 0
0 0
0 0
0 0
0 0
0 0
0 0
0 0
0 0
0 0
0 0
0 0
0 0
0 0
0 0
0 0
0 0
0 0
0 0
0 0
0 0
0 0
0 0
0 0
0 0
0 0
0 0
0 0
0 0
0 0
0 0
0 0
0 0
0 0
0 0
0 0
0 0
0 0
0 0
0 0
0 0
0 0
8 0
21 0
36 0
53 0
71 0
86 0
102 0
124 0
143 0
163 0
185 0
202 0
223 0
244 0
263 0
279 0
297 0
314 0
336 0
349 0
366 0
386 0
399 0
414 0
431 0
447 0
460 0
473 0
486 0
502 0
511 0
523 0
538 0
544 0
554 0
564 0
576 0
582 0
588 0
595 0
606 0
608 0
612 0
620 0
620 0
623 0
626 0
631 0
629 0
630 0
629 0
631 0
625 0
623 0
620 0
620 0
611 0
607 0
604 0
595 0
587 0
580 0
576 0
563 0
553 0
542 0
533 0
520 0
508 0
499 0
487 0
471 0
457 0
443 0
428 0
412 0
396 0
381 0
363 0
346 0
330 0
313 0
293 0
275 0
257 0
238 0
218 0
199 0
180 0
160 0
140 0
119 0
100 0
80 0
62 0
46 0
29 0
13 0
0 0
0 0
0 0
0 0
0 0
0 0
0 0
0 0
0 0
0 0
0 0
0 0
0 0
0 0
0 0
0 0
0 0
0 0
0 0
0 0
0 0
0 0
0 0
0 0
0 0
0 0
0 0
0 0
0 0
0 0
0 0
0 0
0 0
0 0
0 0
0 0
0 0
0 0
0 0
0 0
0 0
0 0
0 0
0 0
0 0
0 0
0 0
0 0
0 0
0 0
0 0
0 0
0 0
0 0
0 0
0 0
0 0
0 0
0 0
0 0
0 0
0 0
0 0
0 0
0 0
0 0
0 0
0 0
0 0
0 0
0 0
0 0
0 0
0 0
0 0
0 0
0 0
0 0
0 0
0 0
0 0
0 0
0 0
0 0
0 0
0 0
0 0
0 0
0 0
0 0
0 0
0 0
0 0
0 0
0 0
0 0
0 0
0 0
0 0
0 0
0 0
0 0
0 0
0 0
0 0
0 0
0 0
0 0
0 0
0 0
0 0
0 0
0 0
0 0
0 0
0 0
0 0
0 0
0 0
0 0
0 0
0 0
0 0
0 0
0 0
0 0
0 0
0 0
0 0
0 0
0 0
0 0
0 0
0 0
0 0
0 0
0 0
0 0
0 0
0 0
0 0
0 0
0 0
0 0
0 0
0 0
0 0
0 0
0 0
0 0
0 0
0 0
0 0
0 0
0 0
0 0
0 0
0 0
0 0
0 0
0 0
9 0
21 0
38 0
55 0
71 0
88 0
104 0
124 0
144 0
164 0
184 0
203 0
223 0
244 0
263 0
282 0
297 0
315 0
333 0
350 0
368 0
384 0
400 0
415 0
433 0
445 0
460 0
472 0
488 0
499 0
511 0
522 0
535 0
544 0
554 0
565 0
572 0
580 0
588 0
597 0
601 0
607 0
612 0
617 0
619 0
622 0
626 0
627 0
627 0
628 0
629 0
627 0
624 0
622 0
620 0
615 0
612 0
606 0
600 0
593 0
586 0
579 0
570 0
562 0
552 0
543 0
531 0
520 0
509 0
497 0
482 0
469 0
457 0
441 0
426 0
411 0
397 0
379 0
363 0
345 0
329 0
311 0
292 0
274 0
255 0
236 0
217 0
199 0
178 0
159 0
139 0
120 0
98 0
82 0
65 0
49 0
32 0
16 0
0 0
0 0
0 0
0 0
0 0
0 0
0 0
0 0
0 0
0 0
0 0
0 0
0 0
0 0
0 0
0 0
0 0
0 0
0 0
0 0
0 0
0 0
0 0
0 0
0 0
0 0
0 0
0 0
0 0
0 0
0 0
0 0
0 0
0 0
0 0
0 0
0 0
0 0
0 0
0 0
0 0
0 0
0 0
0 0
0 0
0 0
0 0
0 0
0 0
0 0
0 0
0 0
0 0
0 0
0 0
0 0
0 0
0 0
0 0
0 0
0 0
0 0
0 0
0 0
0 0
0 0
0 0
0 0
0 0
0 0
0 0
0 0
0 0
0 0
0 0
0 0
0 0
0 0
0 0
0 0
0 0
0 0
0 0
0 0
0 0
0 0
0 0
0 0
0 0
0 0
0 0
0 0
0 0
0 0
0 0
0 0
0 0
0 0
0 0
0 0
0 0
0 0
0 0
0 0
0 0
0 0
0 0
0 0
0 0
0 0
0 0
0 0
0 0
0 0
0 0
0 0
0 0
0 0
0 0
0 0
0 0
0 0
0 0
0 0
0 0
0 0
0 0
0 0
0 0
0 0
0 0
0 0
0 0
0 0
0 0
0 0
0 0
0 0
0 0
0 0
0 0
0 0
0 0
0 0
0 0
0 0
0 0
0 0
0 0
0 0
0 0
0 0
0 0
0 0
0 0
0 0
0 0
0 0
0 0
0 0
0 0
7 0
16 0
5 0
8 0
10 0
13 0
16 0
19 0
22 0
26 0
29 0
31 0
35 0
38 0
41 0
44 0
47 0
50 0
53 0
55 0
58 0
61 0
90 0
147 0
368 0
384 0
400 0
416 0
433 0
446 0
460 0
477 0
487 0
499 0
513 0
524 0
535 0
545 0
556 0
564 0
573 0
580 0
590 0
595 0
601 0
608 0
613 0
616 0
620 0
626 0
625 0
628 0
627 0
629 0
628 0
626 0
624 0
623 0
619 0
615 0
611 0
606 0
599 0
593 0
587 0
580 0
570 0
562 0
553 0
542 0
531 0
525 0
508 0
497 0
482 0
471 0
457 0
441 0
428 0
411 0
395 0
378 0
362 0
345 0
327 0
309 0
292 0
273 0
253 0
235 0
216 0
197 0
178 0
158 0
137 0
117 0
97 0
80 0
64 0
48 0
31 0
15 0
0 0
0 0
0 0
0 0
0 0
0 0
0 0
0 0
0 0
0 0
0 0
0 0
0 0
0 0
0 0
0 0
0 0
0 0
0 0
0 0
0 0
0 0
0 0
0 0
0 0
0 0
0 0
0 0
0 0
0 0
0 0
0 0
0 0
0 0
0 0
0 0
0 0
0 0
0 0
0 0
0 0
0 0
0 0
0 0
0 0
0 0
0 0
0 0
0 0
0 0
0 0
0 0
0 0
0 0
0 0
0 0
0 0
0 0
0 0
0 0
0 0
0 0
0 0
0 0
0 0
0 0
0 0
0 0
0 0
0 0
0 0
0 0
0 0
0 0
0 0
0 0
0 0
0 0
0 0
0 0
0 0
0 0
0 0
0 0
0 0
0 0
0 0
0 0
0 0
0 0
0 0
0 0
0 0
0 0
0 0
0 0
0 0
0 0
0 0
0 0
0 0
0 0
0 0
0 0
0 0
0 0
0 0
0 0
0 0
0 0
0 0
0 0
0 0
0 0
0 0
0 0
0 0
0 0
0 0
0 0
0 0
0 0
0 0
0 0
0 0
0 0
0 0
0 0
0 0
0 0
0 0
0 0
0 0
0 0
0 0
0 0
0 0
0 0
0 0
0 0
0 0
0 0
0 0
0 0
0 0
0 0
0 0
0 0
0 0
0 0
0 0
0 0
0 0
0 0
0 0
0 0
0 0
0 0
0 0
0 0
0 0
8 0
20 0
36 0
53 0
69 0
86 0
103 0
123 0
143 0
162 0
183 0
203 0
222 0
242 0
261 0
280 0
297 0
315 0
333 0
349 0
366 0
382 0
398 0
416 0
430 0
445 0
461 0
473 0
486 0
498 0
511 0
523 0
534 0
544 0
558 0
566 0
574 0
581 0
593 0
596 0
601 0
607 0
616 0
616 0
620 0
623 0
629 0
628 0
628 0
634 0
629 0
628 0
625 0
627 0
620 0
616 0
612 0
609 0
601 0
594 0
593 0
580 0
572 0
563 0
557 0
543 0
532 0
521 0
511 0
503 0
484 0
474 0
457 0
443 0
428 0
416 0
397 0
381 0
364 0
350 0
330 0
312 0
296 0
275 0
257 0
238 0
221 0
200 0
181 0
160 0
143 0
120 0
100 0
79 0
63 0
47 0
30 0
13 0
0 0
0 0
0 0
0 0
0 0
0 0
0 0
0 0
0 0
0 0
0 0
0 0
0 0
0 0
0 0
0 0
0 0
0 0
0 0
0 0
0 0
0 0
0 0
0 0
0 0
0 0
0 0
0 0
0 0
0 0
0 0
0 0
0 0
0 0
0 0
0 0
0 0
0 0
0 0
0 0
0 0
0 0
0 0
0 0
0 0
0 0
0 0
0 0
0 0
0 0
0 0
0 0
0 0
0 0
0 0
0 0
0 0
0 0
0 0
0 0
0 0
0 0
0 0
0 0
0 0
0 0
0 0
0 0
0 0
0 0
0 0
0 0
0 0
0 0
0 0
0 0
0 0
0 0
0 0
0 0
0 0
0 0
0 0
0 0
0 0
0 0
0 0
0 0
0 0
0 0
0 0
0 0
0 0
0 0
0 0
0 0
0 0
0 0
0 0
0 0
0 0
0 0
0 0
0 0
0 0
0 0
0 0
0 0
0 0
0 0
0 0
0 0
0 0
0 0
0 0
0 0
0 0
0 0
0 0
0 0
0 0
0 0
0 0
0 0
0 0
0 0
0 0
0 0
0 0
0 0
0 0
0 0
0 0
0 0
0 0
0 0
0 0
0 0
0 0
0 0
0 0
0 0
0 0
0 0
0 0
0 0
0 0
0 0
0 0
0 0
0 0
0 0
0 0
0 0
0 0
0 0
0 0
0 0
0 0
0 0
0 0
9 0
21 0
38 0
54 0
71 0
88 0
103 0
124 0
144 0
163 0
183 0
203 0
222 0
242 0
261 0
281 0
299 0
315 0
333 0
349 0
366 0
383 0
399 0
417 0
432 0
446 0
460 0
474 0
486 0
499 0
513 0
522 0
533 0
544 0
554 0
563 0
572 0
581 0
590 0
594 0
602 0
608 0
612 0
615 0
619 0
622 0
625 0
626 0
628 0
629 0
627 0
627 0
626 0
622 0
619 0
615 0
611 0
605 0
599 0
594 0
588 0
578 0
570 0
563 0
552 0
542 0
532 0
521 0
508 0
497 0
482 0
470 0
456 0
441 0
428 0
411 0
395 0
379 0
363 0
346 0
328 0
310 0
293 0
274 0
255 0
237 0
219 0
198 0
179 0
159 0
140 0
119 0
98 0
82 0
66 0
49 0
32 0
16 0
0 0
0 0
0 0
0 0
0 0
0 0
0 0
0 0
0 0
0 0
0 0
0 0
0 0
0 0
0 0
0 0
0 0
0 0
0 0
0 0
0 0
0 0
0 0
0 0
0 0
0 0
0 0
0 0
0 0
0 0
0 0
0 0
0 0
0 0
0 0
0 0
0 0
0 0
0 0
0 0
0 0
0 0
0 0
0 0
0 0
0 0
0 0
0 0
0 0
0 0
0 0
0 0
0 0
0 0
0 0
0 0
0 0
0 0
0 0
0 0
0 0
0 0
0 0
0 0
0 0
0 0
0 0
0 0
0 0
0 0
0 0
0 0
0 0
0 0
0 0
0 0
0 0
0 0
0 0
0 0
0 0
0 0
0 0
0 0
0 0
0 0
0 0
0 0
0 0
0 0
0 0
0 0
0 0
0 0
0 0
0 0
0 0
0 0
0 0
0 0
0 0
0 0
0 0
0 0
0 0
0 0
0 0
0 0
0 0
0 0
0 0
0 0
0 0
0 0
0 0
0 0
0 0
0 0
0 0
0 0
0 0
0 0
0 0
0 0
0 0
0 0
0 0
0 0
0 0
0 0
0 0
0 0
0 0
0 0
0 0
0 0
0 0
0 0
0 0
0 0
0 0
0 0
0 0
0 0
0 0
0 0
0 0
0 0
0 0
0 0
0 0
0 0
0 0
0 0
0 0
0 0
0 0
0 0
0 0
0 0
0 0
6 0
19 0
36 0
52 0
68 0
84 0
101 0
121 0
141 0
161 0
181 0
202 0
222 0
239 0
262 0
279 0
294 0
314 0
331 0
348 0
365 0
382 0
398 0
416 0
429 0
444 0
462 0
472 0
490 0
498 0
514 0
522 0
534 0
545 0
556 0
564 0
573 0
584 0
588 0
595 0
602 0
611 0
612 0
617 0
620 0
626 0
626 0
628 0
632 0
629 0
628 0
628 0
630 0
624 0
620 0
617 0
616 0
607 0
602 0
596 0
589 0
581 0
573 0
568 0
554 0
545 0
534 0
527 0
511 0
501 0
491 0
476 0
460 0
445 0
435 0
415 0
400 0
382 0
370 0
349 0
332 0
314 0
298 0
278 0
258 0
242 0
221 0
201 0
184 0
163 0
142 0
122 0
101 0
81 0
64 0
49 0
34 0
16 0
0 0
0 0
0 0
0 0
0 0
0 0
0 0
0 0
0 0
0 0
0 0
0 0
0 0
0 0
0 0
0 0
0 0
0 0
0 0
0 0
0 0
0 0
0 0
0 0
0 0
0 0
0 0
0 0
0 0
0 0
0 0
0 0
0 0
0 0
0 0
0 0
0 0
0 0
0 0
0 0
0 0
0 0
0 0
0 0
0 0
0 0
0 0
0 0
0 0
0 0
0 0
0 0
0 0
0 0
0 0
0 0
0 0
0 0
0 0
0 0
0 0
0 0
0 0
0 0
0 0
0 0
0 0
0 0
0 0
0 0
0 0
0 0
0 0
0 0
0 0
0 0
0 0
0 0
0 0
0 0
0 0
0 0
0 0
0 0
0 0
0 0
0 0
0 0
0 0
0 0
0 0
0 0
0 0
0 0
0 0
0 0
0 0
0 0
0 0
0 0
0 0
0 0
0 0
0 0
0 0
0 0
0 0
0 0
0 0
0 0
0 0
0 0
0 0
0 0
0 0
0 0
0 0
0 0
0 0
0 0
0 0
0 0
0 0
0 0
0 0
0 0
0 0
0 0
0 0
0 0
0 0
0 0
0 0
0 0
0 0
0 0
0 0
0 0
0 0
0 0
0 0
0 0
0 0
0 0
0 0
0 0
0 0
0 0
0 0
0 0
0 0
0 0
0 0
0 0
0 0
0 0
0 0
0 0
0 0
0 0
0 0
8 0
20 0
36 0
53 0
70 0
86 0
102 0
123 0
142 0
162 0
183 0
201 0
220 0
240 0
259 0
280 0
299 0
314 0
333 0
349 0
366 0
382 0
399 0
414 0
429 0
445 0
461 0
472 0
485 0
501 0
511 0
522 0
534 0
546 0
555 0
564 0
573 0
582 0
589 0
596 0
604 0
607 0
612 0
619 0
621 0
623 0
625 0
627 0
630 0
629 0
628 0
629 0
627 0
625 0
620 0
618 0
612 0
606 0
601 0
596 0
587 0
580 0
573 0
564 0
553 0
543 0
533 0
521 0
510 0
498 0
485 0
472 0
457 0
443 0
429 0
412 0
397 0
381 0
364 0
347 0
329 0
313 0
294 0
275 0
256 0
239 0
223 0
200 0
181 0
160 0
140 0
120 0
100 0
80 0
63 0
47 0
30 0
13 0
0 0
0 0
0 0
0 0
0 0
0 0
0 0
0 0
0 0
0 0
0 0
0 0
0 0
0 0
0 0
0 0
0 0
0 0
0 0
0 0
0 0
0 0
0 0
0 0
0 0
0 0
0 0
0 0
0 0
0 0
0 0
0 0
0 0
0 0
0 0
0 0
0 0
0 0
0 0
0 0
0 0
0 0
0 0
0 0
0 0
0 0
0 0
0 0
0 0
0 0
0 0
0 0
0 0
0 0
0 0
0 0
0 0
0 0
0 0
0 0
0 0
0 0
0 0
0 0
0 0
0 0
0 0
0 0
0 0
0 0
0 0
0 0
0 0
0 0
0 0
0 0
0 0
0 0
0 0
0 0
0 0
0 0
0 0
0 0
0 0
0 0
0 0
0 0
0 0
0 0
0 0
0 0
0 0
0 0
0 0
0 0
0 0
0 0
0 0
0 0
0 0
0 0
0 0
0 0
0 0
0 0
0 0
0 0
0 0
0 0
0 0
0 0
0 0
0 0
0 0
0 0
0 0
0 0
0 0
0 0
0 0
0 0
0 0
0 0
0 0
0 0
0 0
0 0
0 0
0 0
0 0
0 0
0 0
0 0
0 0
0 0
0 0
0 0
0 0
0 0
0 0
0 0
0 0
0 0
0 0
0 0
0 0
0 0
0 0
0 0
0 0
0 0
0 0
0 0
0 0
0 0
0 0
0 0
0 0
0 0
0 0
9 0
21 0
39 0
54 0
70 0
87 0
104 0
124 0
144 0
164 0
184 0
204 0
223 0
241 0
261 0
282 0
299 0
317 0
333 0
350 0
366 0
384 0
399 0
415 0
431 0
446 0
460 0
473 0
487 0
498 0
511 0
522 0
535 0
544 0
554 0
563 0
573 0
580 0
588 0
596 0
601 0
606 0
611 0
618 0
621 0
623 0
624 0
628 0
628 0
628 0
629 0
627 0
625 0
621 0
620 0
616 0
611 0
606 0
601 0
593 0
586 0
579 0
570 0
561 0
552 0
543 0
532 0
520 0
508 0
498 0
483 0
469 0
456 0
442 0
428 0
411 0
397 0
380 0
363 0
346 0
329 0
310 0
293 0
274 0
255 0
237 0
219 0
199 0
179 0
160 0
139 0
119 0
99 0
82 0
65 0
50 0
35 0
17 0
0 0
0 0
0 0
0 0
0 0
0 0
0 0
0 0
0 0
0 0
0 0
0 0
0 0
0 0
0 0
0 0
0 0
0 0
0 0
0 0
0 0
0 0
0 0
0 0
0 0
0 0
0 0
0 0
0 0
0 0
0 0
0 0
0 0
0 0
0 0
0 0
0 0
0 0
0 0
0 0
0 0
0 0
0 0
0 0
0 0
0 0
0 0
0 0
0 0
0 0
0 0
0 0
0 0
0 0
0 0
0 0
0 0
0 0
0 0
0 0
0 0
0 0
0 0
0 0
0 0
0 0
0 0
0 0
0 0
0 0
0 0
0 0
0 0
0 0
0 0
0 0
0 0
0 0
0 0
0 0
0 0
0 0
0 0
0 0
0 0
0 0
0 0
0 0
0 0
0 0
0 0
0 0
0 0
0 0
0 0
0 0
0 0
0 0
0 0
0 0
0 0
0 0
0 0
0 0
0 0
0 0
0 0
0 0
0 0
0 0
0 0
0 0
0 0
0 0
0 0
0 0
0 0
0 0
0 0
0 0
0 0
0 0
0 0
0 0
0 0
0 0
0 0
0 0
0 0
0 0
0 0
0 0
0 0
0 0
0 0
0 0
0 0
0 0
0 0
0 0
0 0
0 0
0 0
0 0
0 0
0 0
0 0
0 0
0 0
0 0
0 0
0 0
0 0
0 0
0 0
0 0
0 0
0 0
0 0
0 0
0 0
6 0
18 0
35 0
51 0
65 0
85 0
100 0
122 0
141 0
160 0
182 0
200 0
221 0
239 0
259 0
282 0
297 0
313 0
333 0
348 0
364 0
385 0
397 0
413 0
428 0
443 0
457 0
471 0
488 0
501 0
510 0
522 0
539 0
543 0
553 0
563 0
572 0
580 0
587 0
599 0
605 0
608 0
612 0
622 0
620 0
623 0
626 0
631 0
628 0
628 0
628 0
631 0
625 0
627 0
622 0
615 0
611 0
606 0
602 0
595 0
587 0
579 0
574 0
562 0
553 0
548 0
535 0
522 0
510 0
500 0
488 0
472 0
457 0
445 0
429 0
413 0
399 0
381 0
