23 0
301 0
117 0
1023 0
267 0
133 0
1023 0
270 0
130 0
1023 0
277 0
128 0
1023 0
282 0
126 0
1023 0
284 0
125 0
1023 0
292 0
122 0
1023 0
297 0
121 0
1023 0
301 0
117 0
1023 0
267 0
133 0
1023 0
270 0
130 0
1023 0
277 0
128 0
1023 0
282 0
126 0
1023 0
284 0
125 0
1023 0
292 0
122 0
1023 0
297 0
121 0
1023 0
301 0
11805 0
844 0
883 0
897 0
911 0
926 0
932 0
936 0
937 0
928 0
922 0
901 0
877 0
855 0
636 0
0 0
283 0
1023 0
91 0
128 0
1023 0
281 0
126 0
1023 0
289 0
126 0
1023 0
292 0
122 0
1023 0
297 0
121 0
1023 0
303 0
118 0
1023 0
308 0
118 0
1023 0
314 0
116 0
1023 0
318 0
116 0
1023 0
326 0
112 0
1023 0
329 0
111 0
1023 0
334 0
109 0
1023 0
341 0
108 0
1023 0
345 0
105 0
1023 0
351 0
105 0
1023 0
354 0
102 0
1023 0
360 0
100 0
1023 0
365 0
100 0
1023 0
371 0
98 0
973 0
809 0
0 0
236 0
1023 0
123 0
234 0
1023 0
124 0
231 0
1023 0
126 0
227 0
1023 0
128 0
226 0
1023 0
130 0
223 0
1023 0
133 0
220 0
1023 0
135 0
218 0
1023 0
135 0
214 0
1023 0
140 0
209 0
1023 0
144 0
210 0
1023 0
146 0
207 0
1023 0
151 0
203 0
1023 0
153 0
199 0
1023 0
162 0
194 0
1023 0
164 0
192 0
1023 0
168 0
190 0
1023 0
171 0
188 0
1023 0
173 0
184 0
1023 0
176 0
182 0
1023 0
180 0
180 0
1023 0
188 0
176 0
1023 0
192 0
175 0
1023 0
194 0
174 0
1023 0
201 0
170 0
1023 0
202 0
167 0
1023 0
208 0
164 0
1023 0
212 0
164 0
1023 0
214 0
161 0
1023 0
219 0
160 0
1023 0
223 0
157 0
1023 0
225 0
156 0
1023 0
226 0
153 0
1023 0
229 0
153 0
1023 0
234 0
149 0
1023 0
239 0
147 0
1023 0
244 0
145 0
1023 0
248 0
143 0
1023 0
251 0
142 0
1023 0
258 0
138 0
1023 0
263 0
137 0
1023 0
267 0
134 0
1023 0
269 0
132 0
1023 0
274 0
129 0
1023 0
281 0
128 0
1023 0
283 0
126 0
1023 0
289 0
126 0
1023 0
289 0
121 0
1023 0
295 0
122 0
1023 0
300 0
119 0
1023 0
304 0
119 0
1023 0
313 0
116 0
1023 0
318 0
114 0
1023 0
323 0
113 0
1023 0
329 0
111 0
1023 0
335 0
108 0
1023 0
341 0
107 0
1023 0
346 0
105 0
1023 0
351 0
104 0
1023 0
357 0
102 0
1023 0
362 0
100 0
1023 0
368 0
100 0
1023 0
373 0
98 0
967 0
807 0
0 0
235 0
1023 0
128 0
233 0
1023 0
128 0
231 0
1023 0
131 0
228 0
1023 1
134 1
224 1
1023 1
136 1
222 1
1023 1
136 1
217 1
1023 1
140 1
215 1
1023 1
142 1
212 1
1023 1
145 1
210 1
1023 1
150 1
206 1
1023 1
151 1
203 1
1023 1
155 1
200 1
1023 1
158 1
198 1
1023 1
162 1
194 1
1023 1
168 1
192 1
1023 1
171 1
189 1
1023 1
175 1
187 1
1023 1
179 1
183 1
1023 1
181 1
181 1
1023 1
187 1
178 1
1023 1
190 1
176 1
1023 1
196 1
173 1
1023 1
198 1
171 1
1023 1
203 1
170 1
1023 1
207 1
167 1
1023 1
209 1
166 1
1023 1
213 1
163 1
1023 1
217 1
161 1
1023 1
220 1
158 1
1023 1
226 1
156 1
1023 1
228 1
154 1
1023 1
233 1
153 1
1023 1
234 1
149 1
1023 1
241 1
147 1
1023 1
245 1
145 1
1023 1
248 1
144 1
1023 1
251 1
142 1
1023 1
255 1
139 1
1023 1
258 1
138 1
1023 1
264 1
136 1
1023 1
267 1
134 1
1023 1
272 1
132 1
1023 1
275 1
131 1
1023 1
280 1
127 1
1023 1
285 1
126 1
1023 1
288 1
124 1
1023 1
295 1
123 1
1023 1
299 1
120 1
1023 1
305 1
119 1
1023 1
310 1
117 1
1023 1
314 1
115 1
1023 1
319 1
113 1
1023 1
326 1
113 1
1023 1
331 1
110 1
1023 1
335 1
109 1
1023 1
341 1
108 1
1023 1
345 1
106 1
1023 1
351 1
106 1
1023 1
354 1
103 1
1023 1
361 1
102 1
1023 1
366 1
100 1
1023 1
372 1
99 1
967 1
808 1
0 1
237 1
1023 1
128 1
234 0
1023 0
129 0
232 0
1023 0
131 0
229 0
1023 0
133 0
227 0
1023 0
132 0
223 0
1023 0
134 0
220 0
1023 0
135 0
218 0
1023 0
140 0
215 0
1023 0
142 0
213 0
1023 0
144 0
210 0
1023 0
149 0
206 0
1023 0
151 0
203 0
1023 0
157 0
201 0
1023 0
158 0
197 0
1023 0
163 0
195 0
1023 0
166 0
191 0
1023 0
169 0
189 0
1023 0
176 0
187 0
1023 0
177 0
184 0
1023 0
182 0
180 0
1023 0
186 0
178 0
1023 0
190 0
178 0
1023 0
194 0
173 0
1023 0
198 0
172 0
1023 0
202 0
169 0
1023 0
206 0
168 0
1023 0
209 0
165 0
1023 0
214 0
162 0
1023 0
218 0
161 0
1023 0
221 0
158 0
1023 0
225 0
156 0
1023 0
230 0
154 0
1023 0
232 0
152 0
1023 0
235 0
151 0
1023 0
239 0
149 0
1023 0
242 0
146 0
1023 0
247 0
144 0
1023 0
250 0
141 0
1023 0
255 0
140 0
1023 0
260 0
137 0
1023 0
264 0
136 0
1023 0
269 0
133 0
1023 0
272 0
132 0
1023 0
277 0
129 0
1023 0
281 0
127 0
1023 0
286 0
125 0
1023 0
292 0
124 0
1023 0
296 0
121 0
1023 0
300 0
120 0
1023 0
305 0
119 0
1023 0
307 0
117 0
1023 0
315 0
116 0
1023 0
319 0
113 0
1023 0
327 0
112 0
1023 0
331 0
111 0
1023 0
335 0
109 0
1023 0
341 0
107 0
1023 0
346 0
106 0
1023 0
352 0
103 0
1023 0
357 0
104 0
1023 1
362 1
100 1
1023 1
367 1
99 1
968 1
808 1
0 1
238 1
1023 1
125 1
237 1
1023 1
126 1
233 1
1023 1
128 1
232 1
1023 1
129 1
228 1
1023 1
132 1
225 1
1023 1
134 1
222 1
1023 1
138 1
219 1
1023 1
137 1
216 1
1023 1
140 1
215 1
1023 1
143 1
211 1
1023 1
147 1
208 1
1023 1
150 1
206 1
1023 1
151 1
203 1
1023 1
155 1
199 1
1023 1
158 1
197 1
1023 1
164 1
195 1
1023 1
167 1
191 1
1023 1
173 1
189 1
1023 1
175 1
186 1
1023 1
178 1
183 1
1023 1
183 1
181 1
1023 1
186 1
178 1
1023 1
191 1
176 1
1023 1
194 1
174 1
1023 1
198 1
172 1
1023 1
201 1
169 1
1023 1
205 1
167 1
1023 1
208 1
166 1
1023 1
212 1
164 1
1023 1
216 1
161 1
1023 1
220 1
159 1
1023 1
223 1
157 1
1023 1
229 1
154 1
1023 1
231 1
153 1
1023 1
235 1
151 1
1023 1
240 1
148 1
1023 1
243 1
147 1
1023 1
248 1
144 1
1023 1
251 1
142 1
1023 1
256 1
140 1
1023 1
260 1
138 1
1023 1
265 1
136 1
1023 1
266 1
134 1
1023 1
272 1
132 1
1023 1
276 1
130 1
1023 1
281 1
127 1
1023 1
285 1
125 1
1023 1
290 1
124 1
1023 1
295 1
121 1
1023 1
299 1
121 1
1023 1
305 1
117 1
1023 1
311 1
116 1
1023 1
317 1
113 0
1023 0
319 0
113 0
1023 0
326 0
111 0
1023 0
332 0
110 0
1023 0
336 0
108 0
1023 0
341 0
108 0
1023 0
345 0
106 0
1023 0
352 0
105 0
1023 0
355 0
102 0
1023 0
362 0
101 0
1023 0
367 0
100 0
1023 0
372 0
98 0
968 0
807 0
0 0
235 0
1023 0
125 0
233 0
1023 0
127 0
231 0
1023 0
127 0
228 0
1023 0
129 0
226 0
1023 0
129 0
222 0
1023 0
130 0
220 0
1023 0
133 0
217 0
1023 0
136 0
215 0
1023 0
139 0
211 0
1023 0
142 0
209 0
1023 0
142 0
206 0
1023 0
146 0
202 0
1023 0
150 0
199 0
1023 0
154 0
197 0
1023 0
158 0
195 0
1023 0
160 0
192 0
1023 0
165 0
189 0
1023 0
169 0
186 0
1023 0
174 0
184 0
1023 0
177 0
181 0
1023 0
181 0
178 0
1023 0
186 0
176 0
1023 0
190 0
174 0
1023 0
195 0
172 0
1023 0
199 0
169 0
1023 0
203 0
167 0
1023 0
206 0
165 0
1023 0
211 0
161 0
1023 0
213 0
160 0
1023 0
219 0
158 0
1023 0
221 0
157 0
1023 0
226 0
153 0
1023 0
228 0
151 0
1023 0
233 0
149 0
1023 0
235 0
148 0
1023 0
240 0
145 0
1023 0
245 0
144 0
1023 0
248 0
141 0
1023 0
253 0
138 0
1023 0
257 0
136 0
1023 0
262 0
134 0
1023 0
267 0
132 0
1023 0
271 0
131 0
1023 0
276 0
129 0
1023 0
279 0
127 0
1023 0
285 0
125 0
1023 0
290 0
123 0
1023 0
295 0
120 0
1023 0
301 0
119 0
1023 0
303 0
117 0
1023 0
309 0
116 0
1023 0
318 0
114 0
1023 0
321 0
112 0
1023 0
328 0
111 0
1023 0
332 0
107 0
1023 0
336 0
107 0
1023 0
341 0
105 0
1023 0
347 0
105 0
1023 0
354 0
102 0
1023 0
358 0
101 0
1023 0
364 0
99 0
975 0
807 0
0 0
239 0
1023 0
120 0
236 0
1023 0
123 0
233 0
1023 0
122 0
230 0
1023 0
124 0
228 0
1023 0
124 0
226 0
1023 0
130 0
224 0
1023 0
129 0
219 0
1023 0
134 0
215 0
1023 0
135 0
212 0
1023 0
139 0
209 0
1023 0
143 0
207 0
1023 0
146 0
204 0
1023 0
150 0
201 0
1023 0
152 0
198 0
1023 0
155 0
195 0
1023 0
160 0
193 0
1023 0
163 0
191 0
1023 0
167 0
187 0
1023 0
171 0
185 0
1023 0
175 0
182 0
1023 0
179 0
179 0
1023 0
183 0
176 0
1023 0
187 0
175 0
1023 0
192 0
172 0
1023 0
194 0
169 0
1023 0
199 0
168 0
1023 0
203 0
166 0
1023 0
206 0
165 0
1023 0
210 0
161 0
1023 0
213 0
160 0
1023 0
219 0
