0 0
0 0
33 0
298 0
511 0
512 0
300 0
0 0
0 0
0 0
0 0
0 0
0 0
0 0
0 0
23 0
244 0
413 0
413 0
241 0
0 0
0 0
0 0
0 0
0 0
0 0
0 0
0 0
23 0
232 0
402 0
405 0
239 0
0 0
0 0
33 0
298 0
511 0
512 0
300 0
0 0
0 0
0 0
0 0
0 0
0 0
0 0
0 0
23 0
244 0
413 0
413 0
241 0
0 0
0 0
0 0
0 0
0 0
0 0
0 0
0 0
23 0
232 0
402 0
405 0
239 0
0 0
0 0
0 0
0 0
0 0
0 0
0 0
0 0
0 0
0 0
0 0
0 0
0 0
0 0
0 0
0 0
0 0
0 0
0 0
0 0
0 0
0 0
0 0
111 0
338 0
427 0
334 0
105 0
0 0
0 0
0 0
0 0
0 0
0 0
0 0
0 0
163 0
368 0
421 0
300 0
52 0
0 0
0 0
0 0
0 0
0 0
0 0
0 0
0 0
161 0
367 0
421 0
300 0
54 0
0 0
0 0
0 0
0 0
0 0
0 0
0 0
0 0
160 0
366 0
421 0
302 0
55 0
0 0
0 0
0 0
0 0
0 0
0 0
0 0
0 0
158 0
365 0
423 0
303 0
58 0
0 0
0 0
0 0
0 0
0 0
0 0
0 0
0 0
156 0
365 0
422 0
304 0
60 0
0 0
0 0
0 0
0 0
0 0
0 0
0 0
0 0
154 0
363 0
422 0
305 0
61 0
0 0
0 0
0 0
0 0
0 0
0 0
0 0
0 0
152 0
362 0
422 0
307 0
64 0
0 0
0 0
0 0
0 0
0 0
0 0
0 0
0 0
150 0
361 0
422 0
308 0
65 0
0 0
0 0
0 0
0 0
0 0
0 0
0 0
0 0
148 0
360 0
422 0
309 0
67 0
0 0
0 0
0 0
0 0
0 0
0 0
0 0
0 0
148 0
359 0
424 0
311 0
69 0
0 0
0 0
0 0
0 0
0 0
0 0
0 0
0 0
145 0
360 0
424 0
312 0
71 0
0 0
0 0
0 0
0 0
0 0
0 0
0 0
0 0
143 0
358 0
423 0
314 0
74 0
0 0
0 0
0 0
0 0
0 0
0 0
0 0
0 0
142 0
358 0
424 0
315 0
75 0
0 0
0 0
0 0
0 0
0 0
0 0
0 0
0 0
141 0
356 0
424 0
317 0
76 0
0 0
0 0
0 0
0 0
0 0
0 0
0 0
0 0
138 0
356 0
425 0
319 0
79 0
0 0
0 0
0 0
0 0
0 0
0 0
0 0
0 0
137 0
354 0
425 0
319 0
81 0
0 0
0 0
0 0
0 0
0 0
0 0
0 0
0 0
134 0
352 0
424 0
320 0
83 0
0 0
0 0
0 0
0 0
0 0
0 0
0 0
0 0
133 0
351 0
425 0
321 0
83 0
0 0
0 0
0 0
0 0
0 0
0 0
0 0
0 0
131 0
350 0
424 0
322 0
86 0
0 0
0 0
0 0
0 0
0 0
0 0
0 0
0 0
129 0
349 0
425 0
323 0
88 0
0 0
0 0
0 0
0 0
0 0
0 0
0 0
0 0
127 0
349 0
426 0
325 0
90 0
0 0
0 0
0 0
0 0
0 0
0 0
0 0
0 0
126 0
347 0
425 0
326 0
91 0
0 0
0 0
0 0
0 0
0 0
0 0
0 0
0 0
123 0
346 0
425 0
327 0
94 0
0 0
0 0
0 0
0 0
0 0
0 0
0 0
0 0
123 0
345 0
425 0
328 0
95 0
0 0
0 0
0 0
0 0
0 0
0 0
0 0
0 0
121 0
344 0
426 0
330 0
98 0
0 0
0 0
0 0
0 0
0 0
0 0
0 0
0 0
118 0
343 0
426 0
331 0
99 0
0 0
0 0
0 0
0 0
0 0
0 0
0 0
0 0
116 0
341 0
425 0
332 0
101 0
0 0
0 0
0 0
0 0
0 0
0 0
0 0
4 0
167 0
370 0
420 0
294 0
48 0
0 0
0 0
0 0
0 0
0 0
0 0
0 0
2 0
165 0
369 0
419 0
296 0
50 0
0 0
0 0
0 0
0 0
0 0
0 0
0 0
0 0
163 0
368 0
423 0
297 0
51 0
0 0
0 0
0 0
0 0
0 0
0 0
0 0
0 0
161 0
367 0
422 0
299 0
53 0
0 0
0 0
0 0
0 0
0 0
0 0
0 0
0 0
160 0
367 0
421 0
301 0
55 0
0 0
0 0
0 0
0 0
0 0
0 0
0 0
0 0
158 0
367 0
420 0
303 0
57 0
0 0
0 0
0 0
0 0
0 0
0 0
0 0
0 0
157 0
365 0
421 0
303 0
59 0
0 0
0 0
0 0
0 0
0 0
0 0
0 0
0 0
155 0
364 0
422 0
304 0
61 0
0 0
0 0
0 0
0 0
0 0
0 0
0 0
0 0
152 0
362 0
422 0
306 0
63 0
0 0
0 0
0 0
0 0
0 0
0 0
0 0
0 0
151 0
361 0
422 0
307 0
64 0
0 0
0 0
0 0
0 0
0 0
0 0
0 0
0 0
149 0
361 0
422 0
309 0
67 0
0 0
0 0
0 0
0 0
0 0
0 0
0 0
0 0
147 0
360 0
422 0
310 0
69 0
0 0
0 0
0 0
0 0
0 0
0 0
0 0
0 0
146 0
358 0
424 0
313 0
71 0
0 0
0 0
0 0
0 0
0 0
0 0
0 0
0 0
145 0
358 0
424 0
312 0
73 0
0 0
0 0
0 0
0 0
0 0
0 0
0 0
0 0
143 0
356 0
423 0
313 0
74 0
0 0
0 0
0 0
0 0
0 0
0 0
0 0
0 0
141 0
355 0
423 0
316 0
76 0
0 0
0 0
0 0
0 0
0 0
0 0
0 0
0 0
139 0
355 0
423 0
316 0
78 0
0 0
0 0
0 0
0 0
0 0
0 0
0 0
0 0
137 0
354 0
425 0
320 0
80 0
0 0
0 0
0 0
0 0
0 0
0 0
0 0
0 0
136 0
352 0
424 0
318 0
81 0
0 0
0 0
0 0
0 0
0 0
0 0
0 0
0 0
133 0
351 0
424 0
320 0
83 0
0 0
0 0
0 0
0 0
0 0
0 0
0 0
0 0
131 0
350 0
423 0
322 0
86 0
0 0
0 0
0 0
0 0
0 0
0 0
0 0
0 0
130 0
350 0
423 0
323 0
88 0
0 0
0 0
0 0
0 0
0 0
0 0
0 0
0 0
128 0
349 0
425 0
324 0
89 0
0 0
0 0
0 0
0 0
0 0
0 0
0 0
0 0
126 0
347 0
426 0
325 0
91 0
0 0
0 0
0 0
0 0
0 0
0 0
0 0
0 0
125 0
345 0
424 0
326 0
93 0
0 0
0 0
0 0
0 0
0 0
0 0
0 0
0 0
122 0
345 0
425 0
328 0
95 0
0 0
0 0
0 0
0 0
0 0
0 0
0 0
0 0
120 0
344 0
424 0
328 0
96 0
0 0
0 0
0 0
0 0
0 0
0 0
0 0
0 0
119 0
343 0
426 0
331 0
99 0
0 0
0 0
0 0
0 0
0 0
0 0
0 0
0 0
116 0
342 0
426 0
332 0
100 0
0 0
0 0
0 0
0 0
0 0
0 0
0 0
4 0
167 0
371 0
420 0
294 0
48 0
0 0
0 0
0 0
0 0
0 0
0 0
0 0
3 0
165 0
370 0
419 0
296 0
49 0
0 0
0 0
0 0
0 0
0 0
0 0
0 0
1 0
165 0
368 0
421 0
298 0
51 0
0 0
0 0
0 0
0 0
0 0
0 0
0 0
0 0
162 0
367 0
421 0
299 0
53 0
0 0
0 0
0 0
0 0
0 0
0 0
0 0
0 0
161 0
368 0
422 0
301 0
55 0
0 0
0 0
0 0
0 0
0 0
0 0
0 0
0 0
159 0
365 0
420 0
302 0
56 0
0 0
0 0
0 0
0 0
0 0
0 0
0 0
0 0
157 0
365 0
421 0
303 0
58 0
0 0
0 0
0 0
0 0
0 0
0 0
0 0
0 0
155 0
363 0
422 0
304 0
60 0
0 0
0 0
0 0
0 0
0 0
0 0
0 0
0 0
153 0
363 0
423 0
305 0
62 0
0 0
0 0
0 0
0 0
0 0
0 0
0 0
0 0
152 0
362 0
422 0
307 0
64 0
0 0
0 0
0 0
0 0
0 0
0 0
0 0
0 0
150 0
362 0
422 0
308 0
66 0
0 0
0 0
0 0
0 0
0 0
0 0
0 0
0 0
148 0
360 0
422 0
309 0
68 0
0 0
0 0
0 0
0 0
0 0
0 0
0 0
0 0
147 0
359 0
423 0
312 0
71 0
0 0
0 0
0 0
0 0
0 0
0 0
0 0
0 0
145 0
358 0
424 0
312 0
72 0
0 0
0 0
0 0
0 0
0 0
0 0
0 0
0 0
143 0
357 0
425 0
313 0
74 0
0 0
0 0
0 0
0 0
0 0
0 0
0 0
0 0
141 0
356 0
422 0
315 0
74 0
0 0
0 0
0 0
0 0
0 0
0 0
0 0
0 0
139 0
355 0
423 0
315 0
77 0
0 0
0 0
0 0
0 0
0 0
0 0
0 0
0 0
137 0
353 0
423 0
317 0
79 0
0 0
0 0
0 0
0 0
0 0
0 0
0 0
0 0
135 0
353 0
425 0
320 0
81 0
0 0
0 0
0 0
0 0
0 0
0 0
0 0
0 0
134 0
355 0
427 0
320 0
84 0
0 0
0 0
0 0
0 0
0 0
0 0
0 0
0 0
131 0
351 0
424 0
323 0
84 0
0 0
0 0
0 0
0 0
0 0
0 0
0 0
0 0
130 0
352 0
424 0
324 0
87 0
0 0
0 0
0 0
0 0
0 0
0 0
0 0
0 0
128 0
349 0
426 0
323 0
89 0
0 0
0 0
0 0
0 0
0 0
0 0
0 0
0 0
127 0
348 0
428 0
324 0
90 0
0 0
0 0
0 0
0 0
0 0
0 0
0 0
0 0
126 0
349 0
426 0
326 0
92 0
0 0
0 0
0 0
0 0
0 0
0 0
0 0
0 0
123 0
346 0
425 0
329 0
94 0
0 0
0 0
0 0
0 0
0 0
0 0
0 0
0 0
122 0
346 0
424 0
328 0
96 0
0 0
0 0
0 0
0 0
0 0
0 0
0 0
0 0
120 0
343 0
427 0
330 0
99 0
0 0
0 0
0 0
0 0
0 0
0 0
0 0
0 0
118 0
345 0
429 0
335 0
101 0
0 0
0 0
0 0
0 0
0 0
0 0
0 0
5 0
169 0
372 0
422 0
294 0
46 0
0 0
0 0
0 0
0 0
0 0
0 0
0 0
3 0
167 0
372 0
420 0
296 0
47 0
0 0
0 0
0 0
0 0
0 0
0 0
0 0
2 0
165 0
369 0
423 0
298 0
50 0
0 0
0 0
0 0
0 0
0 0
0 0
0 0
0 0
163 0
368 0
422 0
298 0
52 0
0 0
0 0
0 0
0 0
0 0
0 0
0 0
0 0
162 0
367 0
423 0
300 0
54 0
0 0
0 0
0 0
0 0
0 0
0 0
0 0
0 0
160 0
367 0
421 0
301 0
55 0
0 0
0 0
0 0
0 0
0 0
0 0
0 0
0 0
159 0
365 0
420 0
303 0
57 0
0 0
0 0
0 0
0 0
0 0
0 0
0 0
0 0
156 0
364 0
422 0
304 0
60 0
0 0
0 0
0 0
0 0
0 0
0 0
0 0
0 0
154 0
363 0
422 0
304 0
62 0
0 0
0 0
0 0
0 0
0 0
0 0
0 0
0 0
153 0
363 0
423 0
307 0
62 0
0 0
0 0
0 0
0 0
0 0
0 0
0 0
0 0
151 0
361 0
422 0
308 0
65 0
0 0
0 0
0 0
0 0
0 0
0 0
0 0
0 0
149 0
361 0
422 0
309 0
67 0
0 0
0 0
0 0
0 0
0 0
0 0
0 0
0 0
147 0
359 0
423 0
310 0
69 0
0 0
0 0
0 0
0 0
0 0
0 0
0 0
0 0
145 0
358 0
423 0
311 0
71 0
0 0
0 0
0 0
0 0
0 0
0 0
0 0
0 0
144 0
356 0
424 0
312 0
72 0
0 0
0 0
0 0
0 0
0 0
0 0
0 0
0 0
143 0
357 0
423 0
314 0
74 0
0 0
0 0
0 0
0 0
0 0
0 0
0 0
0 0
141 0
356 0
422 0
315 0
76 0
0 0
0 0
0 0
0 0
0 0
0 0
0 0
0 0
140 0
354 0
423 0
317 0
78 0
0 0
0 0
0 0
0 0
0 0
0 0
0 0
0 0
136 0
353 0
422 0
317 0
80 0
0 0
0 0
0 0
0 0
0 0
0 0
0 0
0 0
135 0
353 0
425 0
321 0
83 0
0 0
0 0
0 0
0 0
0 0
0 0
0 0
0 0
133 0
352 0
425 0
323 0
84 0
0 0
0 0
0 0
0 0
0 0
0 0
0 0
0 0
131 0
352 0
424 0
323 0
86 0
0 0
0 0
0 0
0 0
0 0
0 0
0 0
0 0
129 0
349 0
427 0
323 0
89 0
0 0
0 0
0 0
0 0
0 0
0 0
0 0
0 0
126 0
348 0
426 0
324 0
89 0
0 0
0 0
0 0
0 0
0 0
0 0
0 0
0 0
127 0
350 0
431 0
327 0
90 0
0 0
0 0
0 0
0 0
0 0
0 0
0 0
0 0
123 0
349 0
424 0
328 0
93 0
0 0
0 0
0 0
0 0
0 0
0 0
0 0
0 0
122 0
347 0
424 0
330 0
95 0
0 0
0 0
0 0
0 0
0 0
0 0
0 0
0 0
120 0
344 0
427 0
329 0
97 0
0 0
0 0
0 0
0 0
0 0
0 0
0 0
0 0
117 0
342 0
427 0
330 0
98 0
0 0
0 0
0 0
0 0
0 0
0 0
0 0
0 0
117 0
343 0
429 0
335 0
100 0
0 0
0 0
0 0
0 0
0 0
0 0
0 0
4 0
168 0
371 0
420 0
297 0
48 0
0 0
0 0
0 0
0 0
0 0
0 0
0 0
2 0
166 0
371 0
423 0
296 0
49 0
0 0
0 0
0 0
0 0
0 0
0 0
0 0
0 0
164 0
368 0
423 0
299 0
51 0
0 0
0 0
0 0
0 0
0 0
0 0
0 0
0 0
163 0
368 0
421 0
301 0
53 0
0 0
0 0
0 0
0 0
0 0
0 0
0 0
0 0
161 0
367 0
423 0
302 0
55 0
0 0
0 0
0 0
0 0
0 0
0 0
0 0
0 0
159 0
367 0
422 0
302 0
57 0
0 0
0 0
0 0
0 0
0 0
0 0
0 0
0 0
156 0
364 0
422 0
303 0
59 0
0 0
0 0
0 0
0 0
0 0
0 0
0 0
0 0
155 0
363 0
422 0
304 0
60 0
0 0
0 0
0 0
0 0
0 0
0 0
0 0
0 0
153 0
363 0
421 0
306 0
62 0
0 0
0 0
0 0
0 0
0 0
0 0
0 0
0 0
152 0
361 0
422 0
308 0
64 0
0 0
0 0
0 0
0 0
0 0
0 0
0 0
0 0
150 0
361 0
422 0
309 0
66 0
0 0
0 0
0 0
0 0
0 0
0 0
0 0
0 0
148 0
360 0
423 0
309 0
69 0
0 0
0 0
0 0
0 0
0 0
0 0
0 0
0 0
147 0
359 0
423 0
311 0
70 0
0 0
0 0
0 0
0 0
0 0
0 0
0 0
0 0
144 0
358 0
423 0
313 0
71 0
0 0
0 0
0 0
0 0
0 0
0 0
0 0
0 0
142 0
356 0
423 0
314 0
74 0
0 0
0 0
0 0
0 0
0 0
0 0
0 0
0 0
141 0
357 0
423 0
314 0
76 0
0 0
0 0
0 0
0 0
0 0
0 0
0 0
0 0
139 0
355 0
423 0
316 0
78 0
0 0
0 0
0 0
0 0
0 0
0 0
0 0
0 0
138 0
353 0
424 0
317 0
80 0
0 0
0 0
0 0
0 0
0 0
0 0
0 0
0 0
135 0
352 0
424 0
319 0
81 0
0 0
0 0
0 0
0 0
0 0
0 0
0 0
0 0
134 0
353 0
424 0
322 0
83 0
0 0
0 0
0 0
0 0
0 0
0 0
0 0
0 0
132 0
352 0
423 0
321 0
85 0
0 0
0 0
0 0
0 0
0 0
0 0
0 0
0 0
130 0
349 0
427 0
324 0
88 0
0 0
0 0
0 0
0 0
0 0
0 0
0 0
0 0
128 0
350 0
427 0
324 0
89 0
0 0
0 0
0 0
0 0
0 0
0 0
0 0
0 0
127 0
349 0
426 0
327 0
91 0
0 0
0 0
0 0
0 0
0 0
0 0
0 0
0 0
123 0
348 0
427 0
328 0
92 0
0 0
0 0
0 0
0 0
0 0
0 0
0 0
0 0
123 0
349 0
424 0
329 0
95 0
0 0
0 0
0 0
0 0
0 0
0 0
0 0
0 0
121 0
344 0
427 0
329 0
97 0
0 0
0 0
0 0
0 0
0 0
0 0
0 0
0 0
119 0
343 0
427 0
330 0
98 0
0 0
0 0
0 0
0 0
0 0
0 0
0 0
0 0
118 0
343 0
427 0
331 0
99 0
0 0
0 0
0 0
0 0
0 0
0 0
0 0
0 0
115 0
343 0
427 0
335 0
103 0
0 0
0 0
0 0
0 0
0 0
0 0
0 0
2 0
166 0
372 0
420 0
298 0
48 0
0 0
0 0
0 0
0 0
0 0
0 0
0 0
1 0
166 0
369 0
423 0
299 0
51 0
0 0
0 0
0 0
0 0
0 0
0 0
0 0
0 0
164 0
368 0
420 0
300 0
52 0
0 0
0 0
0 0
0 0
0 0
0 0
0 0
0 0
162 0
367 0
422 0
302 0
55 0
0 0
0 0
0 0
0 0
0 0
0 0
0 0
0 0
159 0
368 0
423 0
301 0
56 0
0 0
0 0
0 0
0 0
0 0
0 0
0 0
0 0
157 0
364 0
423 0
303 0
58 0
0 0
0 0
0 0
0 0
0 0
0 0
0 0
0 0
156 0
365 0
422 0
303 0
60 0
0 0
0 0
0 0
0 0
0 0
0 0
0 0
0 0
154 0
363 0
422 0
305 0
61 0
0 0
0 0
0 0
0 0
0 0
0 0
0 0
0 0
152 0
361 0
421 0
307 0
64 0
0 0
0 0
0 0
0 0
0 0
0 0
0 0
0 0
150 0
361 0
422 0
308 0
65 0
0 0
0 0
0 0
0 0
0 0
0 0
0 0
0 0
149 0
360 0
423 0
309 0
67 0
0 0
0 0
0 0
0 0
0 0
0 0
0 0
0 0
147 0
359 0
423 0
310 0
69 0
0 0
0 0
0 0
0 0
0 0
0 0
0 0
0 0
145 0
359 0
422 0
312 0
70 0
0 0
0 0
0 0
0 0
0 0
0 0
0 0
0 0
143 0
356 0
423 0
313 0
73 0
0 0
0 0
0 0
0 0
0 0
0 0
0 0
0 0
141 0
356 0
423 0
314 0
75 0
0 0
0 0
0 0
0 0
0 0
0 0
0 0
0 0
140 0
357 0
424 0
315 0
77 0
0 0
0 0
0 0
0 0
0 0
0 0
0 0
0 0
139 0
354 0
424 0
317 0
79 0
0 0
0 0
0 0
0 0
0 0
0 0
0 0
0 0
137 0
353 0
423 0
318 0
81 0
0 0
0 0
0 0
0 0
0 0
0 0
0 0
0 0
134 0
353 0
424 0
320 0
82 0
0 0
0 0
0 0
0 0
0 0
0 0
0 0
0 0
133 0
351 0
424 0
321 0
85 0
0 0
0 0
0 0
0 0
0 0
0 0
0 0
0 0
131 0
350 0
425 0
322 0
87 0
0 0
0 0
0 0
0 0
0 0
0 0
0 0
0 0
129 0
349 0
426 0
323 0
88 0
0 0
0 0
0 0
0 0
0 0
0 0
0 0
0 0
128 0
348 0
425 0
326 0
90 0
0 0
0 0
0 0
0 0
0 0
0 0
0 0
0 0
126 0
346 0
424 0
327 0
91 0
0 0
0 0
0 0
0 0
0 0
0 0
0 0
0 0
124 0
349 0
428 0
329 0
94 0
0 0
0 0
0 0
0 0
0 0
0 0
0 0
0 0
122 0
345 0
428 0
328 0
96 0
0 0
0 0
0 0
0 0
0 0
0 0
0 0
0 0
121 0
343 0
427 0
329 0
97 0
0 0
0 0
0 0
0 0
0 0
0 0
0 0
0 0
119 0
344 0
425 0
332 0
99 0
0 0
0 0
0 0
0 0
0 0
0 0
0 0
0 0
117 0
341 0
424 0
334 0
101 0
0 0
0 0
0 0
0 0
0 0
0 0
0 0
4 0
167 0
372 0
423 0
299 0
48 0
0 0
0 0
0 0
0 0
0 0
0 0
0 0
3 0
166 0
370 0
423 0
297 0
50 0
0 0
0 0
0 0
0 0
0 0
0 0
0 0
0 0
164 0
371 0
421 0
300 0
51 0
0 0
0 0
0 0
0 0
0 0
0 0
0 0
0 0
162 0
367 0
421 0
299 0
55 0
0 0
0 0
0 0
0 0
0 0
0 0
0 0
0 0
160 0
368 0
421 0
301 0
56 0
0 0
0 0
0 0
0 0
0 0
0 0
0 0
0 0
158 0
366 0
427 0
303 0
57 0
0 0
0 0
0 0
0 0
0 0
0 0
0 0
0 0
157 0
365 0
422 0
304 0
59 0
0 0
0 0
0 0
0 0
0 0
0 0
0 0
0 0
155 0
364 0
421 0
305 0
61 0
0 0
0 0
0 0
0 0
0 0
0 0
0 0
0 0
153 0
363 0
421 0
306 0
62 0
0 0
0 0
0 0
0 0
0 0
0 0
0 0
0 0
151 0
362 0
422 0
307 0
64 0
0 0
0 0
0 0
0 0
0 0
0 0
0 0
0 0
150 0
360 0
422 0
309 0
66 0
0 0
0 0
0 0
0 0
0 0
0 0
0 0
0 0
148 0
360 0
423 0
309 0
69 0
0 0
0 0
0 0
0 0
0 0
0 0
0 0
0 0
146 0
359 0
422 0
311 0
71 0
0 0
0 0
0 0
0 0
0 0
0 0
0 0
0 0
144 0
357 0
423 0
312 0
72 0
0 0
0 0
0 0
0 0
0 0
0 0
0 0
0 0
143 0
357 0
423 0
315 0
74 0
0 0
0 0
0 0
0 0
0 0
0 0
0 0
0 0
141 0
356 0
425 0
315 0
76 0
0 0
0 0
0 0
0 0
0 0
0 0
0 0
0 0
139 0
355 0
425 0
316 0
78 0
0 0
0 0
0 0
0 0
0 0
0 0
0 0
0 0
137 0
354 0
424 0
318 0
80 0
0 0
0 0
0 0
0 0
0 0
0 0
0 0
0 0
135 0
352 0
423 0
319 0
82 0
0 0
0 0
0 0
0 0
0 0
0 0
0 0
0 0
134 0
352 0
423 0
321 0
83 0
0 0
0 0
0 0
0 0
0 0
0 0
0 0
0 0
131 0
351 0
426 0
323 0
86 0
0 0
0 0
0 0
0 0
0 0
0 0
0 0
0 0
131 0
350 0
424 0
322 0
87 0
0 0
0 0
0 0
0 0
0 0
0 0
0 0
0 0
129 0
348 0
424 0
324 0
89 0
0 0
0 0
0 0
0 0
0 0
0 0
0 0
0 0
126 0
347 0
423 0
325 0
91 0
0 0
0 0
0 0
0 0
0 0
0 0
0 0
0 0
124 0
349 0
425 0
326 0
94 0
0 0
0 0
0 0
0 0
0 0
0 0
0 0
0 0
122 0
345 0
428 0
328 0
96 0
0 0
0 0
0 0
0 0
0 0
0 0
0 0
0 0
121 0
345 0
427 0
329 0
96 0
0 0
0 0
0 0
0 0
0 0
0 0
0 0
0 0
120 0
343 0
424 0
332 0
98 0
0 0
0 0
0 0
0 0
0 0
0 0
0 0
0 0
116 0
341 0
425 0
333 0
100 0
0 0
0 0
0 0
0 0
0 0
0 0
0 0
5 0
168 0
373 0
423 0
296 0
48 0
0 0
0 0
0 0
0 0
0 0
0 0
0 0
3 0
167 0
372 0
425 0
299 0
49 0
0 0
0 0
0 0
0 0
0 0
0 0
0 0
1 0
165 0
372 0
420 0
299 0
51 0
0 0
0 0
0 0
0 0
0 0
0 0
0 0
0 0
161 0
370 0
421 0
299 0
53 0
0 0
0 0
0 0
0 0
0 0
0 0
0 0
0 0
161 0
369 0
421 0
301 0
55 0
0 0
0 0
0 0
0 0
0 0
0 0
0 0
0 0
159 0
366 0
425 0
302 0
57 0
0 0
0 0
0 0
0 0
0 0
0 0
0 0
0 0
159 0
366 0
425 0
304 0
59 0
0 0
0 0
0 0
0 0
0 0
0 0
0 0
0 0
155 0
366 0
422 0
306 0
60 0
0 0
0 0
0 0
0 0
0 0
0 0
0 0
0 0
155 0
365 0
422 0
305 0
63 0
0 0
0 0
0 0
0 0
0 0
0 0
0 0
0 0
152 0
362 0
421 0
307 0
64 0
0 0
0 0
0 0
0 0
0 0
0 0
0 0
0 0
151 0
360 0
423 0
308 0
65 0
0 0
0 0
0 0
0 0
0 0
0 0
0 0
0 0
149 0
362 0
426 0
309 0
68 0
0 0
0 0
0 0
0 0
0 0
0 0
0 0
0 0
147 0
360 0
423 0
312 0
70 0
0 0
0 0
0 0
0 0
0 0
0 0
0 0
0 0
145 0
358 0
423 0
312 0
72 0
0 0
0 0
0 0
0 0
0 0
0 0
0 0
0 0
144 0
359 0
423 0
315 0
74 0
0 0
0 0
0 0
0 0
0 0
0 0
0 0
0 0
141 0
356 0
425 0
315 0
76 0
0 0
0 0
0 0
0 0
0 0
0 0
0 0
0 0
140 0
355 0
427 0
316 0
78 0
0 0
0 0
0 0
0 0
0 0
0 0
0 0
0 0
139 0
358 0
423 0
319 0
80 0
0 0
0 0
0 0
0 0
0 0
0 0
0 0
0 0
137 0
354 0
423 0
318 0
81 0
0 0
0 0
0 0
0 0
0 0
0 0
0 0
0 0
134 0
354 0
424 0
321 0
83 0
0 0
0 0
0 0
0 0
0 0
0 0
0 0
0 0
133 0
351 0
426 0
321 0
85 0
0 0
0 0
0 0
0 0
0 0
0 0
0 0
0 0
131 0
354 0
428 0
324 0
88 0
0 0
0 0
0 0
0 0
0 0
0 0
0 0
0 0
129 0
351 0
424 0
325 0
89 0
0 0
0 0
0 0
0 0
0 0
0 0
0 0
0 0
127 0
348 0
425 0
324 0
91 0
0 0
0 0
0 0
0 0
0 0
0 0
0 0
0 0
125 0
348 0
424 0
325 0
91 0
0 0
0 0
0 0
0 0
0 0
0 0
0 0
0 0
123 0
345 0
424 0
327 0
94 0
0 0
0 0
0 0
0 0
0 0
0 0
0 0
0 0
122 0
344 0
425 0
328 0
95 0
0 0
0 0
0 0
0 0
0 0
0 0
0 0
0 0
120 0
344 0
425 0
330 0
97 0
0 0
0 0
0 0
0 0
0 0
0 0
0 0
0 0
118 0
341 0
424 0
330 0
99 0
0 0
0 0
0 0
0 0
0 0
0 0
0 0
0 0
116 0
341 0
424 0
332 0
101 0
0 0
0 0
0 0
0 0
0 0
0 0
0 0
4 0
167 0
370 0
419 0
295 0
48 0
0 0
0 0
0 0
0 0
0 0
0 0
0 0
2 0
165 0
372 0
424 0
300 0
50 0
0 0
0 0
0 0
0 0
0 0
0 0
0 0
0 0
165 0
370 0
421 0
297 0
52 0
0 0
0 0
0 0
0 0
0 0
0 0
0 0
0 0
161 0
369 0
421 0
300 0
54 0
0 0
0 0
0 0
0 0
0 0
0 0
0 0
0 0
161 1
374 1
419 1
269 1
0 1
0 1
0 1
0 1
0 1
0 1
0 1
0 1
63 1
275 1
419 1
373 1
155 1
0 1
0 1
0 1
0 1
0 1
0 1
0 1
18 1
240 1
407 1
390 1
196 1
0 1
0 1
0 1
0 1
0 1
0 1
0 1
0 1
148 1
369 1
421 1
281 1
12 1
0 1
0 1
0 1
0 1
0 1
0 1
0 1
107 1
344 1
427 1
311 1
57 1
0 1
0 1
0 1
0 1
0 1
0 1
0 1
64 1
276 1
417 1
371 1
155 1
0 1
0 1
0 1
0 1
0 1
0 1
0 1
19 1
240 1
409 1
390 1
194 1
0 1
0 1
0 1
0 1
0 1
0 1
0 1
0 1
150 1
368 1
419 1
281 1
11 1
0 1
0 1
0 1
0 1
0 1
0 1
0 1
108 1
346 1
423 1
312 1
55 1
0 1
0 1
0 1
0 1
0 1
0 1
0 1
64 1
276 1
417 1
370 1
154 1
0 1
0 1
0 1
0 1
0 1
0 1
0 1
21 1
242 1
408 1
392 1
195 1
0 1
0 1
0 1
0 1
0 1
0 1
0 1
0 1
151 1
368 1
421 1
278 1
11 1
0 1
0 1
0 1
0 1
0 1
0 1
0 1
108 1
344 1
424 1
309 1
54 1
0 1
0 1
0 1
0 1
0 1
0 1
0 1
65 1
275 1
417 1
369 1
153 1
0 1
0 1
0 1
0 1
0 1
0 1
0 1
22 1
241 1
409 1
390 1
193 1
0 1
0 1
0 1
0 1
0 1
0 1
0 1
0 1
151 1
369 1
418 1
277 1
9 1
0 1
0 1
0 1
0 1
0 1
0 1
0 1
51 1
264 1
415 1
376 1
166 1
0 1
0 1
0 1
0 1
0 1
0 1
0 1
7 1
177 1
382 1
411 1
255 1
0 1
0 1
0 1
0 1
0 1
0 1
0 1
0 1
81 1
288 1
423 1
364 1
139 1
0 1
0 1
0 1
0 1
0 1
0 1
0 1
37 1
255 1
412 1
383 1
179 1
0 1
0 1
0 1
0 1
0 1
0 1
0 1
0 1
165 1
375 1
415 1
264 1
0 1
0 1
0 1
0 1
0 1
0 1
0 1
0 1
67 1
276 1
421 1
369 1
150 1
0 1
0 1
0 1
0 1
0 1
0 1
0 1
24 1
241 1
412 1
389 1
192 1
0 1
0 1
0 1
0 1
0 1
0 1
0 1
0 1
152 1
369 1
418 1
280 1
11 1
0 1
0 1
0 1
0 1
0 1
0 1
0 1
111 1
348 1
426 1
312 1
52 1
0 1
0 1
0 1
0 1
0 1
0 1
0 1
68 1
277 1
420 1
369 1
151 1
0 1
0 1
0 1
0 1
0 1
0 1
0 1
24 1
244 1
409 1
388 1
192 1
0 1
0 1
0 1
0 1
0 1
0 1
0 1
0 1
153 1
369 1
420 1
276 1
7 1
0 1
0 1
0 1
0 1
0 1
0 1
0 1
54 1
266 1
416 1
377 1
165 1
0 1
0 1
0 1
0 1
0 1
0 1
0 1
10 1
232 1
409 1
398 1
203 1
0 1
0 1
0 1
0 1
0 1
0 1
0 1
0 1
139 1
365 1
420 1
286 1
21 1
0 1
0 1
0 1
0 1
0 1
0 1
0 1
98 1
300 1
425 1
353 1
122 1
0 1
0 1
0 1
0 1
0 1
0 1
0 1
55 1
269 1
416 1
375 1
166 1
0 1
0 1
0 1
0 1
0 1
0 1
0 1
11 1
231 1
407 1
394 1
205 1
0 1
0 1
0 1
0 1
0 1
0 1
0 1
0 1
141 1
363 1
422 1
285 1
20 1
0 1
0 1
0 1
0 1
0 1
0 1
0 1
99 1
301 1
422 1
352 1
121 1
0 1
0 1
0 1
0 1
0 1
0 1
0 1
55 1
267 1
415 1
375 1
162 1
0 1
0 1
0 1
0 1
0 1
0 1
0 1
12 1
233 1
406 1
393 1
202 1
0 1
0 1
0 1
0 1
0 1
0 1
0 1
0 1
141 1
364 1
419 1
284 1
20 1
0 1
0 1
0 1
0 1
0 1
0 1
0 1
99 1
300 1
423 1
352 1
120 1
0 1
0 1
0 1
0 1
0 1
0 1
0 1
57 1
268 1
416 1
374 1
162 1
0 1
0 1
0 1
0 1
0 1
0 1
0 1
13 1
232 1
405 1
393 1
201 1
0 1
0 1
0 1
0 1
0 1
0 1
0 1
0 1
143 1
364 1
421 1
285 1
19 1
0 1
0 1
0 1
0 1
0 1
0 1
0 1
100 1
339 1
423 1
315 1
62 1
0 1
0 1
0 1
0 1
0 1
0 1
0 1
57 1
268 1
416 1
374 1
161 1
0 1
0 1
0 1
0 1
0 1
0 1
0 1
13 1
234 1
408 1
394 1
201 1
0 1
0 1
0 1
0 1
0 1
0 1
0 1
0 1
143 1
365 1
419 1
283 1
18 1
0 1
0 1
0 1
0 1
0 1
0 1
0 1
101 1
339 1
424 1
315 1
61 1
0 1
0 1
0 1
0 1
0 1
0 1
0 1
58 1
270 1
416 1
373 1
161 1
0 1
0 1
0 1
0 1
0 1
0 1
0 1
14 1
234 1
406 1
393 1
200 1
0 1
0 1
0 1
0 1
0 1
0 1
0 1
0 1
144 1
365 1
421 1
285 1
18 1
0 1
0 1
0 1
0 1
0 1
0 1
0 1
102 1
340 1
423 1
313 1
61 1
0 1
0 1
0 1
0 1
0 1
0 1
0 1
56 1
270 1
416 1
373 1
160 1
0 1
0 1
0 1
0 1
0 1
0 1
0 1
15 1
236 1
406 1
392 1
200 1
0 1
0 1
0 1
0 1
0 1
0 1
0 1
0 1
145 1
367 1
420 1
283 1
16 1
0 1
0 1
0 1
0 1
0 1
0 1
0 1
103 1
343 1
428 1
313 1
60 1
0 1
0 1
0 1
0 1
0 1
0 1
0 1
59 1
273 1
417 1
373 1
161 1
0 1
0 1
0 1
0 1
0 1
0 1
0 1
15 1
235 1
408 1
392 1
198 1
0 1
0 1
0 1
0 1
0 1
0 1
0 1
0 1
146 1
367 1
421 1
282 1
15 1
0 1
0 1
0 1
0 1
0 1
0 1
0 1
103 1
343 1
424 1
315 1
58 1
0 1
0 1
0 1
0 1
0 1
0 1
0 1
59 1
273 1
421 1
375 1
159 1
0 1
0 1
0 1
0 1
0 1
0 1
0 1
16 1
237 1
406 1
392 1
199 1
0 1
0 1
0 1
0 1
0 1
0 1
0 1
0 1
146 1
368 1
419 1
281 1
15 1
0 1
0 1
0 1
0 1
0 1
0 1
0 1
105 1
342 1
427 1
312 1
59 1
0 1
0 1
0 1
0 1
0 1
0 1
0 1
60 1
273 1
417 1
372 1
158 1
0 1
0 1
0 1
0 1
0 1
0 1
0 1
17 1
237 1
407 1
393 1
197 1
0 1
0 1
0 1
0 1
0 1
0 1
0 1
0 1
147 1
367 1
421 1
283 1
13 1
0 1
0 1
0 1
0 1
0 1
0 1
0 1
104 1
343 1
423 1
312 1
58 1
0 1
0 1
0 1
0 1
0 1
0 1
0 1
61 1
272 1
416 1
371 1
156 1
0 1
0 1
0 1
0 1
0 1
0 1
0 1
19 1
238 1
407 1
390 1
197 1
0 1
0 1
0 1
0 1
0 1
0 1
0 1
0 1
147 1
367 1
418 1
281 1
14 1
0 1
0 1
0 1
0 1
0 1
0 1
0 1
106 1
342 1
424 1
311 1
57 1
0 1
0 1
0 1
0 1
0 1
0 1
0 1
62 1
272 1
418 1
371 1
156 1
0 1
0 1
0 1
0 1
0 1
0 1
0 1
19 1
238 1
407 1
391 1
195 1
0 1
0 1
0 1
0 1
0 1
0 1
0 1
0 1
148 1
368 1
419 1
279 1
12 1
0 1
0 1
0 1
0 1
0 1
0 1
0 1
106 1
344 1
423 1
311 1
56 1
0 1
0 1
0 1
0 1
0 1
0 1
0 1
63 1
274 1
418 1
370 1
155 1
0 1
0 1
0 1
0 1
0 1
0 1
0 1
20 1
239 1
407 1
389 1
197 1
0 1
0 1
0 1
0 1
0 1
0 1
0 1
0 1
148 1
367 1
418 1
278 1
12 1
0 1
0 1
0 1
0 1
0 1
0 1
0 1
107 1
343 1
424 1
310 1
55 1
0 1
0 1
0 1
0 1
0 1
0 1
0 1
64 1
274 1
417 1
370 1
154 1
0 1
0 1
0 1
0 1
0 1
0 1
0 1
21 1
240 1
410 1
392 1
195 1
0 1
0 1
0 1
0 1
0 1
0 1
0 1
0 1
151 1
368 1
419 1
279 1
11 1
0 1
0 1
0 1
0 1
0 1
0 1
0 1
107 1
344 1
423 1
309 1
54 1
0 1
0 1
0 1
0 1
0 1
0 1
0 1
65 1
274 1
418 1
370 1
154 1
0 1
0 1
0 1
0 1
0 1
0 1
0 1
21 1
241 1
407 1
389 1
194 1
0 1
0 1
0 1
0 1
0 1
0 1
0 1
0 1
151 1
368 1
418 1
279 1
10 1
0 1
0 1
0 1
0 1
0 1
0 1
0 1
108 1
344 1
425 1
311 1
55 1
0 1
0 1
0 1
0 1
0 1
0 1
0 1
66 1
275 1
417 1
369 1
153 1
0 1
0 1
0 1
0 1
0 1
0 1
0 1
22 1
240 1
407 1
390 1
193 1
0 1
0 1
0 1
0 1
0 1
0 1
0 1
0 1
151 1
368 1
418 1
278 1
10 1
0 1
0 1
0 1
0 1
0 1
0 1
0 1
109 1
345 1
422 1
308 1
54 1
0 1
0 1
0 1
0 1
0 1
0 1
0 1
66 1
276 1
420 1
371 1
153 1
0 1
0 1
0 1
0 1
0 1
0 1
0 1
23 1
242 1
408 1
388 1
193 1
0 1
0 1
0 1
0 1
0 1
0 1
0 1
0 1
152 1
369 1
418 1
276 1
9 1
0 1
0 1
0 1
0 1
0 1
0 1
0 1
52 1
264 1
415 1
376 1
165 1
0 1
0 1
0 1
0 1
0 1
0 1
0 1
9 1
179 1
382 1
412 1
253 1
0 1
0 1
0 1
0 1
0 1
0 1
0 1
0 1
82 1
287 1
421 1
361 1
138 1
0 1
0 1
0 1
0 1
0 1
0 1
0 1
38 1
254 1
412 1
382 1
178 1
0 1
0 1
0 1
0 1
0 1
0 1
0 1
0 1
166 1
377 1
416 1
264 1
0 1
0 1
0 1
0 1
0 1
0 1
0 1
0 1
67 1
277 1
418 1
370 1
151 1
0 1
0 1
0 1
0 1
0 1
0 1
0 1
25 1
243 1
408 1
388 1
191 1
0 1
0 1
0 1
0 1
0 1
0 1
0 1
0 1
152 1
369 1
418 1
275 1
7 1
0 1
0 1
0 1
0 1
0 1
0 1
0 1
54 1
266 1
415 1
376 1
164 1
0 1
0 1
0 1
0 1
0 1
0 1
0 1
10 1
231 1
404 1
394 1
203 1
0 1
0 1
0 1
0 1
0 1
0 1
0 1
0 1
140 1
364 1
419 1
286 1
21 1
0 1
0 1
0 1
0 1
0 1
0 1
0 1
97 1
299 1
422 1
353 1
122 1
0 1
0 1
0 1
0 1
0 1
0 1
0 1
54 1
267 1
415 1
375 1
164 1
0 1
0 1
0 1
0 1
0 1
0 1
0 1
11 1
231 1
407 1
395 1
204 1
0 1
0 1
0 1
0 1
0 1
0 1
0 1
0 1
141 1
363 1
420 1
285 1
20 1
0 1
0 1
0 1
0 1
0 1
0 1
0 1
98 1
300 1
422 1
351 1
121 1
0 1
0 1
0 1
0 1
0 1
0 1
0 1
55 1
267 1
416 1
374 1
162 1
0 1
0 1
0 1
0 1
0 1
0 1
0 1
12 1
232 1
404 1
393 1
202 1
0 1
0 1
0 1
0 1
0 1
0 1
0 1
0 1
142 1
364 1
420 1
286 1
20 1
0 1
0 1
0 1
0 1
0 1
0 1
0 1
101 1
339 1
425 1
316 1
63 1
0 1
0 1
0 1
0 1
0 1
0 1
0 1
56 1
268 1
416 1
375 1
163 1
0 1
0 1
0 1
0 1
0 1
0 1
0 1
13 1
233 1
408 1
392 1
203 1
0 1
0 1
0 1
0 1
0 1
0 1
0 1
0 1
143 1
364 1
422 1
285 1
19 1
0 1
0 1
0 1
0 1
0 1
0 1
0 1
100 1
341 1
425 1
315 1
63 1
0 1
0 1
0 1
0 1
0 1
0 1
0 1
56 1
269 1
418 1
376 1
161 1
0 1
0 1
0 1
0 1
0 1
0 1
0 1
15 1
235 1
406 1
395 1
201 1
0 1
0 1
0 1
0 1
0 1
0 1
0 1
0 1
143 1
366 1
420 1
285 1
18 1
0 1
0 1
0 1
0 1
0 1
0 1
0 1
101 1
340 1
426 1
315 1
62 1
0 1
0 1
0 1
0 1
0 1
0 1
0 1
58 1
272 1
422 1
376 1
161 1
0 1
0 1
0 1
0 1
0 1
0 1
0 1
15 1
234 1
408 1
394 1
201 1
0 1
0 1
0 1
0 1
0 1
0 1
0 1
0 1
144 1
364 1
423 1
284 1
18 1
0 1
0 1
0 1
0 1
0 1
0 1
0 1
101 1
342 1
424 1
314 1
62 1
0 1
0 1
0 1
0 1
0 1
0 1
0 1
58 1
270 1
417 1
375 1
160 1
0 1
0 1
0 1
0 1
0 1
0 1
0 1
15 1
236 1
406 1
394 1
199 1
0 1
0 1
0 1
0 1
0 1
0 1
0 1
0 1
144 1
367 1
420 1
286 1
17 1
0 1
0 1
0 1
0 1
0 1
0 1
0 1
102 1
341 1
424 1
313 1
61 1
0 1
0 1
0 1
0 1
0 1
0 1
0 1
60 1
271 1
416 1
372 1
159 1
0 1
0 1
0 1
0 1
0 1
0 1
0 1
15 1
236 1
407 1
392 1
199 1
0 1
0 1
0 1
0 1
0 1
0 1
0 1
0 1
145 1
365 1
420 1
281 1
16 1
0 1
0 1
0 1
0 1
0 1
0 1
0 1
103 1
341 1
425 1
313 1
59 1
0 1
0 1
0 1
0 1
0 1
0 1
0 1
60 1
270 1
418 1
373 1
158 1
0 1
0 1
0 1
0 1
0 1
0 1
0 1
17 1
237 1
406 1
392 1
198 1
0 1
0 1
0 1
0 1
0 1
0 1
0 1
0 1
145 1
367 1
419 1
282 1
16 1
0 1
0 1
0 1
0 1
0 1
0 1
0 1
104 1
341 1
425 1
312 1
58 1
0 1
0 1
0 1
0 1
0 1
0 1
0 1
61 1
272 1
416 1
371 1
158 1
0 1
0 1
0 1
0 1
0 1
0 1
0 1
17 1
237 1
407 1
392 1
197 1
0 1
0 1
0 1
0 1
0 1
0 1
0 1
0 1
146 1
367 1
419 1
280 1
14 1
0 1
0 1
0 1
0 1
0 1
0 1
0 1
105 1
342 1
423 1
312 1
58 1
0 1
0 1
0 1
0 1
0 1
0 1
0 1
61 1
272 1
417 1
373 1
157 1
0 1
0 1
0 1
0 1
0 1
0 1
0 1
17 1
239 1
409 1
392 1
198 1
0 1
0 1
0 1
0 1
0 1
0 1
0 1
0 1
148 1
368 1
418 1
280 1
13 1
0 1
0 1
0 1
0 1
0 1
0 1
0 1
105 1
344 1
424 1
312 1
57 1
0 1
0 1
0 1
0 1
0 1
0 1
0 1
62 1
273 1
416 1
371 1
157 1
0 1
0 1
0 1
0 1
0 1
0 1
0 1
19 1
239 1
407 1
391 1
196 1
0 1
0 1
0 1
0 1
0 1
0 1
0 1
0 1
149 1
368 1
419 1
280 1
13 1
0 1
0 1
0 1
0 1
0 1
0 1
0 1
106 1
344 1
425 1
312 1
55 1
0 1
0 1
0 1
0 1
0 1
0 1
0 1
63 1
273 1
417 1
371 1
156 1
0 1
0 1
0 1
0 1
0 1
0 1
0 1
19 1
239 1
407 1
389 1
195 1
0 1
0 1
0 1
0 1
0 1
0 1
0 1
0 1
148 1
367 1
418 1
279 1
12 1
0 1
0 1
0 1
0 1
0 1
0 1
0 1
107 1
344 1
424 1
310 1
55 1
0 1
0 1
0 1
0 1
0 1
0 1
0 1
64 1
275 1
420 1
373 1
156 1
0 1
0 1
0 1
0 1
0 1
0 1
0 1
20 1
239 1
408 1
390 1
195 1
0 1
0 1
0 1
0 1
0 1
0 1
0 1
0 1
150 1
369 1
421 1
281 1
9 1
0 1
0 1
0 1
0 1
0 1
0 1
0 1
49 1
262 1
415 1
377 1
168 1
0 1
0 1
0 1
0 1
0 1
0 1
0 1
7 1
179 1
384 1
413 1
256 1
0 1
0 1
0 1
0 1
0 1
0 1
0 1
0 1
80 1
286 1
420 1
365 1
140 1
0 1
0 1
0 1
0 1
0 1
0 1
0 1
36 1
252 1
412 1
384 1
180 1
0 1
0 1
0 1
0 1
0 1
0 1
0 1
0 1
164 1
378 1
416 1
268 1
0 1
0 1
0 1
0 1
0 1
0 1
0 1
0 1
65 1
275 1
420 1
369 1
153 1
0 1
0 1
0 1
0 1
0 1
0 1
0 1
22 1
241 1
410 1
393 1
193 1
0 1
0 1
0 1
0 1
0 1
0 1
0 1
0 1
152 1
368 1
421 1
279 1
10 1
0 1
0 1
0 1
0 1
0 1
0 1
0 1
109 1
347 1
424 1
311 1
54 1
0 1
0 1
0 1
0 1
0 1
0 1
0 1
65 1
276 1
418 1
369 1
152 1
0 1
0 1
0 1
0 1
0 1
0 1
0 1
24 1
243 1
409 1
389 1
193 1
0 1
0 1
0 1
0 1
0 1
0 1
0 1
0 1
153 1
371 1
419 1
277 1
9 1
0 1
0 1
0 1
0 1
0 1
0 1
0 1
52 1
265 1
415 1
376 1
165 1
0 1
0 1
0 1
0 1
0 1
0 1
0 1
9 1
179 1
384 1
414 1
254 1
0 1
0 1
0 1
0 1
0 1
0 1
0 1
0 1
81 1
287 1
421 1
361 1
138 1
0 1
0 1
0 1
0 1
0 1
0 1
0 1
38 1
254 1
412 1
382 1
178 1
0 1
0 1
0 1
0 1
0 1
0 1
0 1
0 1
166 1
376 1
415 1
265 1
0 1
0 1
0 1
0 1
0 1
0 1
0 1
0 1
68 1
277 1
419 1
369 0
151 0
0 0
0 0
0 0
0 0
0 0
0 0
0 0
24 0
243 0
409 0
388 0
192 0
0 0
0 0
0 0
0 0
0 0
0 0
0 0
0 0
153 0
370 0
419 0
276 0
7 0
0 0
0 0
0 0
0 0
0 0
0 0
0 0
54 0
266 0
413 0
387 0
200 0
0 0
0 0
0 0
0 0
0 0
0 0
0 0
0 0
65 0
266 0
412 0
388 0
201 0
0 0
0 0
0 0
0 0
0 0
0 0
0 0
0 0
63 0
265 0
413 0
389 0
202 0
0 0
0 0
0 0
0 0
0 0
0 0
0 0
0 0
62 0
263 0
411 0
389 0
205 0
0 0
0 0
0 0
0 0
0 0
0 0
0 0
0 0
59 0
262 0
411 0
390 0
207 0
0 0
0 0
0 0
0 0
0 0
0 0
0 0
0 0
58 0
260 0
411 0
390 0
209 0
0 0
0 0
0 0
0 0
0 0
0 0
0 0
0 0
56 0
258 0
411 0
392 0
210 0
0 0
0 0
0 0
0 0
0 0
0 0
0 0
0 0
54 0
257 0
409 0
393 0
211 0
0 0
0 0
0 0
0 0
0 0
0 0
0 0
0 0
52 0
256 0
411 0
393 0
214 0
0 0
0 0
0 0
0 0
0 0
0 0
0 0
0 0
50 0
254 0
408 0
394 0
215 0
0 0
0 0
0 0
0 0
0 0
0 0
0 0
0 0
48 0
252 0
409 0
395 0
217 0
0 0
0 0
0 0
0 0
0 0
0 0
0 0
0 0
47 0
251 0
407 0
395 0
218 0
0 0
0 0
0 0
0 0
0 0
0 0
0 0
0 0
44 0
250 0
408 0
396 0
220 0
0 0
0 0
0 0
0 0
0 0
0 0
0 0
0 0
42 0
249 0
406 0
396 0
221 0
0 0
0 0
0 0
0 0
0 0
0 0
0 0
0 0
40 0
247 0
406 0
396 0
223 0
0 0
0 0
0 0
0 0
0 0
0 0
0 0
0 0
38 0
245 0
406 0
398 0
225 0
0 0
0 0
0 0
0 0
0 0
0 0
0 0
0 0
36 0
243 0
404 0
399 0
225 0
0 0
0 0
0 0
0 0
0 0
0 0
0 0
0 0
34 0
243 0
405 0
400 0
227 0
0 0
0 0
0 0
0 0
0 0
0 0
0 0
0 0
33 0
240 0
403 0
400 0
229 0
0 0
0 0
0 0
0 0
0 0
0 0
0 0
0 0
31 0
240 0
404 0
401 0
231 0
0 0
0 0
0 0
0 0
0 0
0 0
0 0
0 0
29 0
237 0
403 0
400 0
233 0
0 0
0 0
0 0
0 0
0 0
0 0
0 0
0 0
27 0
236 0
405 0
404 0
235 0
0 0
0 0
0 0
0 0
0 0
0 0
0 0
0 0
25 0
236 0
402 0
405 0
235 0
0 0
0 0
0 0
0 0
0 0
0 0
0 0
0 0
23 0
233 0
401 0
402 0
238 0
0 0
0 0
0 0
0 0
0 0
0 0
0 0
0 0
21 0
232 0
401 0
403 0
240 0
0 0
0 0
0 0
0 0
0 0
0 0
0 0
0 0
20 0
229 0
403 0
404 0
242 0
0 0
0 0
0 0
0 0
0 0
0 0
0 0
0 0
18 0
228 0
399 0
404 0
242 0
0 0
0 0
0 0
0 0
0 0
0 0
0 0
0 0
16 0
228 0
399 0
407 0
243 0
0 0
0 0
0 0
0 0
0 0
0 0
0 0
0 0
14 0
227 0
401 0
406 0
246 0
0 0
0 0
0 0
0 0
0 0
0 0
0 0
0 0
12 0
225 0
397 0
406 0
248 0
0 0
0 0
0 0
0 0
0 0
0 0
0 0
0 0
10 0
222 0
399 0
408 0
249 0
0 0
0 0
0 0
0 0
0 0
0 0
0 0
0 0
8 0
171 0
373 0
422 0
292 0
43 0
0 0
0 0
0 0
0 0
0 0
0 0
0 0
6 0
170 0
371 0
422 0
295 0
45 0
0 0
0 0
0 0
0 0
0 0
0 0
0 0
4 0
168 0
370 0
420 0
297 0
47 0
0 0
0 0
0 0
0 0
0 0
0 0
0 0
3 0
165 0
370 0
420 0
298 0
52 0
0 0
0 0
0 0
0 0
0 0
0 0
0 0
1 0
164 0
369 0
420 0
297 0
51 0
0 0
0 0
0 0
0 0
0 0
0 0
0 0
0 0
162 0
367 0
421 0
301 0
53 0
0 0
0 0
0 0
0 0
0 0
0 0
0 0
0 0
160 0
367 0
420 0
300 0
55 0
0 0
0 0
0 0
0 0
0 0
0 0
0 0
0 0
159 0
366 0
422 0
302 0
57 0
0 0
0 0
0 0
0 0
0 0
0 0
0 0
0 0
159 0
365 0
421 0
305 0
59 0
0 0
0 0
0 0
0 0
0 0
0 0
0 0
0 0
155 0
366 0
422 0
307 0
60 0
0 0
0 0
0 0
0 0
0 0
0 0
0 0
0 0
152 0
363 0
424 0
306 0
63 0
0 0
0 0
0 0
0 0
0 0
0 0
0 0
0 0
152 0
362 0
425 0
306 0
65 0
0 0
0 0
0 0
0 0
0 0
0 0
0 0
0 0
151 0
363 0
422 0
310 0
66 0
0 0
0 0
0 0
0 0
0 0
0 0
0 0
0 0
147 0
360 0
422 0
311 0
68 0
0 0
0 0
0 0
0 0
0 0
0 0
0 0
0 0
146 0
361 0
422 0
312 0
70 0
0 0
0 0
0 0
0 0
0 0
0 0
0 0
0 0
145 0
359 0
425 0
312 0
73 0
0 0
0 0
0 0
0 0
0 0
0 0
0 0
0 0
144 0
357 0
426 0
314 0
73 0
0 0
0 0
0 0
0 0
0 0
0 0
0 0
0 0
141 0
356 0
423 0
317 0
76 0
0 0
0 0
0 0
0 0
0 0
0 0
0 0
0 0
140 0
356 0
425 0
318 0
77 0
0 0
0 0
0 0
0 0
0 0
0 0
0 0
0 0
138 0
356 0
423 0
317 0
79 0
0 0
0 0
0 0
0 0
0 0
0 0
0 0
0 0
135 0
353 0
426 0
320 0
82 0
0 0
0 0
0 0
0 0
0 0
0 0
0 0
0 0
134 0
352 0
426 0
320 0
83 0
0 0
0 0
0 0
0 0
0 0
0 0
0 0
0 0
132 0
351 0
424 0
321 0
85 0
0 0
0 0
0 0
0 0
0 0
0 0
0 0
0 0
130 0
349 0
425 0
322 0
87 0
0 0
0 0
0 0
0 0
0 0
0 0
0 0
0 0
128 0
349 0
423 0
324 0
88 0
0 0
0 0
0 0
0 0
0 0
0 0
0 0
0 0
126 0
347 0
424 0
324 0
91 0
0 0
0 0
0 0
0 0
0 0
0 0
0 0
0 0
125 0
346 0
425 0
326 0
93 0
0 0
0 0
0 0
0 0
0 0
0 0
0 0
0 0
123 0
346 0
426 0
328 0
94 0
0 0
0 0
0 0
0 0
0 0
0 0
0 0
0 0
121 0
344 0
424 0
330 0
97 0
0 0
0 0
0 0
0 0
0 0
0 0
0 0
0 0
120 0
345 0
424 0
330 0
98 0
0 0
0 0
0 0
0 0
0 0
0 0
0 0
0 0
117 0
342 0
427 0
331 0
101 0
0 0
0 0
0 0
0 0
0 0
0 0
0 0
6 0
168 0
370 0
422 0
295 0
47 0
0 0
0 0
0 0
0 0
0 0
0 0
0 0
3 0
167 0
370 0
421 0
296 0
49 0
0 0
0 0
0 0
0 0
0 0
0 0
0 0
2 0
164 0
371 0
420 0
297 0
51 0
0 0
0 0
0 0
0 0
0 0
0 0
0 0
0 0
163 0
368 0
421 0
299 0
53 0
0 0
0 0
0 0
0 0
0 0
0 0
0 0
0 0
162 0
368 0
424 0
300 0
54 0
0 0
0 0
0 0
0 0
0 0
0 0
0 0
0 0
160 0
366 0
421 0
303 0
58 0
0 0
0 0
0 0
0 0
0 0
0 0
0 0
0 0
159 0
366 0
424 0
305 0
59 0
0 0
0 0
0 0
0 0
0 0
0 0
0 0
0 0
156 0
366 0
421 0
305 0
59 0
0 0
0 0
0 0
0 0
0 0
0 0
0 0
0 0
154 0
363 0
425 0
305 0
62 0
0 0
0 0
0 0
0 0
0 0
0 0
0 0
0 0
153 0
362 0
424 0
307 0
63 0
0 0
0 0
0 0
0 0
0 0
0 0
0 0
0 0
152 0
364 0
422 0
310 0
66 0
0 0
0 0
0 0
0 0
0 0
0 0
0 0
0 0
149 0
360 0
422 0
309 0
67 0
0 0
0 0
0 0
0 0
0 0
0 0
0 0
0 0
147 0
360 0
422 0
310 0
69 0
0 0
0 0
0 0
0 0
0 0
0 0
0 0
0 0
145 0
359 0
423 0
312 0
71 0
0 0
0 0
0 0
0 0
0 0
0 0
0 0
0 0
144 0
357 0
423 0
312 0
73 0
0 0
0 0
0 0
0 0
0 0
0 0
0 0
0 0
142 0
356 0
423 0
314 0
75 0
0 0
0 0
0 0
0 0
0 0
0 0
0 0
0 0
140 0
355 0
423 0
316 0
76 0
0 0
0 0
0 0
0 0
0 0
0 0
0 0
0 0
138 0
354 0
423 0
316 0
78 0
0 0
0 0
0 0
0 0
0 0
0 0
0 0
0 0
136 0
352 0
424 0
318 0
80 0
0 0
0 0
0 0
0 0
0 0
0 0
0 0
0 0
134 0
352 0
424 0
319 0
82 0
0 0
0 0
0 0
0 0
0 0
0 0
0 0
0 0
133 0
351 0
424 0
321 0
84 0
0 0
0 0
0 0
0 0
0 0
0 0
0 0
0 0
132 0
349 0
423 0
322 0
86 0
0 0
0 0
0 0
0 0
0 0
0 0
0 0
0 0
129 0
350 0
425 0
323 0
88 0
0 0
0 0
0 0
0 0
0 0
0 0
0 0
0 0
127 0
348 0
424 0
324 0
90 0
0 0
0 0
0 0
0 0
0 0
0 0
0 0
0 0
126 0
346 0
425 0
325 0
91 0
0 0
0 0
0 0
0 0
0 0
0 0
0 0
0 0
124 0
346 0
424 0
327 0
93 0
0 0
0 0
0 0
0 0
0 0
0 0
0 0
0 0
122 0
346 0
424 0
329 0
95 0
0 0
0 0
0 0
0 0
0 0
0 0
0 0
0 0
120 0
344 0
423 0
329 0
97 0
0 0
0 0
0 0
0 0
0 0
0 0
0 0
0 0
118 0
341 0
424 0
330 0
99 0
0 0
0 0
0 0
0 0
0 0
0 0
0 0
0 0
116 0
340 0
425 0
331 0
101 0
0 0
0 0
0 0
0 0
0 0
0 0
0 0
4 0
167 0
370 0
419 0
296 0
48 0
0 0
0 0
0 0
0 0
0 0
0 0
0 0
3 0
165 0
370 0
420 0
296 0
49 0
0 0
0 0
0 0
0 0
0 0
0 0
0 0
0 0
163 0
368 0
421 0
299 0
51 0
0 0
0 0
0 0
0 0
0 0
0 0
0 0
0 0
162 0
370 0
423 0
299 0
53 0
0 0
0 0
0 0
0 0
0 0
0 0
0 0
0 0
160 0
367 0
421 0
302 0
55 0
0 0
0 0
0 0
0 0
0 0
0 0
0 0
0 0
159 0
366 0
421 0
303 0
58 0
0 0
0 0
0 0
0 0
0 0
0 0
0 0
0 0
157 0
367 0
423 0
307 0
60 0
0 0
0 0
0 0
0 0
0 0
0 0
0 0
0 0
155 0
364 0
425 0
305 0
61 0
0 0
0 0
0 0
0 0
0 0
0 0
0 0
0 0
153 0
363 0
424 0
306 0
63 0
0 0
0 0
0 0
0 0
0 0
0 0
0 0
0 0
151 0
364 0
423 0
309 0
63 0
0 0
0 0
0 0
0 0
0 0
0 0
0 0
0 0
149 0
361 0
422 0
309 0
66 0
0 0
0 0
0 0
0 0
0 0
0 0
0 0
0 0
149 0
361 0
423 0
312 0
69 0
0 0
0 0
0 0
0 0
0 0
0 0
0 0
0 0
146 0
359 0
425 0
311 0
71 0
0 0
0 0
0 0
0 0
0 0
0 0
0 0
0 0
146 0
358 0
425 0
313 0
72 0
0 0
0 0
0 0
0 0
0 0
0 0
0 0
0 0
143 0
359 0
423 0
315 0
73 0
0 0
0 0
0 0
0 0
0 0
0 0
0 0
0 0
141 0
356 0
423 0
315 0
77 0
0 0
0 0
0 0
0 0
0 0
0 0
0 0
0 0
139 0
357 0
423 0
316 0
78 0
0 0
0 0
0 0
0 0
0 0
0 0
0 0
0 0
137 0
354 0
424 0
318 0
79 0
0 0
0 0
0 0
0 0
0 0
0 0
0 0
0 0
135 0
353 0
424 0
318 0
81 0
0 0
0 0
0 0
0 0
0 0
0 0
0 0
0 0
133 0
351 0
423 0
321 0
83 0
0 0
0 0
0 0
0 0
0 0
0 0
0 0
0 0
132 0
350 0
423 0
321 0
85 0
0 0
0 0
0 0
0 0
0 0
0 0
0 0
0 0
130 0
351 0
424 0
323 0
87 0
0 0
0 0
0 0
0 0
0 0
0 0
0 0
0 0
128 0
348 0
426 0
323 0
89 0
0 0
0 0
0 0
0 0
0 0
0 0
0 0
0 0
126 0
347 0
424 0
325 0
91 0
0 0
0 0
0 0
0 0
0 0
0 0
0 0
0 0
125 0
347 0
424 0
327 0
92 0
0 0
0 0
0 0
0 0
0 0
0 0
0 0
0 0
122 0
344 0
424 0
327 0
95 0
0 0
0 0
0 0
0 0
0 0
0 0
0 0
0 0
121 0
345 0
425 0
331 0
96 0
0 0
0 0
0 0
0 0
0 0
0 0
0 0
0 0
119 0
342 0
425 0
330 0
99 0
0 0
0 0
0 0
0 0
0 0
0 0
0 0
0 0
118 0
341 0
427 0
331 0
100 0
0 0
0 0
0 0
0 0
0 0
0 0
0 0
5 0
169 0
371 0
421 0
296 0
47 0
0 0
0 0
0 0
0 0
0 0
0 0
0 0
3 0
167 0
372 0
421 0
298 0
50 0
0 0
0 0
0 0
0 0
0 0
0 0
0 0
0 0
165 0
369 0
423 0
297 0
51 0
0 0
0 0
0 0
0 0
0 0
0 0
0 0
0 0
165 0
368 0
423 0
300 0
52 0
0 0
0 0
0 0
0 0
0 0
0 0
0 0
0 0
159 0
367 0
421 0
302 0
54 0
0 0
0 0
0 0
0 0
0 0
0 0
0 0
0 0
160 0
368 0
421 0
301 0
57 0
0 0
0 0
0 0
0 0
0 0
0 0
0 0
0 0
158 0
367 0
421 0
303 0
58 0
0 0
0 0
0 0
0 0
0 0
0 0
0 0
0 0
156 0
364 0
422 0
304 0
60 0
0 0
0 0
0 0
0 0
0 0
0 0
0 0
0 0
154 0
364 0
424 0
306 0
62 0
0 0
0 0
0 0
0 0
0 0
0 0
0 0
0 0
152 0
362 0
422 0
310 0
65 0
0 0
0 0
0 0
0 0
0 0
0 0
0 0
0 0
151 0
364 0
422 0
310 0
66 0
0 0
0 0
0 0
0 0
0 0
0 0
0 0
0 0
148 0
362 0
423 0
309 0
68 0
0 0
0 0
0 0
0 0
0 0
0 0
0 0
0 0
147 0
359 0
425 0
311 0
71 0
0 0
0 0
0 0
0 0
0 0
0 0
0 0
0 0
145 0
358 0
423 0
311 0
71 0
0 0
0 0
0 0
0 0
0 0
0 0
0 0
0 0
143 0
358 0
423 0
313 0
73 0
0 0
0 0
0 0
0 0
0 0
0 0
0 0
0 0
141 0
356 0
422 0
313 0
76 0
0 0
0 0
0 0
0 0
0 0
0 0
0 0
0 0
140 0
355 0
423 0
316 0
77 0
0 0
0 0
0 0
0 0
0 0
0 0
0 0
0 0
138 0
353 0
423 0
317 0
79 0
0 0
0 0
0 0
0 0
0 0
0 0
0 0
0 0
136 0
354 0
425 0
319 0
81 0
0 0
0 0
0 0
0 0
0 0
0 0
0 0
0 0
134 0
351 0
423 0
320 0
83 0
0 0
0 0
0 0
0 0
0 0
0 0
0 0
0 0
133 0
351 0
423 0
320 0
84 0
0 0
0 0
0 0
0 0
0 0
0 0
0 0
0 0
130 0
350 0
423 0
321 0
86 0
0 0
0 0
0 0
0 0
0 0
0 0
0 0
0 0
128 0
348 0
424 0
323 0
88 0
0 0
0 0
0 0
0 0
0 0
0 0
0 0
0 0
127 0
347 0
426 0
323 0
90 0
0 0
0 0
0 0
0 0
0 0
0 0
0 0
0 0
125 0
347 0
423 0
326 0
92 0
0 0
0 0
0 0
0 0
0 0
0 0
0 0
0 0
123 0
345 0
424 0
327 0
93 0
0 0
0 0
0 0
0 0
0 0
0 0
0 0
0 0
122 0
345 0
424 0
328 0
96 0
0 0
0 0
0 0
0 0
0 0
0 0
0 0
0 0
121 0
346 0
427 0
331 0
98 0
0 0
0 0
0 0
0 0
0 0
0 0
0 0
0 0
118 0
344 0
425 0
330 0
99 0
0 0
0 0
0 0
0 0
0 0
0 0
0 0
0 0
116 0
343 0
425 0
333 0
101 0
0 0
0 0
0 0
0 0
0 0
0 0
0 0
3 0
168 0
370 0
420 0
297 0
48 0
0 0
0 0
0 0
0 0
0 0
0 0
0 0
1 0
165 0
370 0
423 0
297 0
50 0
0 0
0 0
0 0
0 0
0 0
0 0
0 0
0 0
164 0
368 0
423 0
300 0
52 0
0 0
0 0
0 0
0 0
0 0
0 0
0 0
0 0
162 0
369 0
421 0
301 0
53 0
0 0
0 0
0 0
0 0
0 0
0 0
0 0
0 0
160 0
370 0
421 0
301 0
56 0
0 0
0 0
0 0
0 0
0 0
0 0
0 0
0 0
158 0
369 0
424 0
304 0
58 0
0 0
0 0
0 0
0 0
0 0
0 0
0 0
0 0
157 0
366 0
424 0
304 0
59 0
0 0
0 0
0 0
0 0
0 0
0 0
0 0
0 0
155 0
366 0
427 0
306 0
60 0
0 0
0 0
0 0
0 0
0 0
0 0
0 0
0 0
153 0
362 0
422 0
308 0
63 0
0 0
0 0
0 0
0 0
0 0
0 0
0 0
0 0
151 0
363 0
423 0
307 0
65 0
0 0
0 0
0 0
0 0
0 0
0 0
0 0
0 0
149 0
362 0
422 0
308 0
67 0
0 0
0 0
0 0
0 0
0 0
0 0
0 0
0 0
148 0
359 0
423 0
310 0
69 0
0 0
0 0
0 0
0 0
0 0
0 0
0 0
0 0
147 0
360 0
425 0
312 0
70 0
0 0
0 0
0 0
0 0
0 0
0 0
0 0
0 0
144 0
358 0
422 0
313 0
72 0
0 0
0 0
0 0
0 0
0 0
0 0
0 0
0 0
142 0
357 0
423 0
314 0
74 0
0 0
0 0
0 0
0 0
0 0
0 0
0 0
0 0
140 0
356 0
422 0
315 0
76 0
0 0
0 0
0 0
0 0
0 0
0 0
0 0
0 0
138 0
355 0
424 0
317 0
78 0
0 0
0 0
0 0
0 0
0 0
0 0
0 0
0 0
137 0
352 0
424 0
317 0
80 0
0 0
0 0
0 0
0 0
0 0
0 0
0 0
0 0
134 0
353 0
423 0
320 0
82 0
0 0
0 0
0 0
0 0
0 0
0 0
0 0
0 0
133 0
352 0
423 0
320 0
84 0
0 0
0 0
0 0
0 0
0 0
0 0
0 0
0 0
131 0
351 0
423 0
313 0
58 0
0 0
0 1
0 1
0 1
0 1
0 1
0 1
61 1
272 1
417 1
372 1
156 1
0 1
0 1
0 1
0 1
0 1
0 1
0 1
18 1
238 1
407 1
390 1
197 1
0 1
0 1
0 1
0 1
0 1
0 1
0 1
0 1
148 1
367 1
419 1
280 1
14 1
0 1
0 1
0 1
0 1
0 1
0 1
0 1
105 1
343 1
424 1
312 1
56 1
0 1
0 1
0 1
0 1
0 1
0 1
0 1
62 1
273 1
417 1
370 1
156 1
0 1
0 1
0 1
0 1
0 1
0 1
0 1
19 1
238 1
406 1
390 1
196 1
0 1
0 1
0 1
0 1
0 1
0 1
0 1
0 1
149 1
368 1
422 1
282 1
12 1
0 1
0 1
0 1
0 1
0 1
0 1
0 1
106 1
343 1
424 1
311 1
56 1
0 1
0 1
0 1
0 1
0 1
0 1
0 1
63 1
273 1
418 1
370 1
156 1
0 1
0 1
0 1
0 1
0 1
0 1
0 1
19 1
240 1
407 1
390 1
196 1
0 1
0 1
0 1
0 1
0 1
0 1
0 1
0 1
148 1
367 1
421 1
281 1
12 1
0 1
0 1
0 1
0 1
0 1
0 1
0 1
107 1
344 1
424 1
312 1
57 1
0 1
0 1
0 1
0 1
0 1
0 1
0 1
64 1
276 1
420 1
372 1
155 1
0 1
0 1
0 1
0 1
0 1
0 1
0 1
20 1
240 1
408 1
390 1
194 1
0 1
0 1
0 1
0 1
0 1
0 1
0 1
0 1
150 1
368 1
419 1
280 1
11 1
0 1
0 1
0 1
0 1
0 1
0 1
0 1
108 1
345 1
426 1
311 1
55 1
0 1
0 1
0 1
0 1
0 1
0 1
0 1
64 1
275 1
421 1
370 1
154 1
0 1
0 1
0 1
0 1
0 1
0 1
0 1
21 1
241 1
411 1
389 1
195 1
0 1
0 1
0 1
0 1
0 1
0 1
0 1
0 1
150 1
368 1
421 1
280 1
10 1
0 1
0 1
0 1
0 1
0 1
0 1
0 1
109 1
345 1
424 1
311 1
55 1
0 1
0 1
0 1
0 1
0 1
0 1
0 1
65 1
277 1
418 1
374 1
154 1
0 1
0 1
0 1
0 1
0 1
0 1
0 1
22 1
241 1
410 1
389 1
193 1
0 1
0 1
0 1
0 1
0 1
0 1
0 1
0 1
151 1
369 1
420 1
279 1
10 1
0 1
0 1
0 1
0 1
0 1
0 1
0 1
109 1
344 1
428 1
309 1
53 1
0 1
0 1
0 1
0 1
0 1
0 1
0 1
67 1
276 1
418 1
370 1
152 1
0 1
0 1
0 1
0 1
0 1
0 1
0 1
24 1
244 1
408 1
389 1
193 1
0 1
0 1
0 1
0 1
0 1
0 1
0 1
0 1
153 1
368 1
418 1
277 1
9 1
0 1
0 1
0 1
0 1
0 1
0 1
0 1
52 1
265 1
417 1
376 1
165 1
0 1
0 1
0 1
0 1
0 1
0 1
0 1
9 1
179 1
384 1
416 1
254 1
0 1
0 1
0 1
0 1
0 1
0 1
0 1
0 1
82 1
288 1
420 1
362 1
138 1
0 1
0 1
0 1
0 1
0 1
0 1
0 1
39 1
253 1
413 1
383 1
178 1
0 1
0 1
0 1
0 1
0 1
0 1
0 1
0 1
167 1
376 1
416 1
266 1
0 1
0 1
0 1
0 1
0 1
0 1
0 1
0 1
68 1
277 1
419 1
370 1
151 1
0 1
0 1
0 1
0 1
0 1
0 1
0 1
25 1
243 1
411 1
389 1
192 1
0 1
0 1
0 1
0 1
0 1
0 1
0 1
0 1
153 1
369 1
419 1
276 1
7 1
0 1
0 1
0 1
0 1
0 1
0 1
0 1
54 1
267 1
416 1
376 1
164 1
0 1
0 1
0 1
0 1
0 1
0 1
0 1
11 1
231 1
404 1
393 1
203 1
0 1
0 1
0 1
0 1
0 1
0 1
0 1
0 1
141 1
363 1
420 1
286 1
22 1
0 1
0 1
0 1
0 1
0 1
0 1
0 1
98 1
300 1
423 1
353 1
123 1
0 1
0 1
0 1
0 1
0 1
0 1
0 1
55 1
267 1
415 1
374 1
164 1
0 1
0 1
0 1
0 1
0 1
0 1
0 1
11 1
233 1
406 1
394 1
203 1
0 1
0 1
0 1
0 1
0 1
0 1
0 1
0 1
140 1
362 1
420 1
285 1
20 1
0 1
0 1
0 1
0 1
0 1
0 1
0 1
99 1
300 1
422 1
352 1
122 1
0 1
0 1
0 1
0 1
0 1
0 1
0 1
56 1
267 1
415 1
375 1
163 1
0 1
0 1
0 1
0 1
0 1
0 1
0 1
12 1
232 1
404 1
392 1
202 1
0 1
0 1
0 1
0 1
0 1
0 1
0 1
0 1
141 1
364 1
419 1
285 1
20 1
0 1
0 1
0 1
0 1
0 1
0 1
0 1
100 1
340 1
425 1
316 1
63 1
0 1
0 1
0 1
0 1
0 1
0 1
0 1
56 1
268 1
415 1
373 1
162 1
0 1
0 1
0 1
0 1
0 1
0 1
0 1
13 1
233 1
406 1
395 1
202 1
0 1
0 1
0 1
0 1
0 1
0 1
0 1
0 1
143 1
364 1
420 1
284 1
19 1
0 1
0 1
0 1
0 1
0 1
0 1
0 1
100 1
340 1
423 1
317 1
62 1
0 1
0 1
0 1
0 1
0 1
0 1
0 1
57 1
268 1
416 1
374 1
161 1
0 1
0 1
0 1
0 1
0 1
0 1
0 1
13 1
234 1
406 1
393 1
201 1
0 1
0 1
0 1
0 1
0 1
0 1
0 1
0 1
143 1
365 1
419 1
284 1
19 1
0 1
0 1
0 1
0 1
0 1
0 1
0 1
101 1
340 1
425 1
315 1
61 1
0 1
0 1
0 1
0 1
0 1
0 1
0 1
59 1
270 1
416 1
373 1
161 1
0 1
0 1
0 1
0 1
0 1
0 1
0 1
13 1
234 1
405 1
392 1
199 1
0 1
0 1
0 1
0 1
0 1
0 1
0 1
0 1
144 1
365 1
420 1
284 1
17 1
0 1
0 1
0 1
0 1
0 1
0 1
0 1
103 1
342 1
424 1
315 1
60 1
0 1
0 1
0 1
0 1
0 1
0 1
0 1
59 1
270 1
416 1
373 1
159 1
0 1
0 1
0 1
0 1
0 1
0 1
0 1
14 1
234 1
406 1
393 1
199 1
0 1
0 1
0 1
0 1
0 1
0 1
0 1
0 1
144 1
365 1
419 1
283 1
17 1
0 1
0 1
0 1
0 1
0 1
0 1
0 1
103 1
341 1
425 1
313 1
60 1
0 1
0 1
0 1
0 1
0 1
0 1
0 1
59 1
271 1
417 1
372 1
159 1
0 1
0 1
0 1
0 1
0 1
0 1
0 1
16 1
236 1
407 1
392 1
199 1
0 1
0 1
0 1
0 1
0 1
0 1
0 1
0 1
146 1
366 1
420 1
282 1
15 1
0 1
0 1
0 1
0 1
0 1
0 1
0 1
103 1
341 1
423 1
313 1
59 1
0 1
0 1
0 1
0 1
0 1
0 1
0 1
60 1
270 1
416 1
372 1
158 1
0 1
0 1
0 1
0 1
0 1
0 1
0 1
16 1
236 1
406 1
391 1
197 1
0 1
0 1
0 1
0 1
0 1
0 1
0 1
0 1
147 1
367 1
422 1
283 1
15 1
0 1
0 1
0 1
0 1
0 1
0 1
0 1
105 1
343 1
425 1
313 1
59 1
0 1
0 1
0 1
0 1
0 1
0 1
0 1
61 1
272 1
416 1
372 1
157 1
0 1
0 1
0 1
0 1
0 1
0 1
0 1
17 1
237 1
409 1
391 1
197 1
0 1
0 1
0 1
0 1
0 1
0 1
0 1
0 1
147 1
366 1
419 1
282 1
14 1
0 1
0 1
0 1
0 1
0 1
0 1
0 1
104 1
344 1
424 1
313 1
57 1
0 1
0 1
0 1
0 1
0 1
0 1
0 1
62 1
272 1
419 1
372 1
157 1
0 1
0 1
0 1
0 1
0 1
0 1
0 1
19 1
239 1
408 1
391 1
198 1
0 1
0 1
0 1
0 1
0 1
0 1
0 1
0 1
147 1
366 1
421 1
280 1
13 1
0 1
0 1
0 1
0 1
0 1
0 1
0 1
106 1
343 1
426 1
311 1
58 1
0 1
0 1
0 1
0 1
0 1
0 1
0 1
63 1
275 1
418 1
371 1
155 1
0 1
0 1
0 1
0 1
0 1
0 1
0 1
19 1
238 1
411 1
393 1
196 1
0 1
0 1
0 1
0 1
0 1
0 1
0 1
0 1
149 1
367 1
419 1
281 1
12 1
0 1
0 1
0 1
0 1
0 1
0 1
0 1
105 1
345 1
429 1
311 1
58 1
0 1
0 1
0 1
0 1
0 1
0 1
0 1
64 1
274 1
420 1
371 1
153 1
0 1
0 1
0 1
0 1
0 1
0 1
0 1
21 1
241 1
408 1
390 1
197 1
0 1
0 1
0 1
0 1
0 1
0 1
0 1
0 1
149 1
367 1
421 1
280 1
12 1
0 1
0 1
0 1
0 1
0 1
0 1
0 1
108 1
344 1
426 1
310 1
56 1
0 1
0 1
0 1
0 1
0 1
0 1
0 1
64 1
274 1
418 1
370 1
155 1
0 1
0 1
0 1
0 1
0 1
0 1
0 1
21 1
240 1
408 1
391 1
194 1
0 1
0 1
0 1
0 1
0 1
0 1
0 1
0 1
150 1
369 1
419 1
279 1
11 1
0 1
0 1
0 1
0 1
0 1
0 1
0 1
107 1
346 1
423 1
310 1
55 1
0 1
0 1
0 1
0 1
0 1
0 1
0 1
64 1
275 1
419 1
370 1
155 1
0 1
0 1
0 1
0 1
0 1
0 1
0 1
21 1
240 1
408 1
389 1
194 1
0 1
0 1
0 1
0 1
0 1
0 1
0 1
0 1
150 1
368 1
420 1
277 1
11 1
0 1
0 1
0 1
0 1
0 1
0 1
0 1
110 1
345 1
425 1
311 1
53 1
0 1
0 1
0 1
0 1
0 1
0 1
0 1
65 1
276 1
417 1
371 1
154 1
0 1
0 1
0 1
0 1
0 1
0 1
0 1
22 1
240 1
411 1
390 1
194 1
0 1
0 1
0 1
0 1
0 1
0 1
0 1
0 1
151 1
369 1
418 1
277 1
10 1
0 1
0 1
0 1
0 1
0 1
0 1
0 1
110 1
346 1
425 1
309 1
53 1
0 1
0 1
0 1
0 1
0 1
0 1
0 1
66 1
276 1
418 1
369 1
152 1
0 1
0 1
0 1
0 1
0 1
0 1
0 1
23 1
243 1
410 1
389 1
194 1
0 1
0 1
0 1
0 1
0 1
0 1
0 1
0 1
152 1
370 1
420 1
279 1
9 1
0 1
0 1
0 1
0 1
0 1
0 1
0 1
53 1
265 1
416 1
377 1
165 1
0 1
0 1
0 1
0 1
0 1
0 1
0 1
9 1
180 1
383 1
414 1
253 1
0 1
0 1
0 1
0 1
0 1
0 1
0 1
0 1
82 1
287 1
421 1
362 1
138 1
0 1
0 1
0 1
0 1
0 1
0 1
0 1
38 1
255 1
413 1
382 1
179 1
0 1
0 1
0 1
0 1
0 1
0 1
0 1
0 1
166 1
377 1
416 1
265 1
0 1
0 1
0 1
0 1
0 1
0 1
0 1
0 1
68 1
277 1
419 1
369 1
151 1
0 1
0 1
0 1
0 1
0 1
0 1
0 1
25 1
243 1
408 1
388 1
191 1
0 1
0 1
0 1
0 1
0 1
0 1
0 1
0 1
154 1
369 1
419 1
276 1
6 1
0 1
0 1
0 1
0 1
0 1
0 1
0 1
53 1
267 1
416 1
377 1
164 1
0 1
0 1
0 1
0 1
0 1
0 1
0 1
11 1
232 1
406 1
396 1
205 1
0 1
0 1
0 1
0 1
0 1
0 1
0 1
0 1
141 1
365 1
421 1
287 1
22 1
0 1
0 1
0 1
0 1
0 1
0 1
0 1
99 1
300 1
423 1
355 1
121 1
0 1
0 1
0 1
0 1
0 1
0 1
0 1
54 1
267 1
416 1
376 1
167 1
0 1
0 1
0 1
0 1
0 1
0 1
0 1
11 1
234 1
408 1
393 1
203 1
0 1
0 1
0 1
0 1
0 1
0 1
0 1
0 1
142 1
365 1
424 1
287 1
21 1
0 1
0 1
0 1
0 1
0 1
0 1
0 1
99 1
302 1
423 1
354 1
123 1
0 1
0 1
0 1
0 1
0 1
0 1
0 1
57 1
267 1
416 1
375 1
162 1
0 1
0 1
0 1
0 1
0 1
0 1
0 1
11 1
235 1
406 1
394 1
203 1
0 1
0 1
0 1
0 1
0 1
0 1
0 1
0 1
141 1
366 1
420 1
287 1
18 1
0 1
0 1
