5 0
305 0
57 0
0 0
0 0
0 0
0 0
0 0
0 0
0 0
0 0
158 0
368 0
426 0
306 0
59 0
0 0
0 0
0 0
0 0
0 0
0 0
304 0
56 0
0 0
0 0
0 0
0 0
0 0
0 0
0 0
0 0
160 0
369 0
425 0
305 0
57 0
0 0
0 0
0 0
0 0
0 0
0 0
0 0
0 0
158 0
368 0
426 0
306 0
59 0
0 0
0 0
0 0
0 0
0 0
0 0
381 0
375 0
368 0
360 0
352 0
344 0
335 0
326 0
316 0
306 0
297 0
286 0
275 0
185 0
0 0
0 0
0 0
0 0
0 0
0 0
0 0
0 0
83 0
282 0
420 0
383 0
187 0
0 0
0 0
0 0
0 0
0 0
0 0
0 0
0 0
82 0
281 0
420 0
383 0
189 0
0 0
0 0
0 0
0 0
0 0
0 0
0 0
0 0
80 0
280 0
421 0
385 0
191 0
0 0
0 0
0 0
0 0
0 0
0 0
0 0
0 0
79 0
278 0
419 0
385 0
192 0
0 0
0 0
0 0
0 0
0 0
0 0
0 0
0 0
76 0
277 0
416 0
385 0
193 0
0 0
0 0
0 0
0 0
0 0
0 0
0 0
0 0
73 0
276 0
415 0
387 0
195 0
0 0
0 0
0 0
0 0
0 0
0 0
0 0
0 0
72 0
272 0
415 0
385 0
197 0
0 0
0 0
0 0
0 0
0 0
0 0
0 0
0 0
69 0
272 0
414 0
387 0
198 0
0 0
0 0
0 0
0 0
0 0
0 0
0 0
0 0
68 0
269 0
416 0
387 0
201 0
0 0
0 0
0 0
0 0
0 0
0 0
0 0
0 0
66 0
268 0
415 0
388 0
201 0
0 0
0 0
0 0
0 0
0 0
0 0
0 0
0 0
64 0
268 0
413 0
391 0
203 0
0 0
0 0
0 0
0 0
0 0
0 0
0 0
0 0
63 0
267 0
413 0
389 0
206 0
0 0
0 0
0 0
0 0
0 0
0 0
0 0
0 0
61 0
264 0
413 0
391 0
206 0
0 0
0 0
0 0
0 0
0 0
0 0
0 0
0 0
59 0
262 0
414 0
393 0
209 0
0 0
0 0
0 0
0 0
0 0
0 0
0 0
0 0
57 0
260 0
411 0
392 0
209 0
0 0
0 0
0 0
0 0
0 0
0 0
0 0
0 0
55 0
260 0
412 0
394 0
211 0
0 0
0 0
0 0
0 0
0 0
0 0
0 0
0 0
53 0
258 0
410 0
393 0
214 0
0 0
0 0
0 0
0 0
0 0
0 0
0 0
0 0
51 0
257 0
411 0
394 0
215 0
0 0
0 0
0 0
0 0
0 0
0 0
0 0
0 0
49 0
254 0
412 0
395 0
217 0
0 0
0 0
0 0
0 0
0 0
0 0
0 0
0 0
47 0
253 0
409 0
397 0
218 0
0 0
0 0
0 0
0 0
0 0
0 0
0 0
0 0
45 0
254 0
408 0
398 0
219 0
0 0
0 0
0 0
0 0
0 0
0 0
0 0
0 0
43 0
250 0
407 0
396 0
221 0
0 0
0 0
0 0
0 0
0 0
0 0
0 0
0 0
41 0
249 0
407 0
397 0
222 0
0 0
0 0
0 0
0 0
0 0
0 0
0 0
0 0
39 0
246 0
407 0
398 0
224 0
0 0
0 0
0 0
0 0
0 0
0 0
0 0
0 0
37 0
245 0
406 0
398 0
225 0
0 0
0 0
0 0
0 0
0 0
0 0
0 0
0 0
36 0
244 0
405 0
400 0
227 0
0 0
0 0
0 0
0 0
0 0
0 0
0 0
0 0
34 0
242 0
405 0
399 0
229 0
0 0
0 0
0 0
0 0
0 0
0 0
0 0
0 0
32 0
240 0
404 0
401 0
231 0
0 0
0 0
0 0
0 0
0 0
0 0
0 0
0 0
30 0
239 0
404 0
402 0
232 0
0 0
0 0
0 0
0 0
0 0
0 0
0 0
0 0
28 0
237 0
403 0
401 0
233 0
0 0
0 0
0 0
0 0
0 0
0 0
0 0
0 0
27 0
236 0
403 0
403 0
235 0
0 0
0 0
0 0
0 0
0 0
0 0
0 0
0 0
24 0
234 0
401 0
403 0
237 0
0 0
0 0
0 0
0 0
0 0
0 0
0 0
0 0
23 0
233 0
401 0
403 0
238 0
0 0
0 0
0 0
0 0
0 0
0 0
0 0
0 0
21 0
230 0
402 0
403 0
240 0
0 0
0 0
0 0
0 0
0 0
0 0
0 0
0 0
19 0
229 0
400 0
405 0
241 0
0 0
0 0
0 0
0 0
0 0
0 0
0 0
0 0
17 0
227 0
399 0
406 0
242 0
0 0
0 0
0 0
0 0
0 0
0 0
0 0
0 0
15 0
227 0
399 0
407 0
244 0
0 0
0 0
0 0
0 0
0 0
0 0
0 0
0 0
13 0
225 0
398 0
405 0
247 0
0 0
0 0
0 0
0 0
0 0
0 0
0 0
0 0
11 0
223 0
398 0
407 0
248 0
0 0
0 0
0 0
0 0
0 0
0 0
0 0
0 0
9 0
172 0
373 0
420 0
292 0
42 0
0 0
0 0
0 0
0 0
0 0
0 0
0 0
8 0
171 0
373 0
421 0
293 0
44 0
0 0
0 0
0 0
0 0
0 0
0 0
0 0
5 0
169 0
372 0
421 0
296 0
46 0
0 0
0 0
0 0
0 0
0 0
0 0
0 0
4 0
166 0
370 0
421 0
296 0
49 0
0 0
0 0
0 0
0 0
0 0
0 0
0 0
2 0
166 0
370 0
421 0
298 0
50 0
0 0
0 0
0 0
0 0
0 0
0 0
0 0
0 0
164 0
369 0
422 0
299 0
52 0
0 0
0 0
0 0
0 0
0 0
0 0
0 0
0 0
161 0
367 0
422 0
300 0
53 0
0 0
0 0
0 0
0 0
0 0
0 0
0 0
0 0
160 0
366 0
422 0
302 0
56 0
0 0
0 0
0 0
0 0
0 0
0 0
0 0
0 0
159 0
366 0
421 0
303 0
57 0
0 0
0 0
0 0
0 0
0 0
0 0
0 0
0 0
157 0
365 0
422 0
303 0
60 0
0 0
0 0
0 0
0 0
0 0
0 0
0 0
0 0
155 0
364 0
423 0
305 0
61 0
0 0
0 0
0 0
0 0
0 0
0 0
0 0
0 0
153 0
363 0
423 0
306 0
63 0
0 0
0 0
0 0
0 0
0 0
0 0
0 0
0 0
151 0
362 0
423 0
307 0
65 0
0 0
0 0
0 0
0 0
0 0
0 0
0 0
0 0
149 0
361 0
423 0
309 0
67 0
0 0
0 0
0 0
0 0
0 0
0 0
0 0
0 0
147 0
360 0
422 0
310 0
69 0
0 0
0 0
0 0
0 0
0 0
0 0
0 0
0 0
145 0
359 0
424 0
312 0
71 0
0 0
0 0
0 0
0 0
0 0
0 0
0 0
0 0
144 0
357 0
424 0
313 0
72 0
0 0
0 0
0 0
0 0
0 0
0 0
0 0
0 0
142 0
357 0
424 0
314 0
75 0
0 0
0 0
0 0
0 0
0 0
0 0
0 0
0 0
140 0
356 0
423 0
316 0
76 0
0 0
0 0
0 0
0 0
0 0
0 0
0 0
0 0
140 0
355 0
425 0
317 0
77 0
0 0
0 0
0 0
0 0
0 0
0 0
0 0
0 0
137 0
354 0
425 0
318 0
80 0
0 0
0 0
0 0
0 0
0 0
0 0
0 0
0 0
135 0
352 0
425 0
319 0
82 0
0 0
0 0
0 0
0 0
0 0
0 0
0 0
0 0
134 0
351 0
426 0
321 0
84 0
0 0
0 0
0 0
0 0
0 0
0 0
0 0
0 0
132 0
351 0
424 0
322 0
86 0
0 0
0 0
0 0
0 0
0 0
0 0
0 0
0 0
129 0
350 0
424 0
322 0
88 0
0 0
0 0
0 0
0 0
0 0
0 0
0 0
0 0
128 0
348 0
425 0
325 0
89 0
0 0
0 0
0 0
0 0
0 0
0 0
0 0
0 0
126 0
347 0
425 0
325 0
91 0
0 0
0 0
0 0
0 0
0 0
0 0
0 0
0 0
125 0
346 0
425 0
326 0
93 0
0 0
0 0
0 0
0 0
0 0
0 0
0 0
0 0
122 0
345 0
425 0
328 0
96 0
0 0
0 0
0 0
0 0
0 0
0 0
0 0
0 0
121 0
344 0
424 0
329 0
97 0
0 0
0 0
0 0
0 0
0 0
0 0
0 0
0 0
118 0
343 0
426 0
330 0
98 0
0 0
0 0
0 0
0 0
0 0
0 0
0 0
0 0
117 0
342 0
425 0
331 0
100 0
0 0
0 0
0 0
0 0
0 0
0 0
0 0
5 0
168 0
371 0
421 0
295 0
47 0
0 0
0 0
0 0
0 0
0 0
0 0
0 0
3 0
166 0
371 0
421 0
297 0
49 0
0 0
0 0
0 0
0 0
0 0
0 0
0 0
1 0
164 0
369 0
422 0
298 0
51 0
0 0
0 0
0 0
0 0
0 0
0 0
0 0
0 0
163 0
368 0
422 0
299 0
52 0
0 0
0 0
0 0
0 0
0 0
0 0
0 0
0 0
161 0
368 0
421 0
301 0
55 0
0 0
0 0
0 0
0 0
0 0
0 0
0 0
0 0
159 0
366 0
421 0
303 0
57 0
0 0
0 0
0 0
0 0
0 0
0 0
0 0
0 0
157 0
366 0
422 0
303 0
58 0
0 0
0 0
0 0
0 0
0 0
0 0
0 0
0 0
155 0
364 0
423 0
304 0
60 0
0 0
0 0
0 0
0 0
0 0
0 0
0 0
0 0
154 0
363 0
423 0
306 0
62 0
0 0
0 0
0 0
0 0
0 0
0 0
0 0
0 0
152 0
362 0
422 0
308 0
64 0
0 0
0 0
0 0
0 0
0 0
0 0
0 0
0 0
150 0
362 0
422 0
309 0
66 0
0 0
0 0
0 0
0 0
0 0
0 0
0 0
0 0
149 0
361 0
423 0
309 0
68 0
0 0
0 0
0 0
0 0
0 0
0 0
0 0
0 0
147 0
359 0
424 0
312 0
69 0
0 0
0 0
0 0
0 0
0 0
0 0
0 0
0 0
145 0
358 0
424 0
312 0
71 0
0 0
0 0
0 0
0 0
0 0
0 0
0 0
0 0
143 0
358 0
424 0
314 0
74 0
0 0
0 0
0 0
0 0
0 0
0 0
0 0
0 0
142 0
356 0
423 0
315 0
76 0
0 0
0 0
0 0
0 0
0 0
0 0
0 0
0 0
140 0
356 0
425 0
317 0
77 0
0 0
0 0
0 0
0 0
0 0
0 0
0 0
0 0
138 0
354 0
426 0
317 0
79 0
0 0
0 0
0 0
0 0
0 0
0 0
0 0
0 0
136 0
353 0
425 0
318 0
81 0
0 0
0 0
0 0
0 0
0 0
0 0
0 0
0 0
134 0
353 0
425 0
320 0
83 0
0 0
0 0
0 0
0 0
0 0
0 0
0 0
0 0
132 0
351 0
424 0
322 0
85 0
0 0
0 0
0 0
0 0
0 0
0 0
0 0
0 0
131 0
351 0
424 0
322 0
85 0
0 0
0 0
0 0
0 0
0 0
0 0
0 0
0 0
128 0
349 0
425 0
323 0
89 0
0 0
0 0
0 0
0 0
0 0
0 0
0 0
0 0
127 0
348 0
425 0
325 0
90 0
0 0
0 0
0 0
0 0
0 0
0 0
0 0
0 0
125 0
347 0
425 0
326 0
92 0
0 0
0 0
0 0
0 0
0 0
0 0
0 0
0 0
124 0
347 0
424 0
328 0
94 0
0 0
0 0
0 0
0 0
0 0
0 0
0 0
0 0
122 0
346 0
425 0
328 0
96 0
0 0
0 0
0 0
0 0
0 0
0 0
0 0
0 0
120 0
343 0
425 0
331 0
98 0
0 0
0 0
0 0
0 0
0 0
0 0
0 0
0 0
118 0
342 0
426 0
331 0
99 0
0 0
0 0
0 0
0 0
0 0
0 0
0 0
0 0
116 0
342 0
426 0
332 0
101 0
0 0
0 0
0 0
0 0
0 0
0 0
0 0
4 0
167 0
370 0
420 0
296 0
49 0
0 0
0 0
0 0
0 0
0 0
0 0
0 0
2 0
165 0
369 0
421 0
297 0
50 0
0 0
0 0
0 0
0 0
0 0
0 0
0 0
0 0
164 0
368 0
422 0
298 0
51 0
0 0
0 0
0 0
0 0
0 0
0 0
0 0
0 0
162 0
368 0
421 0
300 0
54 0
0 0
0 0
0 0
0 0
0 0
0 0
0 0
0 0
160 0
367 0
421 0
301 0
56 0
0 0
0 0
0 0
0 0
0 0
0 0
0 0
0 0
158 0
366 0
422 0
303 0
57 0
0 0
0 0
0 0
0 0
0 0
0 0
0 0
0 0
156 0
365 0
423 0
304 0
59 0
0 0
0 0
0 0
0 0
0 0
0 0
0 0
0 0
155 0
363 0
423 0
306 0
61 0
0 0
0 0
0 0
0 0
0 0
0 0
0 0
0 0
153 0
363 0
422 0
307 0
63 0
0 0
0 0
0 0
0 0
0 0
0 0
0 0
0 0
151 0
362 0
422 0
308 0
64 0
0 0
0 0
0 0
0 0
0 0
0 0
0 0
0 0
150 0
361 0
423 0
309 0
67 0
0 0
0 0
0 0
0 0
0 0
0 0
0 0
0 0
147 0
360 0
424 0
311 0
69 0
0 0
0 0
0 0
0 0
0 0
0 0
0 0
0 0
146 0
359 0
424 0
312 0
70 0
0 0
0 0
0 0
0 0
0 0
0 0
0 0
0 0
144 0
357 0
423 0
313 0
72 0
0 0
0 0
0 0
0 0
0 0
0 0
0 0
0 0
143 0
357 0
423 0
315 0
75 0
0 0
0 0
0 0
0 0
0 0
0 0
0 0
0 0
140 0
356 0
423 0
315 0
77 0
0 0
0 0
0 0
0 0
0 0
0 0
0 0
0 0
139 0
354 0
425 0
317 0
78 0
0 0
0 0
0 0
0 0
0 0
0 0
0 0
0 0
137 0
354 0
426 0
318 0
80 0
0 0
0 0
0 0
0 0
0 0
0 0
0 0
0 0
135 0
353 0
424 0
320 0
82 0
0 0
0 0
0 0
0 0
0 0
0 0
0 0
0 0
133 0
351 0
424 0
321 0
84 0
0 0
0 0
0 0
0 0
0 0
0 0
0 0
0 0
132 0
351 0
424 0
322 0
85 0
0 0
0 0
0 0
0 0
0 0
0 0
0 0
0 0
129 0
350 0
425 0
323 0
88 0
0 0
0 0
0 0
0 0
0 0
0 0
0 0
0 0
128 0
348 0
425 0
325 0
89 0
0 0
0 0
0 0
0 0
0 0
0 0
0 0
0 0
127 0
348 0
424 0
326 0
91 0
0 0
0 0
0 0
0 0
0 0
0 0
0 0
0 0
124 0
346 0
424 0
327 0
93 0
0 0
0 0
0 0
0 0
0 0
0 0
0 0
0 0
123 0
346 0
424 0
328 0
95 0
0 0
0 0
0 0
0 0
0 0
0 0
0 0
0 0
120 0
344 0
426 0
330 0
97 0
0 0
0 0
0 0
0 0
0 0
0 0
0 0
0 0
120 0
343 0
427 0
330 0
98 0
0 0
0 0
0 0
0 0
0 0
0 0
0 0
0 0
117 0
341 0
425 0
332 0
100 0
0 0
0 0
0 0
0 0
0 0
0 0
0 0
5 0
168 0
371 0
421 0
295 0
46 0
0 0
0 0
0 0
0 0
0 0
0 0
0 0
3 0
166 0
371 0
421 0
297 0
49 0
0 0
0 0
0 0
0 0
0 0
0 0
0 0
1 0
165 0
369 0
421 0
298 0
51 0
0 0
0 0
0 0
0 0
0 0
0 0
0 0
0 0
162 0
369 0
421 0
300 0
53 0
0 0
0 0
0 0
0 0
0 0
0 0
0 0
0 0
161 0
367 0
421 0
300 0
55 0
0 0
0 0
0 0
0 0
0 0
0 0
0 0
0 0
159 0
367 0
421 0
302 0
56 0
0 0
0 0
0 0
0 0
0 0
0 0
0 0
0 0
157 0
365 0
423 0
303 0
58 0
0 0
0 0
0 0
0 0
0 0
0 0
0 0
0 0
156 0
364 0
423 0
305 0
60 0
0 0
0 0
0 0
0 0
0 0
0 0
0 0
0 0
153 0
364 0
422 0
306 0
61 0
0 0
0 0
0 0
0 0
0 0
0 0
0 0
0 0
152 0
362 0
423 0
307 0
65 0
0 0
0 0
0 0
0 0
0 0
0 0
0 0
0 0
151 0
362 0
422 0
309 0
65 0
0 0
0 0
0 0
0 0
0 0
0 0
0 0
0 0
148 0
360 0
424 0
310 0
68 0
0 0
0 0
0 0
0 0
0 0
0 0
0 0
0 0
147 0
359 0
424 0
311 0
69 0
0 0
0 0
0 0
0 0
0 0
0 0
0 0
0 0
145 0
359 0
424 0
313 0
71 0
0 0
0 0
0 0
0 0
0 0
0 0
0 0
0 0
143 0
358 0
423 0
313 0
74 0
0 0
0 0
0 0
0 0
0 0
0 0
0 0
0 0
141 0
357 0
423 0
315 0
75 0
0 0
0 0
0 0
0 0
0 0
0 0
0 0
0 0
140 0
355 0
424 0
316 0
77 0
0 0
0 0
0 0
0 0
0 0
0 0
0 0
0 0
138 0
354 0
425 0
317 0
78 0
0 0
0 0
0 0
0 0
0 0
0 0
0 0
0 0
136 0
353 0
424 0
319 0
81 0
0 0
0 0
0 0
0 0
0 0
0 0
0 0
0 0
134 0
353 0
424 0
320 0
83 0
0 0
0 0
0 0
0 0
0 0
0 0
0 0
0 0
132 0
352 0
424 0
322 0
85 0
0 0
0 0
0 0
0 0
0 0
0 0
0 0
0 0
130 1
350 1
425 1
322 1
86 1
0 1
0 1
0 1
0 1
0 1
0 1
0 1
0 1
129 1
349 1
425 1
323 1
88 1
0 1
0 1
0 1
0 1
0 1
0 1
0 1
0 1
127 1
349 1
424 1
326 1
89 1
0 1
0 1
0 1
0 1
0 1
0 1
0 1
0 1
125 1
347 1
426 1
327 1
93 1
0 1
0 1
0 1
0 1
0 1
0 1
0 1
0 1
124 1
346 1
424 1
328 1
94 1
0 1
0 1
0 1
0 1
0 1
0 1
0 1
0 1
121 1
345 1
425 1
328 1
96 1
0 1
0 1
0 1
0 1
0 1
0 1
0 1
0 1
120 1
343 1
425 1
329 1
97 1
0 1
0 1
0 1
0 1
0 1
0 1
0 1
0 1
119 1
343 1
426 1
332 1
100 1
0 1
0 1
0 1
0 1
0 1
0 1
0 1
6 1
170 1
372 1
420 1
294 1
45 1
0 1
0 1
0 1
0 1
0 1
0 1
0 1
4 1
167 1
371 1
421 1
295 1
47 1
0 1
0 1
0 1
0 1
0 1
0 1
0 1
3 1
166 1
371 1
421 1
296 1
49 1
0 1
0 1
0 1
0 1
0 1
0 1
0 1
1 1
165 1
369 1
421 1
298 1
51 1
0 1
0 1
0 1
0 1
0 1
0 1
0 1
0 1
163 1
369 1
421 1
299 1
52 1
0 1
0 1
0 1
0 1
0 1
0 1
0 1
0 1
161 1
368 1
421 1
300 1
55 1
0 1
0 1
0 1
0 1
0 1
0 1
0 1
0 1
159 1
366 1
424 1
302 1
56 1
0 1
0 1
0 1
0 1
0 1
0 1
0 1
0 1
158 1
365 1
422 1
303 1
58 1
0 1
0 1
0 1
0 1
0 1
0 1
0 1
0 1
157 1
366 1
422 1
305 1
60 1
0 1
0 1
0 1
0 1
0 1
0 1
0 1
0 1
155 1
364 1
422 1
305 1
61 1
0 1
0 1
0 1
0 1
0 1
0 1
0 1
0 1
153 1
363 1
423 1
307 1
63 1
0 1
0 1
0 1
0 1
0 1
0 1
0 1
0 1
151 1
362 1
423 1
307 1
64 1
0 1
0 1
0 1
0 1
0 1
0 1
0 1
0 1
150 1
361 1
423 1
309 1
66 1
0 1
0 1
0 1
0 1
0 1
0 1
0 1
0 1
148 1
362 1
422 1
311 1
68 1
0 1
0 1
0 1
0 1
0 1
0 1
0 1
0 1
146 1
359 1
423 1
311 1
69 1
0 1
0 1
0 1
0 1
0 1
0 1
0 1
0 1
145 1
359 1
423 1
312 1
71 1
0 1
0 1
0 1
0 1
0 1
0 1
0 1
0 1
143 1
357 1
424 1
314 1
73 1
0 1
0 1
0 1
0 1
0 1
0 1
0 1
0 1
142 1
357 1
424 1
315 1
75 1
0 1
0 1
0 1
0 1
0 1
0 1
0 1
0 1
140 1
355 1
423 1
316 1
77 1
0 1
0 1
0 1
0 1
0 1
0 1
0 1
0 1
138 1
354 1
423 1
318 1
79 1
0 1
0 1
0 1
0 1
0 1
0 1
0 1
0 1
137 1
354 1
424 1
319 1
80 1
0 1
0 1
0 1
0 1
0 1
0 1
0 1
0 1
135 1
352 1
425 1
319 1
83 1
0 1
0 1
0 1
0 1
0 1
0 1
0 1
0 1
132 1
351 1
426 1
320 1
85 1
0 1
0 1
0 1
0 1
0 1
0 1
0 1
0 1
131 1
351 1
424 1
322 1
86 1
0 1
0 1
0 1
0 1
0 1
0 1
0 1
0 1
129 1
349 1
424 1
323 1
87 1
0 1
0 1
0 1
0 1
0 1
0 1
0 1
0 1
128 1
350 1
425 1
325 1
89 1
0 1
0 1
0 1
0 1
0 1
0 1
0 1
0 1
126 1
348 1
425 1
325 1
91 1
0 1
0 1
0 1
0 1
0 1
0 1
0 1
0 1
125 1
346 1
425 1
326 1
92 1
0 1
0 1
0 1
0 1
0 1
0 1
0 1
0 1
123 1
346 1
424 1
328 1
94 1
0 1
0 1
0 1
0 1
0 1
0 1
0 1
0 1
121 1
344 1
425 1
328 1
96 1
0 1
0 1
0 1
0 1
0 1
0 1
0 1
0 1
120 1
345 1
425 1
329 1
98 1
0 1
0 1
0 1
0 1
0 1
0 1
0 1
0 1
118 1
342 1
426 1
333 1
99 1
0 1
0 1
0 1
0 1
0 1
0 1
0 1
0 1
116 1
342 1
426 1
332 1
100 1
0 1
0 1
0 1
0 1
0 1
0 1
0 1
4 1
167 1
371 1
420 1
296 1
48 1
0 1
0 1
0 1
0 1
0 1
0 1
0 1
2 1
165 1
371 1
421 1
297 1
50 1
0 1
0 1
0 1
0 1
0 1
0 1
0 1
0 1
164 1
369 1
421 1
298 1
52 1
0 1
0 1
0 1
0 1
0 1
0 1
0 1
0 1
162 1
368 1
422 1
300 1
53 1
0 1
0 1
0 1
0 1
0 1
0 1
0 1
0 1
160 1
368 1
421 1
301 1
55 1
0 1
0 1
0 1
0 1
0 1
0 1
0 1
0 1
160 1
367 1
421 1
301 1
57 1
0 1
0 1
0 1
0 1
0 1
0 1
0 1
0 1
157 1
366 1
421 1
304 1
58 1
0 1
0 1
0 1
0 1
0 1
0 1
0 1
0 1
156 1
364 1
423 1
304 1
60 1
0 1
0 1
0 1
0 1
0 1
0 1
0 1
0 1
154 1
365 1
423 1
305 1
62 1
0 1
0 1
0 1
0 1
0 1
0 1
0 1
0 1
152 1
363 1
422 1
308 1
63 1
0 1
0 1
0 1
0 1
0 1
0 1
0 1
0 1
151 1
362 1
423 1
308 1
65 1
0 1
0 1
0 1
0 1
0 1
0 1
0 1
0 1
149 1
361 1
423 1
309 1
66 1
0 1
0 1
0 1
0 1
0 1
0 1
0 1
0 1
147 1
360 1
423 1
310 1
68 1
0 1
0 1
0 1
0 1
0 1
0 1
0 1
0 1
146 1
359 1
424 1
312 1
71 1
0 1
0 1
0 1
0 1
0 1
0 1
0 1
0 1
144 1
358 1
423 1
313 1
72 1
0 1
0 1
0 1
0 1
0 1
0 1
0 1
0 1
143 1
357 1
423 1
314 1
75 1
0 1
0 1
0 1
0 1
0 1
0 1
0 1
0 1
140 1
357 1
423 1
316 1
76 1
0 1
0 1
0 1
0 1
0 1
0 1
0 1
0 1
140 1
355 1
424 1
316 1
77 1
0 1
0 1
0 1
0 1
0 1
0 1
0 1
0 1
138 1
355 1
425 1
317 1
79 1
0 1
0 1
0 1
0 1
0 1
0 1
0 1
0 1
137 1
354 1
424 1
319 1
81 1
0 1
0 1
0 1
0 1
0 1
0 1
0 1
0 1
135 1
353 1
425 1
320 1
83 1
0 1
0 1
0 1
0 1
0 1
0 1
0 1
0 1
132 1
352 1
424 1
321 1
84 1
0 1
0 1
0 1
0 1
0 1
0 1
0 1
0 1
131 1
350 1
425 1
322 1
86 1
0 1
0 1
0 1
0 1
0 1
0 1
0 1
0 1
129 1
349 1
425 1
323 1
89 1
0 1
0 1
0 1
0 1
0 1
0 1
0 1
0 1
128 1
349 1
424 1
325 1
89 1
0 1
0 1
0 1
0 1
0 1
0 1
0 1
0 1
126 1
348 1
424 1
325 1
91 1
0 1
0 1
0 1
0 1
0 1
0 1
0 1
0 1
124 1
347 1
424 1
327 1
93 1
0 1
0 1
0 1
0 1
0 1
0 1
0 1
0 1
122 1
345 1
425 1
327 1
95 1
0 1
0 1
0 1
0 1
0 1
0 1
0 1
0 1
121 1
344 1
426 1
329 1
96 1
0 1
0 1
0 1
0 1
0 1
0 1
0 1
0 1
118 1
343 1
425 1
332 1
98 1
0 1
0 1
0 1
0 1
0 1
0 1
0 1
0 1
117 1
343 1
424 1
331 1
100 1
0 1
0 1
0 1
0 1
0 1
0 1
0 1
5 1
168 1
372 1
420 1
295 1
47 1
0 1
0 1
0 1
0 1
0 1
0 1
0 1
4 1
167 1
371 1
421 1
296 1
48 1
0 1
0 1
0 1
0 1
0 1
0 1
0 1
3 1
165 1
369 1
421 1
297 1
51 1
0 1
0 1
0 1
0 1
0 1
0 1
0 1
0 1
164 1
369 1
421 1
299 1
52 1
0 1
0 1
0 1
0 1
0 1
0 1
0 1
0 1
162 1
368 1
422 1
300 1
54 1
0 1
0 1
0 1
0 1
0 1
0 1
0 1
0 1
160 1
367 1
422 1
301 1
55 1
0 1
0 1
0 1
0 1
0 1
0 1
0 1
0 1
159 1
366 1
423 1
302 1
57 1
0 1
0 1
0 1
0 1
0 1
0 1
0 1
0 1
157 1
366 1
422 1
304 1
59 1
0 1
0 1
0 1
0 1
0 1
0 1
0 1
0 1
157 1
365 1
422 1
304 1
60 1
0 1
0 1
0 1
0 1
0 1
0 1
0 1
0 1
154 1
364 1
424 1
306 1
61 1
0 1
0 1
0 1
0 1
0 1
0 1
0 1
0 1
152 1
362 1
423 1
306 1
63 1
0 1
0 1
0 1
0 1
0 1
0 1
0 1
0 1
151 1
361 1
424 1
308 1
65 1
0 1
0 1
0 1
0 1
0 1
0 1
0 1
0 1
149 1
361 1
422 1
310 1
67 1
0 1
0 1
0 1
0 1
0 1
0 1
0 1
0 1
147 1
361 1
424 1
311 1
69 1
0 1
0 1
0 1
0 1
0 1
0 1
0 1
0 1
145 1
360 1
424 1
312 1
71 1
0 1
0 1
0 1
0 1
0 1
0 1
0 1
0 1
144 1
358 1
424 1
315 1
73 1
0 1
0 1
0 1
0 1
0 1
0 1
0 1
0 1
143 1
358 1
424 1
314 1
74 1
0 1
0 1
0 1
0 1
0 1
0 1
0 1
0 1
141 1
356 1
423 1
316 1
76 1
0 1
0 1
0 1
0 1
0 1
0 1
0 1
0 1
139 1
356 1
423 1
317 1
77 1
0 1
0 1
0 1
0 1
0 1
0 1
0 1
0 1
137 1
354 1
424 1
318 1
80 1
0 1
0 1
0 1
0 1
0 1
0 1
0 1
0 1
135 1
353 1
425 1
318 1
81 1
0 1
0 1
0 1
0 1
0 1
0 1
0 1
0 1
134 1
352 1
425 1
320 1
83 1
0 1
0 1
0 1
0 1
0 1
0 1
0 1
0 1
132 1
352 1
424 1
321 1
85 1
0 1
0 1
0 1
0 1
0 1
0 1
0 1
0 1
132 1
351 1
424 1
322 1
86 1
0 1
0 1
0 1
0 1
0 1
0 1
0 1
0 1
129 1
349 1
425 1
324 1
88 1
0 1
0 1
0 1
0 1
0 1
0 1
0 1
0 1
127 1
348 1
425 1
324 1
91 1
0 1
0 1
0 1
0 1
0 1
0 1
0 1
0 1
126 1
348 1
425 1
326 1
91 1
0 1
0 1
0 1
0 1
0 1
0 1
0 1
0 1
124 1
347 1
425 1
327 1
92 1
0 1
0 1
0 1
0 1
0 1
0 1
0 1
0 1
122 1
346 1
425 1
328 1
95 1
0 1
0 1
0 1
0 1
0 1
0 1
0 1
0 1
120 1
345 1
425 1
329 1
96 1
0 1
0 1
0 1
0 1
0 1
0 1
0 1
0 1
119 1
343 1
426 1
331 1
98 1
0 1
0 1
0 1
0 1
0 1
0 1
0 1
0 1
117 1
342 1
426 1
331 1
100 1
0 1
0 1
0 1
0 1
0 1
0 1
0 1
5 1
168 1
371 1
420 1
295 1
47 1
0 1
0 1
0 1
0 1
0 1
0 1
0 1
3 1
166 1
370 1
421 1
296 1
48 1
0 1
0 1
0 1
0 1
0 1
0 1
0 1
1 1
165 1
369 1
421 1
298 1
51 1
0 1
0 1
0 1
0 1
0 1
0 1
0 1
0 1
164 1
369 1
422 1
298 1
52 1
0 1
0 1
0 1
0 1
0 1
0 1
0 1
0 1
161 1
367 1
421 1
300 1
54 1
0 1
0 1
0 1
0 1
0 1
0 1
0 1
0 1
160 1
368 1
421 1
302 1
55 1
0 1
0 1
0 1
0 1
0 1
0 1
0 1
0 1
158 1
365 1
422 1
302 1
57 1
0 1
0 1
0 1
0 1
0 1
0 1
0 1
0 1
156 1
365 1
423 1
304 1
58 1
0 1
0 1
0 1
0 1
0 1
0 1
0 1
0 1
155 1
364 1
423 1
304 1
60 1
0 1
0 1
0 1
0 1
0 1
0 1
0 1
0 1
155 1
364 1
423 1
307 1
61 1
0 1
0 1
0 1
0 1
0 1
0 1
0 1
0 1
151 1
363 1
422 1
307 1
64 1
0 1
0 1
0 1
0 1
0 1
0 1
0 1
0 1
150 1
361 1
423 1
309 1
66 1
0 1
0 1
0 1
0 1
0 1
0 1
0 1
0 1
148 1
361 1
423 1
309 1
68 1
0 1
0 1
0 1
0 1
0 1
0 1
0 1
0 1
148 1
361 1
424 1
312 1
69 1
0 1
0 1
0 1
0 1
0 1
0 1
0 1
0 1
145 1
358 1
423 1
313 1
71 1
0 1
0 1
0 1
0 1
0 1
0 1
0 1
0 1
143 1
358 1
423 1
313 1
73 1
0 1
0 1
0 1
0 1
0 1
0 1
0 1
0 1
141 1
356 1
424 1
314 1
75 1
0 1
0 1
0 1
0 1
0 1
0 1
0 1
0 1
140 1
355 1
424 1
316 1
77 1
0 1
0 1
0 1
0 1
0 1
0 1
0 1
0 1
139 1
355 1
425 1
316 1
79 1
0 1
0 1
0 1
0 1
0 1
0 1
0 1
0 1
136 1
354 1
424 1
318 1
80 1
0 1
0 1
0 1
0 1
0 1
0 1
0 1
0 1
135 1
353 1
424 1
319 1
81 1
0 1
0 1
0 1
0 1
0 1
0 1
0 1
0 1
133 1
351 1
425 1
321 1
83 1
0 1
0 1
0 1
0 1
0 1
0 1
0 1
0 1
132 1
351 1
426 1
321 1
85 1
0 1
0 1
0 1
0 1
0 1
0 1
0 1
0 1
130 1
350 1
426 1
322 1
87 1
0 1
0 1
0 1
0 1
0 1
0 1
0 1
0 1
128 1
350 1
425 1
324 1
88 1
0 1
0 1
0 1
0 1
0 1
0 1
0 1
0 1
126 1
348 1
424 1
324 1
90 1
0 1
0 1
0 1
0 1
0 1
0 1
0 1
0 1
126 1
348 1
426 1
327 1
93 1
0 1
0 1
0 1
0 1
0 1
0 1
0 1
0 1
124 1
346 1
425 1
327 1
94 1
0 1
0 1
0 1
0 1
0 1
0 1
0 1
0 1
122 1
344 1
426 1
328 1
96 1
0 1
0 1
0 1
0 1
0 1
0 1
0 1
0 1
120 1
344 1
424 1
330 1
97 1
0 1
0 1
0 1
0 1
0 1
0 1
0 1
0 1
119 1
343 1
424 1
330 1
99 1
0 1
0 1
0 1
0 1
0 1
0 1
0 1
0 1
118 1
342 1
426 1
332 1
101 1
0 1
0 1
0 1
0 1
0 1
0 1
0 1
5 1
168 1
371 1
420 1
295 1
47 1
0 1
0 1
0 1
0 1
0 1
0 1
0 1
3 1
165 1
370 1
421 1
297 1
49 1
0 1
0 1
0 1
0 1
0 1
0 1
0 1
1 1
165 1
370 1
420 1
298 1
51 1
0 1
0 1
0 1
0 1
0 1
0 1
0 1
0 1
163 1
368 1
422 1
299 1
52 1
0 1
0 1
0 1
0 1
0 1
0 1
0 1
0 1
161 1
367 1
422 1
300 1
53 1
0 1
0 1
0 1
0 1
0 1
0 1
0 1
0 1
160 1
367 1
423 1
301 1
56 1
0 1
0 1
0 1
0 1
0 1
0 1
0 1
0 1
157 1
366 1
421 1
303 1
58 1
0 1
0 1
0 1
0 1
0 1
0 1
0 1
0 1
157 1
365 1
422 1
304 1
59 1
0 1
0 1
0 1
0 1
0 1
0 1
0 1
0 1
155 1
363 1
423 1
305 1
61 1
0 1
0 1
0 1
0 1
0 1
0 1
0 1
0 1
153 1
363 1
423 1
306 1
63 1
0 1
0 1
0 1
0 1
0 1
0 1
0 1
0 1
151 1
363 1
423 1
307 1
65 1
0 1
0 1
0 1
0 1
0 1
0 1
0 1
0 1
150 1
362 1
423 1
310 1
66 1
0 1
0 1
0 1
0 1
0 1
0 1
0 1
0 1
148 1
361 1
423 1
309 1
69 1
0 1
0 1
0 1
0 1
0 1
0 1
0 1
0 1
146 1
359 1
424 1
312 1
70 1
0 1
0 1
0 1
0 1
0 1
0 1
0 1
0 1
145 1
358 1
424 1
312 1
72 1
0 1
0 1
0 1
0 1
0 1
0 1
0 1
0 1
143 1
358 1
424 1
313 1
73 1
0 1
0 1
0 1
0 1
0 1
0 1
0 1
0 1
142 1
356 1
424 1
315 1
75 1
0 1
0 1
0 1
0 1
0 1
0 1
0 1
0 1
141 1
357 1
423 1
317 1
77 1
0 1
0 1
0 1
0 1
0 1
0 1
0 1
0 1
139 1
354 1
425 1
317 1
79 1
0 1
0 1
0 1
0 1
0 1
0 1
0 1
0 1
136 1
353 1
425 1
318 1
80 1
0 1
0 1
0 1
0 1
0 1
0 1
0 1
0 1
135 1
354 1
425 1
319 1
82 1
0 1
0 1
0 1
0 1
0 1
0 1
0 1
0 1
133 1
352 1
424 1
321 1
84 1
0 1
0 1
0 1
0 1
0 1
0 1
0 1
0 1
132 1
351 1
425 1
321 1
85 1
0 1
0 1
0 1
0 1
0 1
0 1
0 1
0 1
129 1
349 1
426 1
323 1
87 1
0 1
0 1
0 1
0 1
0 1
0 1
0 1
0 1
128 1
349 1
426 1
324 1
89 1
0 1
0 1
0 1
0 1
0 1
0 1
0 1
0 1
127 1
347 1
425 1
325 1
91 1
0 1
0 1
0 1
0 1
0 1
0 1
0 1
0 1
125 1
347 1
425 1
327 1
92 1
0 1
0 1
0 1
0 1
0 1
0 1
0 1
0 1
122 1
346 1
425 1
328 1
94 1
0 1
0 1
0 1
0 1
0 1
0 1
0 1
0 1
121 1
344 1
425 1
329 1
96 1
0 1
0 1
0 1
0 1
0 1
0 1
0 1
0 1
120 1
343 1
425 1
329 1
97 1
0 1
0 1
0 1
0 1
0 1
0 1
0 1
0 1
118 1
343 1
426 1
330 1
99 1
0 1
0 1
0 1
0 1
0 1
0 1
0 1
0 1
116 1
342 1
425 1
332 1
102 1
0 1
0 1
0 1
0 1
0 1
0 1
0 1
4 1
167 1
371 1
421 1
296 1
47 1
0 1
0 1
0 1
0 1
0 1
0 1
0 1
3 1
165 1
370 1
421 1
297 1
49 1
0 1
0 1
0 1
0 1
0 1
0 1
0 1
0 1
165 1
369 1
421 0
298 0
50 0
0 0
0 0
0 0
0 0
0 0
0 0
0 0
0 0
161 0
368 0
421 0
299 0
52 0
0 0
0 0
0 0
0 0
0 0
0 0
0 0
0 0
162 0
368 0
421 0
301 0
54 0
0 0
0 0
0 0
0 0
0 0
0 0
0 0
0 0
160 0
366 0
422 0
302 0
56 0
0 0
0 0
0 0
0 0
0 0
0 0
0 0
0 0
157 0
365 0
423 0
303 0
58 0
0 0
0 0
0 0
0 0
0 0
0 0
0 0
0 0
156 0
364 0
423 0
305 0
60 0
0 0
0 0
0 0
0 0
0 0
0 0
0 0
0 0
154 0
363 0
422 0
306 0
62 0
0 0
0 0
0 0
0 0
0 0
0 0
0 0
0 0
153 0
363 0
422 0
307 0
64 0
0 0
0 0
0 0
0 0
0 0
0 0
0 0
0 0
150 0
361 0
424 0
309 0
66 0
0 0
0 0
0 0
0 0
0 0
0 0
0 0
0 0
148 0
360 0
423 0
309 0
67 0
0 0
0 0
0 0
0 0
0 0
0 0
0 0
0 0
147 0
359 0
424 0
311 0
69 0
0 0
0 0
0 0
0 0
0 0
0 0
0 0
0 0
145 0
358 0
423 0
313 0
72 0
0 0
0 0
0 0
0 0
0 0
0 0
0 0
0 0
143 0
359 0
424 0
313 0
73 0
0 0
0 0
0 0
0 0
0 0
0 0
0 0
0 0
142 0
357 0
424 0
316 0
75 0
0 0
0 0
0 0
0 0
0 0
0 0
0 0
0 0
140 0
355 0
424 0
316 0
77 0
0 0
0 0
0 0
0 0
0 0
0 0
0 0
0 0
138 0
355 0
424 0
317 0
79 0
0 0
0 0
0 0
0 0
0 0
0 0
0 0
0 0
136 0
353 0
424 0
319 0
81 0
0 0
0 0
0 0
0 0
0 0
0 0
0 0
0 0
135 0
353 0
424 0
321 0
82 0
0 0
0 0
0 0
0 0
0 0
0 0
0 0
0 0
132 0
351 0
426 0
321 0
84 0
0 0
0 0
0 0
0 0
0 0
0 0
0 0
0 0
131 0
350 0
425 0
322 0
87 0
0 0
0 0
0 0
0 0
0 0
0 0
0 0
0 0
129 0
348 0
425 0
323 0
88 0
0 0
0 0
0 0
0 0
0 0
0 0
0 0
0 0
127 0
349 0
424 0
325 0
90 0
0 0
0 0
0 0
0 0
0 0
0 0
0 0
0 0
125 0
347 0
425 0
325 0
92 0
0 0
0 0
0 0
0 0
0 0
0 0
0 0
0 0
124 0
346 0
426 0
327 0
94 0
0 0
0 0
0 0
0 0
0 0
0 0
0 0
0 0
123 0
344 0
425 0
328 0
95 0
0 0
0 0
0 0
0 0
0 0
0 0
0 0
0 0
120 0
344 0
426 0
329 0
97 0
0 0
0 0
0 0
0 0
0 0
0 0
0 0
0 0
118 0
342 0
424 0
331 0
100 0
0 0
0 0
0 0
0 0
0 0
0 0
0 0
6 0
169 0
372 0
419 0
295 0
46 0
0 0
0 0
0 0
0 0
0 0
0 0
0 0
4 0
167 0
370 0
421 0
295 0
48 0
0 0
0 0
0 0
0 0
0 0
0 0
0 0
2 0
165 0
370 0
420 0
298 0
49 0
0 0
0 0
0 0
0 0
0 0
0 0
0 0
0 0
164 0
368 0
421 0
299 0
52 0
0 0
0 0
0 0
0 0
0 0
0 0
0 0
0 0
162 0
368 0
421 0
300 0
53 0
0 0
0 0
0 0
0 0
0 0
0 0
0 0
0 0
160 0
366 0
423 0
301 0
55 0
0 0
0 0
0 0
0 0
0 0
0 0
0 0
0 0
159 0
365 0
422 0
302 0
57 0
0 0
0 0
0 0
0 0
0 0
0 0
0 0
0 0
157 0
366 0
422 0
304 0
59 0
0 0
0 0
0 0
0 0
0 0
0 0
0 0
0 0
155 0
364 0
422 0
306 0
61 0
0 0
0 0
0 0
0 0
0 0
0 0
0 0
0 0
153 0
364 0
422 0
307 0
63 0
0 0
0 0
0 0
0 0
0 0
0 0
0 0
0 0
151 0
362 0
423 0
307 0
65 0
0 0
0 0
0 0
0 0
0 0
0 0
0 0
0 0
150 0
361 0
424 0
309 0
67 0
0 0
0 0
0 0
0 0
0 0
0 0
0 0
0 0
149 0
360 0
422 0
311 0
69 0
0 0
0 0
0 0
0 0
0 0
0 0
0 0
0 0
146 0
359 0
424 0
312 0
71 0
0 0
0 0
0 0
0 0
0 0
0 0
0 0
0 0
144 0
359 0
423 0
312 0
72 0
0 0
0 0
0 0
0 0
0 0
0 0
0 0
0 0
143 0
357 0
424 0
315 0
74 0
0 0
0 0
0 0
0 0
0 0
0 0
0 0
0 0
142 0
356 0
424 0
315 0
76 0
0 0
0 0
0 0
0 0
0 0
0 0
0 0
0 0
139 0
355 0
424 0
317 0
78 0
0 0
0 0
0 0
0 0
0 0
0 0
0 0
0 0
138 0
354 0
423 0
318 0
80 0
0 0
0 0
0 0
0 0
0 0
0 0
0 0
0 0
136 0
353 0
424 0
320 0
82 0
0 0
0 0
0 0
0 0
0 0
0 0
0 0
0 0
135 0
352 0
426 0
320 0
83 0
0 0
0 0
0 0
0 0
0 0
0 0
0 0
0 0
132 0
350 0
425 0
321 0
85 0
0 0
0 0
0 0
0 0
0 0
0 0
0 0
0 0
130 0
351 0
426 0
323 0
87 0
0 0
0 0
0 0
0 0
0 0
0 0
0 0
0 0
128 0
348 0
424 0
325 0
89 0
0 0
0 0
0 0
0 0
0 0
0 0
0 0
0 0
127 0
348 0
424 0
325 0
91 0
0 0
0 0
0 0
0 0
0 0
0 0
0 0
0 0
124 0
346 0
425 0
326 0
93 0
0 0
0 0
0 0
0 0
0 0
0 0
0 0
0 0
123 0
345 0
426 0
328 0
95 0
0 0
0 0
0 0
0 0
0 0
0 0
0 0
0 0
121 0
344 0
425 0
329 0
97 0
0 0
0 0
0 0
0 0
0 0
0 0
0 0
0 0
119 0
344 0
426 0
330 0
99 0
0 0
0 0
0 0
0 0
0 0
0 0
0 0
0 0
117 0
343 0
425 0
331 0
100 0
0 0
0 0
0 0
0 0
0 0
0 0
0 0
4 0
168 0
371 0
421 0
295 0
47 0
0 0
0 0
0 0
0 0
0 0
0 0
0 0
3 0
167 0
370 0
420 0
297 0
49 0
0 0
0 0
0 0
0 0
0 0
0 0
0 0
1 0
165 0
369 0
420 0
297 0
51 0
0 0
0 0
0 0
0 0
0 0
0 0
0 0
0 0
162 0
369 0
422 0
300 0
53 0
0 0
0 0
0 0
0 0
0 0
0 0
0 0
0 0
161 0
367 0
422 0
300 0
54 0
0 0
0 0
0 0
0 0
0 0
0 0
0 0
0 0
160 0
366 0
422 0
302 0
56 0
0 0
0 0
0 0
0 0
0 0
0 0
0 0
0 0
158 0
366 0
422 0
303 0
58 0
0 0
0 0
0 0
0 0
0 0
0 0
0 0
0 0
156 0
365 0
422 0
305 0
60 0
0 0
0 0
0 0
0 0
0 0
0 0
0 0
0 0
155 0
364 0
422 0
306 0
61 0
0 0
0 0
0 0
0 0
0 0
0 0
0 0
0 0
153 0
363 0
424 0
307 0
64 0
0 0
0 0
0 0
0 0
0 0
0 0
0 0
0 0
151 0
361 0
423 0
308 0
65 0
0 0
0 0
0 0
0 0
0 0
0 0
0 0
0 0
149 0
361 0
422 0
310 0
68 0
0 0
0 0
0 0
0 0
0 0
0 0
0 0
0 0
147 0
360 0
423 0
311 0
69 0
0 0
0 0
0 0
0 0
0 0
0 0
0 0
0 0
146 0
359 0
423 0
312 0
71 0
0 0
0 0
0 0
0 0
0 0
0 0
0 0
0 0
143 0
357 0
424 0
313 0
73 0
0 0
0 0
0 0
0 0
0 0
0 0
0 0
0 0
141 0
356 0
424 0
315 0
75 0
0 0
0 0
0 0
0 0
0 0
0 0
0 0
0 0
140 0
355 0
423 0
316 0
77 0
0 0
0 0
0 0
0 0
0 0
0 0
0 0
0 0
139 0
354 0
424 0
317 0
79 0
0 0
0 0
0 0
0 0
0 0
0 0
0 0
0 0
136 0
354 0
424 0
318 0
81 0
0 0
0 0
0 0
0 0
0 0
0 0
0 0
0 0
135 0
352 0
425 0
320 0
83 0
0 0
0 0
0 0
0 0
0 0
0 0
0 0
0 0
133 0
351 0
426 0
321 0
84 0
0 0
0 0
0 0
0 0
0 0
0 0
0 0
0 0
130 0
351 0
424 0
322 0
87 0
0 0
0 0
0 0
0 0
0 0
0 0
0 0
0 0
129 0
349 0
425 0
324 0
88 0
0 0
0 0
0 0
0 0
0 0
0 0
0 0
0 0
127 0
349 0
424 0
325 0
89 0
0 0
0 0
0 0
0 0
0 0
0 0
0 0
0 0
125 0
347 0
426 0
326 0
92 0
0 0
0 0
0 0
0 0
0 0
0 0
0 0
0 0
124 0
346 0
425 0
327 0
94 0
0 0
0 0
0 0
0 0
0 0
0 0
0 0
0 0
122 0
346 0
425 0
329 0
95 0
0 0
0 0
0 0
0 0
0 0
0 0
0 0
0 0
120 0
344 0
424 0
330 0
97 0
0 0
0 0
0 0
0 0
0 0
0 0
0 0
0 0
119 0
343 0
424 0
331 0
99 0
0 0
0 0
0 0
0 0
0 0
0 0
0 0
0 0
116 0
341 0
425 0
332 0
101 0
0 0
0 0
0 0
0 0
0 0
0 0
0 0
4 0
168 0
370 0
421 0
295 0
48 0
0 0
0 0
0 0
0 0
0 0
0 0
0 0
2 0
166 0
370 0
421 0
297 0
49 0
0 0
0 0
0 0
0 0
0 0
0 0
0 0
0 0
164 0
369 0
421 0
298 0
52 0
0 0
0 0
0 0
0 0
0 0
0 0
0 0
0 0
162 0
368 0
422 0
301 0
53 0
0 0
0 0
0 0
0 0
0 0
0 0
0 0
0 0
160 0
367 0
422 0
301 0
55 0
0 0
0 0
0 0
0 0
0 0
0 0
0 0
0 0
159 0
366 0
422 0
303 0
57 0
0 0
0 0
0 0
0 0
0 0
0 0
0 0
0 0
157 0
365 0
422 0
304 0
59 0
0 0
0 0
0 0
0 0
0 0
0 0
0 0
0 0
156 0
365 0
422 0
305 0
61 0
0 0
0 0
0 0
0 0
0 0
0 0
0 0
0 0
153 0
364 0
423 0
306 0
63 0
0 0
0 0
0 0
0 0
0 0
0 0
0 0
0 0
151 0
362 0
423 0
308 0
65 0
0 0
0 0
0 0
0 0
0 0
0 0
0 0
0 0
149 0
362 0
423 0
309 0
66 0
0 0
0 0
0 0
0 0
0 0
0 0
0 0
0 0
148 0
360 0
423 0
310 0
69 0
0 0
0 0
0 0
0 0
0 0
0 0
0 0
0 0
147 0
359 0
423 0
312 0
70 0
0 0
0 0
0 0
0 0
0 0
0 0
0 0
0 0
144 0
358 0
424 0
313 0
72 0
0 0
0 0
0 0
0 0
0 0
0 0
0 0
0 0
142 0
357 0
424 0
314 0
74 0
0 0
0 0
0 0
0 0
0 0
0 0
0 0
0 0
141 0
356 0
423 0
316 0
76 0
0 0
0 0
0 0
0 0
0 0
0 0
0 0
0 0
139 0
355 0
424 0
316 0
78 0
0 0
0 0
0 0
0 0
0 0
0 0
0 0
0 0
137 0
355 0
423 0
317 0
80 0
0 0
0 0
0 0
0 0
0 0
0 0
0 0
0 0
135 0
353 0
425 0
320 0
81 0
0 0
0 0
0 0
0 0
0 0
0 0
0 0
0 0
134 0
353 0
425 0
320 0
83 0
0 0
0 0
0 0
0 0
0 0
0 0
0 0
0 0
132 0
351 0
425 0
322 0
85 0
0 0
0 0
0 0
0 0
0 0
0 0
0 0
0 0
130 0
350 0
424 0
322 0
87 0
0 0
0 0
0 0
0 0
0 0
0 0
0 0
0 0
128 0
350 0
425 0
325 0
89 0
0 0
0 0
0 0
0 0
0 0
0 0
0 0
0 0
126 0
348 0
426 0
325 0
91 0
0 0
0 0
0 0
0 0
0 0
0 0
0 0
0 0
124 0
346 0
425 0
326 0
93 0
0 0
0 0
0 0
0 0
0 0
0 0
0 0
0 0
122 0
346 0
424 0
328 0
94 0
0 0
0 0
0 0
0 0
0 0
0 0
0 0
0 0
123 0
344 0
424 0
328 0
97 0
0 0
0 0
0 0
0 0
0 0
0 0
0 0
0 0
119 0
343 0
424 0
330 0
98 0
0 0
0 0
0 0
0 0
0 0
0 0
0 0
0 0
117 0
342 0
425 0
331 0
100 0
0 0
0 0
0 0
0 0
0 0
0 0
0 0
4 0
168 0
372 0
421 0
295 0
47 0
0 0
0 0
0 0
0 0
0 0
0 0
0 0
3 0
167 0
372 0
420 0
296 0
49 0
0 0
0 0
0 0
0 0
0 0
0 0
0 0
1 0
164 0
370 0
421 0
298 0
51 0
0 0
0 0
0 0
0 0
0 0
0 0
0 0
0 0
163 0
368 0
422 0
299 0
53 0
0 0
0 0
0 0
0 0
0 0
0 0
0 0
0 0
161 0
369 0
423 0
301 0
54 0
0 0
0 0
0 0
0 0
0 0
0 0
0 0
0 0
160 0
367 0
421 0
302 0
56 0
0 0
0 0
0 0
0 0
0 0
0 0
0 0
0 0
158 0
366 0
422 0
303 0
58 0
0 0
0 0
0 0
0 0
0 0
0 0
0 0
0 0
156 0
365 0
422 0
304 0
60 0
0 0
0 0
0 0
0 0
0 0
0 0
0 0
0 0
154 0
363 0
423 0
305 0
62 0
0 0
0 0
0 0
0 0
0 0
0 0
0 0
0 0
153 0
362 0
423 0
307 0
64 0
0 0
0 0
0 0
0 0
0 0
0 0
0 0
0 0
151 0
362 0
422 0
309 0
66 0
0 0
0 0
0 0
0 0
0 0
0 0
0 0
0 0
149 0
362 0
423 0
309 0
68 0
0 0
0 0
0 0
0 0
0 0
0 0
0 0
0 0
147 0
360 0
423 0
312 0
69 0
0 0
0 0
0 0
0 0
0 0
0 0
0 0
0 0
145 0
359 0
425 0
312 0
71 0
0 0
0 0
0 0
0 0
0 0
0 0
0 0
0 0
144 0
357 0
424 0
313 0
73 0
0 0
0 0
0 0
0 0
0 0
0 0
0 0
0 0
141 0
357 0
424 0
315 0
75 0
0 0
0 0
0 0
0 0
0 0
0 0
0 0
0 0
140 0
356 0
424 0
316 0
77 0
0 0
0 0
0 0
0 0
0 0
0 0
0 0
0 0
138 0
355 0
424 0
317 0
79 0
0 0
0 0
0 0
0 0
0 0
0 0
0 0
0 0
137 0
353 0
424 0
318 0
81 0
0 0
0 0
0 0
0 0
0 0
0 0
0 0
0 0
135 0
352 0
425 0
320 0
82 0
0 0
0 0
0 0
0 0
0 0
0 0
0 0
0 0
133 0
352 0
424 0
321 0
84 0
0 0
0 0
0 0
0 0
0 0
0 0
0 0
0 0
132 0
350 0
424 0
323 0
87 0
0 0
0 0
0 0
0 0
0 0
0 0
0 0
0 0
129 0
350 0
425 0
324 0
88 0
0 0
0 0
0 0
0 0
0 0
0 0
0 0
0 0
127 0
348 0
426 0
324 0
90 0
0 0
0 0
0 0
0 0
0 0
0 0
0 0
0 0
125 0
347 0
426 0
326 0
92 0
0 0
0 0
0 0
0 0
0 0
0 0
0 0
0 0
124 0
347 0
424 0
328 0
94 0
0 0
0 0
0 0
0 0
0 0
0 0
0 0
0 0
123 0
345 0
425 0
328 0
95 0
0 0
0 0
0 0
0 0
0 0
0 0
0 0
0 0
119 0
344 0
424 0
330 0
97 0
0 0
0 0
0 0
0 0
0 0
0 0
0 0
0 0
119 0
342 0
425 0
330 0
99 0
0 0
0 0
0 0
0 0
0 0
0 0
0 0
0 0
117 0
341 0
426 0
331 0
101 0
0 0
0 0
0 0
0 0
0 0
0 0
0 0
4 0
168 0
372 0
420 0
296 0
48 0
0 0
0 0
0 0
0 0
0 0
0 0
0 0
2 0
166 0
370 0
421 0
297 0
49 0
0 0
0 0
0 0
0 0
0 0
0 0
0 0
0 0
164 0
368 0
422 0
299 0
52 0
0 0
0 0
0 0
0 0
0 0
0 0
0 0
0 0
162 0
368 0
422 0
300 0
53 0
0 0
0 0
0 0
0 0
0 0
0 0
0 0
0 0
161 0
367 0
421 0
301 0
55 0
0 0
0 0
0 0
0 0
0 0
0 0
0 0
0 0
159 0
366 0
422 0
302 0
57 0
0 0
0 0
0 0
0 0
0 0
0 0
0 0
0 0
157 0
366 0
422 0
304 0
60 0
0 0
0 0
0 0
0 0
0 0
0 0
0 0
0 0
154 0
364 0
423 0
305 0
61 0
0 0
0 0
0 0
0 0
0 0
0 0
0 0
0 0
154 0
363 0
423 0
306 0
63 0
0 0
0 0
0 0
0 0
0 0
0 0
0 0
0 0
152 0
362 0
423 0
308 0
64 0
0 0
0 0
0 0
0 0
0 0
0 0
0 0
0 0
150 0
362 0
422 0
309 0
67 0
0 0
0 0
0 0
0 0
0 0
0 0
0 0
0 0
148 0
361 0
423 0
310 0
68 0
0 0
0 0
0 0
0 0
0 0
0 0
0 0
0 0
146 0
359 0
424 0
311 0
69 0
0 0
0 0
0 0
0 0
0 0
0 0
0 0
0 0
145 0
358 0
425 0
312 0
72 0
0 0
0 0
0 0
0 0
0 0
0 0
0 0
0 0
142 0
358 0
424 0
314 0
74 0
0 0
0 0
0 0
0 0
0 0
0 0
0 0
0 0
140 0
357 0
424 0
316 0
76 0
0 0
0 0
0 0
0 0
0 0
0 0
0 0
0 0
139 0
356 0
424 0
317 0
78 0
0 0
0 0
0 0
0 0
0 0
0 0
0 0
0 0
138 0
354 0
425 0
319 0
80 0
0 0
0 0
0 0
0 0
0 0
0 0
0 0
0 0
136 0
353 0
425 0
319 0
81 0
0 0
0 0
0 0
0 0
0 0
0 0
0 0
0 0
134 0
352 0
424 0
321 0
83 0
0 0
0 0
0 0
0 0
0 0
0 0
0 0
0 0
131 0
351 0
424 0
321 0
85 0
0 0
0 0
0 0
0 0
0 0
0 0
0 0
0 0
131 0
351 0
424 0
323 0
87 0
0 0
0 0
0 0
0 0
0 0
0 0
0 0
0 0
128 0
349 0
425 0
325 0
89 0
0 0
0 0
0 0
0 0
0 0
0 0
0 0
0 0
127 0
348 0
425 0
325 0
90 0
0 0
0 0
0 0
0 0
0 0
0 0
0 0
0 0
124 0
346 0
425 0
327 0
93 0
0 0
0 0
0 0
0 0
0 0
0 0
0 0
0 0
123 0
346 0
425 0
328 0
94 0
0 0
0 0
0 0
0 0
0 0
0 0
0 0
0 0
121 0
345 0
425 0
329 0
96 0
0 0
0 0
0 0
0 0
0 0
0 0
0 0
0 0
119 0
344 0
426 0
330 0
98 0
0 0
0 0
0 0
0 0
0 0
0 0
0 0
0 0
117 0
342 0
425 0
331 0
100 0
0 0
0 0
0 0
0 0
0 0
0 0
0 0
4 0
168 0
371 0
420 0
295 0
47 0
0 0
0 0
0 0
0 0
0 0
0 0
0 0
4 0
166 0
370 0
421 0
296 0
49 0
0 0
0 0
0 0
0 0
0 0
0 0
0 0
1 0
164 0
369 0
422 0
297 0
50 0
0 0
0 0
0 0
0 0
0 0
0 0
0 0
0 0
165 0
368 0
422 0
299 0
54 0
0 0
0 0
0 0
0 0
0 0
0 0
0 0
0 0
161 0
368 0
421 0
301 0
53 0
0 0
0 0
0 0
0 0
0 0
0 0
0 0
0 0
160 0
367 0
421 0
301 0
56 0
0 0
0 0
0 0
0 0
0 0
0 0
0 0
0 0
158 0
365 0
422 0
303 0
57 0
0 0
0 0
0 0
0 0
0 0
0 0
0 0
0 0
156 0
364 0
422 0
304 0
60 0
0 0
0 0
0 0
0 0
0 0
0 0
0 0
0 0
154 0
365 0
423 0
305 0
61 0
0 0
0 0
0 0
0 0
0 0
0 0
0 0
0 0
152 0
363 0
423 0
307 0
64 0
0 0
0 0
0 0
0 0
0 0
0 0
0 0
0 0
151 0
362 0
422 0
309 0
65 0
0 0
0 0
0 0
0 0
0 0
0 0
0 0
0 0
148 0
362 0
424 0
309 1
68 1
0 1
0 1
0 1
0 1
0 1
0 1
0 1
0 1
147 1
360 1
425 1
311 1
69 1
0 1
0 1
0 1
0 1
0 1
0 1
0 1
0 1
145 1
360 1
424 1
312 1
71 1
0 1
0 1
0 1
0 1
0 1
0 1
0 1
0 1
144 1
359 1
424 1
314 1
73 1
0 1
0 1
0 1
0 1
0 1
0 1
0 1
0 1
142 1
357 1
424 1
314 1
75 1
0 1
0 1
0 1
0 1
0 1
0 1
0 1
0 1
140 1
356 1
424 1
317 1
77 1
0 1
0 1
0 1
0 1
0 1
0 1
0 1
0 1
138 1
355 1
425 1
317 1
78 1
0 1
0 1
0 1
0 1
0 1
0 1
0 1
0 1
137 1
353 1
424 1
318 1
80 1
0 1
0 1
0 1
0 1
0 1
0 1
0 1
0 1
136 1
353 1
424 1
320 1
81 1
0 1
0 1
0 1
0 1
0 1
0 1
0 1
0 1
133 1
352 1
424 1
320 1
84 1
0 1
0 1
0 1
0 1
0 1
0 1
0 1
0 1
131 1
351 1
425 1
322 1
85 1
0 1
0 1
0 1
0 1
0 1
0 1
0 1
0 1
130 1
350 1
425 1
323 1
87 1
0 1
0 1
0 1
0 1
0 1
0 1
0 1
0 1
128 1
349 1
425 1
324 1
89 1
0 1
0 1
0 1
0 1
0 1
0 1
0 1
0 1
125 1
348 1
424 1
325 1
91 1
0 1
0 1
0 1
0 1
0 1
0 1
0 1
0 1
125 1
347 1
424 1
325 1
93 1
0 1
0 1
0 1
0 1
0 1
0 1
0 1
0 1
123 1
346 1
425 1
327 1
94 1
0 1
0 1
0 1
0 1
0 1
0 1
0 1
0 1
122 1
345 1
426 1
329 1
96 1
0 1
0 1
0 1
0 1
0 1
0 1
0 1
0 1
120 1
344 1
426 1
329 1
98 1
0 1
0 1
0 1
0 1
0 1
0 1
0 1
0 1
118 1
343 1
425 1
331 1
99 1
0 1
0 1
0 1
0 1
0 1
0 1
0 1
0 1
117 1
342 1
424 1
331 1
101 1
0 1
0 1
0 1
0 1
0 1
0 1
0 1
5 1
167 1
371 1
421 1
295 1
47 1
0 1
0 1
0 1
0 1
0 1
0 1
0 1
3 1
166 1
369 1
421 1
296 1
50 1
0 1
0 1
0 1
0 1
0 1
0 1
0 1
1 1
164 1
370 1
420 1
298 1
51 1
0 1
0 1
0 1
0 1
0 1
0 1
0 1
0 1
163 1
369 1
422 1
299 1
53 1
0 1
0 1
0 1
0 1
0 1
0 1
0 1
0 1
161 1
367 1
422 1
301 1
55 1
0 1
0 1
0 1
0 1
0 1
0 1
0 1
0 1
159 1
366 1
422 1
301 1
56 1
0 1
0 1
0 1
0 1
0 1
0 1
0 1
0 1
158 1
365 1
422 1
303 1
58 1
0 1
0 1
0 1
0 1
0 1
0 1
0 1
0 1
157 1
365 1
422 1
305 1
59 1
0 1
0 1
0 1
0 1
0 1
0 1
0 1
0 1
154 1
364 1
422 1
305 1
61 1
0 1
0 1
0 1
0 1
0 1
0 1
0 1
0 1
153 1
363 1
423 1
307 1
63 1
0 1
0 1
0 1
0 1
0 1
0 1
0 1
0 1
151 1
362 1
423 1
307 1
65 1
0 1
0 1
0 1
0 1
0 1
0 1
0 1
0 1
150 1
362 1
424 1
309 1
67 1
0 1
0 1
0 1
0 1
0 1
0 1
0 1
0 1
148 1
360 1
423 1
311 1
68 1
0 1
0 1
0 1
0 1
0 1
0 1
0 1
0 1
147 1
360 1
423 1
312 1
71 1
0 1
0 1
0 1
0 1
0 1
0 1
0 1
0 1
144 1
358 1
425 1
312 1
72 1
0 1
0 1
0 1
0 1
0 1
0 1
0 1
0 1
143 1
357 1
424 1
313 1
73 1
0 1
0 1
0 1
0 1
0 1
0 1
0 1
0 1
141 1
356 1
424 1
314 1
76 1
0 1
0 1
0 1
0 1
0 1
0 1
0 1
0 1
139 1
356 1
424 1
316 1
77 1
0 1
0 1
0 1
0 1
0 1
0 1
0 1
0 1
139 1
355 1
424 1
317 1
79 1
0 1
0 1
0 1
0 1
0 1
0 1
0 1
0 1
137 1
353 1
425 1
319 1
80 1
0 1
0 1
0 1
0 1
0 1
0 1
0 1
0 1
135 1
352 1
424 1
319 1
82 1
0 1
0 1
0 1
0 1
0 1
0 1
0 1
0 1
133 1
351 1
425 1
320 1
84 1
0 1
0 1
0 1
0 1
0 1
0 1
0 1
0 1
132 1
352 1
424 1
322 1
85 1
0 1
0 1
0 1
0 1
0 1
0 1
0 1
0 1
129 1
350 1
424 1
322 1
87 1
0 1
0 1
0 1
0 1
0 1
0 1
0 1
0 1
128 1
349 1
425 1
325 1
89 1
0 1
0 1
0 1
0 1
0 1
0 1
0 1
0 1
126 1
347 1
426 1
325 1
90 1
0 1
0 1
0 1
0 1
0 1
0 1
0 1
0 1
125 1
347 1
426 1
326 1
92 1
0 1
0 1
0 1
0 1
0 1
0 1
0 1
0 1
122 1
345 1
424 1
328 1
95 1
0 1
0 1
0 1
0 1
0 1
0 1
0 1
0 1
122 1
345 1
426 1
330 1
96 1
0 1
0 1
0 1
0 1
0 1
0 1
0 1
0 1
120 1
343 1
425 1
329 1
97 1
0 1
0 1
0 1
0 1
0 1
0 1
0 1
0 1
118 1
342 1
426 1
330 1
100 1
0 1
0 1
0 1
0 1
0 1
0 1
0 1
6 1
169 1
371 1
421 1
294 1
47 1
0 1
0 1
0 1
0 1
0 1
0 1
0 1
4 1
167 1
371 1
420 1
296 1
48 1
0 1
0 1
0 1
0 1
0 1
0 1
0 1
2 1
165 1
369 1
421 1
297 1
49 1
0 1
0 1
0 1
0 1
0 1
0 1
0 1
1 1
164 1
369 1
422 1
298 1
50 1
0 1
0 1
0 1
0 1
0 1
0 1
0 1
0 1
162 1
368 1
422 1
300 1
53 1
0 1
0 1
0 1
0 1
0 1
0 1
0 1
0 1
160 1
368 1
422 1
301 1
55 1
0 1
0 1
0 1
0 1
0 1
0 1
0 1
0 1
160 1
368 1
422 1
303 1
56 1
0 1
0 1
0 1
0 1
0 1
0 1
0 1
0 1
157 1
365 1
422 1
303 1
58 1
0 1
0 1
0 1
0 1
0 1
0 1
0 1
0 1
155 1
364 1
422 1
305 1
60 1
0 1
0 1
0 1
0 1
0 1
0 1
0 1
0 1
154 1
365 1
423 1
305 1
61 1
0 1
0 1
0 1
0 1
0 1
0 1
0 1
0 1
153 1
362 1
422 1
307 1
63 1
0 1
0 1
0 1
0 1
0 1
0 1
0 1
0 1
151 1
362 1
423 1
308 1
65 1
0 1
0 1
0 1
0 1
0 1
0 1
0 1
0 1
149 1
361 1
423 1
309 1
66 1
0 1
0 1
0 1
0 1
0 1
0 1
0 1
0 1
148 1
359 1
424 1
310 1
68 1
0 1
0 1
0 1
0 1
0 1
0 1
0 1
0 1
146 1
359 1
424 1
311 1
70 1
0 1
0 1
0 1
0 1
0 1
0 1
0 1
0 1
144 1
358 1
423 1
313 1
72 1
0 1
0 1
0 1
0 1
0 1
0 1
0 1
0 1
143 1
358 1
423 1
314 1
74 1
0 1
0 1
0 1
0 1
0 1
0 1
0 1
0 1
141 1
356 1
424 1
315 1
76 1
0 1
0 1
0 1
0 1
0 1
0 1
0 1
0 1
139 1
356 1
424 1
316 1
77 1
0 1
0 1
0 1
0 1
0 1
0 1
0 1
0 1
138 1
354 1
425 1
318 1
79 1
0 1
0 1
0 1
0 1
0 1
0 1
0 1
0 1
136 1
354 1
424 1
319 1
80 1
0 1
0 1
0 1
0 1
0 1
0 1
0 1
0 1
134 1
353 1
425 1
320 1
83 1
0 1
0 1
0 1
0 1
0 1
0 1
0 1
0 1
133 1
351 1
425 1
321 1
85 1
0 1
0 1
0 1
0 1
0 1
0 1
0 1
0 1
131 1
350 1
425 1
323 1
86 1
0 1
0 1
0 1
0 1
0 1
0 1
0 1
0 1
129 1
350 1
425 1
323 1
87 1
0 1
0 1
0 1
0 1
0 1
0 1
0 1
0 1
128 1
348 1
424 1
325 1
89 1
0 1
0 1
0 1
0 1
0 1
0 1
0 1
0 1
126 1
348 1
424 1
326 1
92 1
0 1
0 1
0 1
0 1
0 1
0 1
0 1
0 1
124 1
346 1
425 1
326 1
93 1
0 1
0 1
0 1
0 1
0 1
0 1
0 1
0 1
122 1
345 1
426 1
327 1
95 1
0 1
0 1
0 1
0 1
0 1
0 1
0 1
0 1
121 1
345 1
425 1
328 1
97 1
0 1
0 1
0 1
0 1
0 1
0 1
0 1
0 1
119 1
344 1
424 1
330 1
98 1
0 1
0 1
0 1
0 1
0 1
0 1
0 1
0 1
117 1
342 1
424 1
331 1
99 1
0 1
0 1
0 1
0 1
0 1
0 1
0 1
0 1
116 1
341 1
425 1
332 1
102 1
0 1
0 1
0 1
0 1
0 1
0 1
0 1
4 1
167 1
371 1
421 1
296 1
48 1
0 1
0 1
0 1
0 1
0 1
0 1
0 1
1 1
165 1
371 1
420 1
297 1
50 1
0 1
0 1
0 1
0 1
0 1
0 1
0 1
0 1
164 1
369 1
421 1
298 1
52 1
0 1
0 1
0 1
0 1
0 1
0 1
0 1
0 1
162 1
367 1
422 1
300 1
53 1
0 1
0 1
0 1
0 1
0 1
0 1
0 1
0 1
160 1
367 1
422 1
301 1
55 1
0 1
0 1
0 1
0 1
0 1
0 1
0 1
0 1
159 1
366 1
422 1
303 1
57 1
0 1
0 1
0 1
0 1
0 1
0 1
0 1
0 1
157 1
365 1
423 1
304 1
58 1
0 1
0 1
0 1
0 1
0 1
0 1
0 1
0 1
155 1
365 1
422 1
304 1
61 1
0 1
0 1
0 1
0 1
0 1
0 1
0 1
0 1
153 1
363 1
423 1
306 1
62 1
0 1
0 1
0 1
0 1
0 1
0 1
0 1
0 1
152 1
362 1
423 1
307 1
64 1
0 1
0 1
0 1
0 1
0 1
0 1
0 1
0 1
151 1
363 1
424 1
309 1
65 1
0 1
0 1
0 1
0 1
0 1
0 1
0 1
0 1
148 1
360 1
423 1
310 1
68 1
0 1
0 1
0 1
0 1
0 1
0 1
0 1
0 1
148 1
361 1
424 1
311 1
69 1
0 1
0 1
0 1
0 1
0 1
0 1
0 1
0 1
147 1
358 1
424 1
312 1
71 1
0 1
0 1
0 1
0 1
0 1
0 1
0 1
0 1
144 1
358 1
424 1
313 1
73 1
0 1
0 1
0 1
0 1
0 1
0 1
0 1
0 1
142 1
357 1
424 1
314 1
74 1
0 1
0 1
0 1
0 1
0 1
0 1
0 1
0 1
141 1
357 1
424 1
316 1
76 1
0 1
0 1
0 1
0 1
0 1
0 1
0 1
0 1
140 1
356 1
424 1
316 1
78 1
0 1
0 1
0 1
0 1
0 1
0 1
0 1
0 1
138 1
354 1
428 1
318 1
80 1
0 1
0 1
0 1
0 1
0 1
0 1
0 1
0 1
136 1
353 1
425 1
319 1
82 1
0 1
0 1
0 1
0 1
0 1
0 1
0 1
0 1
135 1
352 1
426 1
321 1
83 1
0 1
0 1
0 1
0 1
0 1
0 1
0 1
0 1
133 1
352 1
425 1
322 1
85 1
0 1
0 1
0 1
0 1
0 1
0 1
0 1
0 1
131 1
351 1
424 1
323 1
87 1
0 1
0 1
0 1
0 1
0 1
0 1
0 1
0 1
130 1
350 1
427 1
325 1
88 1
0 1
0 1
0 1
0 1
0 1
0 1
0 1
0 1
128 1
351 1
426 1
324 1
90 1
0 1
0 1
0 1
0 1
0 1
0 1
0 1
0 1
126 1
349 1
426 1
329 1
92 1
0 1
0 1
0 1
0 1
0 1
0 1
0 1
0 1
124 1
347 1
425 1
331 1
94 1
0 1
0 1
0 1
0 1
0 1
0 1
0 1
0 1
122 1
347 1
426 1
330 1
95 1
0 1
0 1
0 1
0 1
0 1
0 1
0 1
0 1
120 1
345 1
426 1
329 1
96 1
0 1
0 1
0 1
0 1
0 1
0 1
0 1
0 1
119 1
344 1
427 1
330 1
100 1
0 1
0 1
0 1
0 1
0 1
0 1
0 1
7 1
170 1
373 1
421 1
295 1
45 1
0 1
0 1
0 1
0 1
0 1
0 1
0 1
5 1
169 1
373 1
420 1
297 1
47 1
0 1
0 1
0 1
0 1
0 1
0 1
0 1
3 1
166 1
375 1
421 1
297 1
48 1
0 1
0 1
0 1
0 1
0 1
0 1
0 1
1 1
165 1
370 1
422 1
299 1
50 1
0 1
0 1
0 1
0 1
0 1
0 1
0 1
0 1
163 1
369 1
422 1
299 1
52 1
0 1
0 1
0 1
0 1
0 1
0 1
0 1
0 1
162 1
369 1
421 1
301 1
54 1
0 1
0 1
0 1
0 1
0 1
0 1
0 1
0 1
160 1
368 1
421 1
301 1
55 1
0 1
0 1
0 1
0 1
0 1
0 1
0 1
0 1
157 1
369 1
423 1
303 1
57 1
0 1
0 1
0 1
0 1
0 1
0 1
0 1
0 1
157 1
367 1
424 1
304 1
59 1
0 1
0 1
0 1
0 1
0 1
0 1
0 1
0 1
155 1
366 1
422 1
306 1
61 1
0 1
0 1
0 1
0 1
0 1
0 1
0 1
0 1
154 1
364 1
423 1
306 1
62 1
0 1
0 1
0 1
0 1
0 1
0 1
0 1
0 1
153 1
363 1
423 1
307 1
64 1
0 1
0 1
0 1
0 1
0 1
0 1
0 1
0 1
150 1
362 1
425 1
308 1
66 1
0 1
0 1
0 1
0 1
0 1
0 1
0 1
0 1
150 1
361 1
424 1
309 1
68 1
0 1
0 1
0 1
0 1
0 1
0 1
0 1
0 1
147 1
361 1
423 1
311 1
71 1
0 1
0 1
0 1
0 1
0 1
0 1
0 1
0 1
144 1
360 1
423 1
312 1
72 1
0 1
0 1
0 1
0 1
0 1
0 1
0 1
0 1
144 1
360 1
423 1
313 1
73 1
0 1
0 1
0 1
0 1
0 1
0 1
0 1
0 1
141 1
357 1
424 1
315 1
76 1
0 1
0 1
0 1
0 1
0 1
0 1
0 1
0 1
141 1
356 1
425 1
315 1
77 1
0 1
0 1
0 1
0 1
0 1
0 1
0 1
0 1
139 1
355 1
424 1
317 1
79 1
0 1
0 1
0 1
0 1
0 1
0 1
0 1
0 1
137 1
353 1
424 1
318 1
80 1
0 1
0 1
0 1
0 1
0 1
0 1
0 1
0 1
136 1
353 1
424 1
319 1
83 1
0 1
0 1
0 1
0 1
0 1
0 1
0 1
0 1
134 1
352 1
425 1
320 1
84 1
0 1
0 1
0 1
0 1
0 1
0 1
0 1
0 1
132 1
351 1
426 1
321 1
85 1
0 1
0 1
0 1
0 1
0 1
0 1
0 1
0 1
131 1
350 1
426 1
323 1
87 1
0 1
0 1
0 1
0 1
0 1
0 1
0 1
0 1
129 1
350 1
425 1
324 1
89 1
0 1
0 1
0 1
0 1
0 1
0 1
0 1
0 1
127 1
348 1
425 1
325 1
91 1
0 1
0 1
0 1
0 1
0 1
0 1
0 1
0 1
126 1
347 1
426 1
326 1
92 1
0 1
0 1
0 1
0 1
0 1
0 1
0 1
0 1
125 1
345 1
427 1
327 1
93 1
0 1
0 1
0 1
0 1
0 1
0 1
0 1
0 1
123 1
346 1
427 1
329 1
95 1
