317 0
76 0
0 0
0 0
0 0
0 0
0 0
0 0
0 0
72 0
0 0
0 0
0 0
0 0
0 0
0 0
0 0
0 0
143 0
358 0
423 0
314 0
74 0
0 0
0 0
0 0
0 0
0 0
0 0
0 0
0 0
143 0
356 0
424 0
317 0
76 0
0 0
0 0
0 0
0 0
0 0
0 0
0 0
72 0
0 0
0 0
0 0
0 0
0 0
0 0
0 0
0 0
143 0
358 0
423 0
314 0
74 0
0 0
0 0
0 0
0 0
0 0
0 0
0 0
0 0
143 0
356 0
424 0
317 0
76 0
0 0
0 0
0 0
0 0
0 0
0 0
0 0
72 0
0 0
0 0
0 0
0 0
0 0
0 0
0 0
0 0
143 0
358 0
423 0
314 0
74 0
0 0
0 0
0 0
0 0
0 0
0 0
0 0
0 0
143 0
356 0
424 0
317 0
76 0
0 0
0 0
0 0
0 0
0 0
0 0
0 0
213 0
201 0
189 0
175 0
162 0
149 0
135 0
122 0
108 0
94 0
82 0
70 0
58 0
45 0
0 0
0 0
0 0
0 0
0 0
0 0
0 0
0 0
50 0
254 0
409 0
394 0
215 0
0 0
0 0
0 0
0 0
0 0
0 0
0 0
0 0
48 0
253 0
409 0
395 0
217 0
0 0
0 0
0 0
0 0
0 0
0 0
0 0
0 0
45 0
251 0
408 0
396 0
218 0
0 0
0 0
0 0
0 0
0 0
0 0
0 0
0 0
44 0
250 0
408 0
396 0
220 0
0 0
0 0
0 0
0 0
0 0
0 0
0 0
0 0
42 0
249 0
408 0
398 0
222 0
0 0
0 0
0 0
0 0
0 0
0 0
0 0
0 0
40 0
248 0
407 0
398 0
223 0
0 0
0 0
0 0
0 0
0 0
0 0
0 0
0 0
38 0
245 0
406 0
398 0
225 0
0 0
0 0
0 0
0 0
0 0
0 0
0 0
0 0
36 0
244 0
406 0
399 0
226 0
0 0
0 0
0 0
0 0
0 0
0 0
0 0
0 0
34 0
242 0
404 0
399 0
228 0
0 0
0 0
0 0
0 0
0 0
0 0
0 0
0 0
32 0
240 0
404 0
400 0
230 0
0 0
0 0
0 0
0 0
0 0
0 0
0 0
0 0
30 0
239 0
404 0
401 0
231 0
0 0
0 0
0 0
0 0
0 0
0 0
0 0
0 0
29 0
238 0
404 0
401 0
232 0
0 0
0 0
0 0
0 0
0 0
0 0
0 0
0 0
27 0
237 0
402 0
402 0
235 0
0 0
0 0
0 0
0 0
0 0
0 0
0 0
0 0
24 0
234 0
402 0
403 0
236 0
0 0
0 0
0 0
0 0
0 0
0 0
0 0
0 0
23 0
234 0
401 0
403 0
238 0
0 0
0 0
0 0
0 0
0 0
0 0
0 0
0 0
21 0
231 0
401 0
404 0
239 0
0 0
0 0
0 0
0 0
0 0
0 0
0 0
0 0
19 0
230 0
400 0
404 0
240 0
0 0
0 0
0 0
0 0
0 0
0 0
0 0
0 0
18 0
228 0
399 0
406 0
241 0
0 0
0 0
0 0
0 0
0 0
0 0
0 0
0 0
16 0
226 0
400 0
406 0
244 0
0 0
0 0
0 0
0 0
0 0
0 0
0 0
0 0
13 0
225 0
398 0
406 0
246 0
0 0
0 0
0 0
0 0
0 0
0 0
0 0
0 0
11 0
223 0
397 0
407 0
246 0
0 0
0 0
0 0
0 0
0 0
0 0
0 0
0 0
10 0
221 0
397 0
407 0
248 0
0 0
0 0
0 0
0 0
0 0
0 0
0 0
0 0
8 0
171 0
373 0
420 0
292 0
44 0
0 0
0 0
0 0
0 0
0 0
0 0
0 0
6 0
169 0
373 0
421 0
294 0
46 0
0 0
0 0
0 0
0 0
0 0
0 0
0 0
4 0
167 0
372 0
420 0
295 0
47 0
0 0
0 0
0 0
0 0
0 0
0 0
0 0
2 0
165 0
370 0
420 0
297 0
49 0
0 0
0 0
0 0
0 0
0 0
0 0
0 0
0 0
164 0
371 0
421 0
298 0
52 0
0 0
0 0
0 0
0 0
0 0
0 0
0 0
0 0
162 0
368 0
421 0
300 0
53 0
0 0
0 0
0 0
0 0
0 0
0 0
0 0
0 0
161 0
367 0
421 0
301 0
55 0
0 0
0 0
0 0
0 0
0 0
0 0
0 0
0 0
158 0
366 0
421 0
304 0
57 0
0 0
0 0
0 0
0 0
0 0
0 0
0 0
0 0
156 0
364 0
422 0
303 0
60 0
0 0
0 0
0 0
0 0
0 0
0 0
0 0
0 0
154 0
363 0
422 0
304 0
61 0
0 0
0 0
0 0
0 0
0 0
0 0
0 0
0 0
153 0
363 0
421 0
307 0
62 0
0 0
0 0
0 0
0 0
0 0
0 0
0 0
0 0
151 0
362 0
422 0
308 0
65 0
0 0
0 0
0 0
0 0
0 0
0 0
0 0
0 0
150 0
362 0
423 0
310 0
66 0
0 0
0 0
0 0
0 0
0 0
0 0
0 0
0 0
147 0
360 0
423 0
310 0
68 0
0 0
0 0
0 0
0 0
0 0
0 0
0 0
0 0
146 0
358 0
423 0
311 0
70 0
0 0
0 0
0 0
0 0
0 0
0 0
0 0
0 0
143 0
357 0
422 0
313 0
73 0
0 0
0 0
0 0
0 0
0 0
0 0
0 0
0 0
142 0
356 0
422 0
313 0
74 0
0 0
0 0
0 0
0 0
0 0
0 0
0 0
0 0
141 0
356 0
422 0
315 0
76 0
0 0
0 0
0 0
0 0
0 0
0 0
0 0
0 0
138 0
354 0
424 0
316 0
78 0
0 0
0 0
0 0
0 0
0 0
0 0
0 0
0 0
137 0
354 0
424 0
317 0
80 0
0 0
0 0
0 0
0 0
0 0
0 0
0 0
0 0
135 0
353 0
423 0
319 0
81 0
0 0
0 0
0 0
0 0
0 0
0 0
0 0
0 0
135 0
352 0
424 0
321 0
84 0
0 0
0 0
0 0
0 0
0 0
0 0
0 0
0 0
132 0
352 0
424 0
323 0
85 0
0 0
0 0
0 0
0 0
0 0
0 0
0 0
0 0
130 0
350 0
427 0
323 0
88 0
0 0
0 0
0 0
0 0
0 0
0 0
0 0
0 0
130 0
348 0
426 0
324 0
89 0
0 0
0 0
0 0
0 0
0 0
0 0
0 0
0 0
126 0
348 0
424 0
325 0
91 0
0 0
0 0
0 0
0 0
0 0
0 0
0 0
0 0
124 0
346 0
424 0
326 0
93 0
0 0
0 0
0 0
0 0
0 0
0 0
0 0
0 0
123 0
346 0
424 0
327 0
94 0
0 0
0 0
0 0
0 0
0 0
0 0
0 0
0 0
121 0
343 0
425 0
329 0
96 0
0 0
0 0
0 0
0 0
0 0
0 0
0 0
0 0
119 0
343 0
426 0
329 0
98 0
0 0
0 0
0 0
0 0
0 0
0 0
0 0
0 0
117 0
342 0
424 0
331 0
101 0
0 0
0 0
0 0
0 0
0 0
0 0
0 0
4 0
168 0
370 0
419 0
294 0
47 0
0 0
0 0
0 0
0 0
0 0
0 0
0 0
3 0
166 0
369 0
420 0
297 0
49 0
0 0
0 0
0 0
0 0
0 0
0 0
0 0
1 0
164 0
369 0
421 0
297 0
50 0
0 0
0 0
0 0
0 0
0 0
0 0
0 0
0 0
162 0
368 0
421 0
300 0
53 0
0 0
0 0
0 0
0 0
0 0
0 0
0 0
0 0
161 0
367 0
420 0
300 0
54 0
0 0
0 0
0 0
0 0
0 0
0 0
0 0
0 0
159 0
366 0
421 0
302 0
56 0
0 0
0 0
0 0
0 0
0 0
0 0
0 0
0 0
157 0
365 0
422 0
304 0
58 0
0 0
0 0
0 0
0 0
0 0
0 0
0 0
0 0
155 0
364 0
422 0
304 0
60 0
0 0
0 0
0 0
0 0
0 0
0 0
0 0
0 0
154 0
363 0
421 0
306 0
62 0
0 0
0 0
0 0
0 0
0 0
0 0
0 0
0 0
151 0
362 0
423 0
306 0
64 0
0 0
0 0
0 0
0 0
0 0
0 0
0 0
0 0
150 0
361 0
422 0
309 0
66 0
0 0
0 0
0 0
0 0
0 0
0 0
0 0
0 0
148 0
361 0
424 0
310 0
68 0
0 0
0 0
0 0
0 0
0 0
0 0
0 0
0 0
147 0
361 0
425 0
311 0
69 0
0 0
0 0
0 0
0 0
0 0
0 0
0 0
0 0
145 0
358 0
423 0
313 0
71 0
0 0
0 0
0 0
0 0
0 0
0 0
0 0
0 0
144 0
359 0
423 0
312 0
73 0
0 0
0 0
0 0
0 0
0 0
0 0
0 0
0 0
142 0
359 0
423 0
315 0
76 0
0 0
0 0
0 0
0 0
0 0
0 0
0 0
0 0
140 0
355 0
426 0
316 0
77 0
0 0
0 0
0 0
0 0
0 0
0 0
0 0
0 0
138 0
354 0
426 0
317 0
79 0
0 0
0 0
0 0
0 0
0 0
0 0
0 0
0 0
136 0
355 0
425 0
321 0
83 0
0 0
0 0
0 0
0 0
0 0
0 0
0 0
0 0
137 0
354 0
424 0
320 0
83 0
0 0
0 0
0 0
0 0
0 0
0 0
0 0
0 0
132 0
352 0
424 0
321 0
85 0
0 0
0 0
0 0
0 0
0 0
0 0
0 0
0 0
132 0
350 0
426 0
321 0
87 0
0 0
0 0
0 0
0 0
0 0
0 0
0 0
0 0
129 0
349 0
426 0
323 0
88 0
0 0
0 0
0 0
0 0
0 0
0 0
0 0
0 0
127 0
350 0
424 0
327 0
89 0
0 0
0 0
0 0
0 0
0 0
0 0
0 0
0 0
125 0
349 0
425 0
325 0
92 0
0 0
0 0
0 0
0 0
0 0
0 0
0 0
0 0
123 0
347 0
424 0
328 0
94 0
0 0
0 0
0 0
0 0
0 0
0 0
0 0
0 0
121 0
344 0
424 0
328 0
95 0
0 0
0 0
0 0
0 0
0 0
0 0
0 0
0 0
120 0
343 0
425 0
329 0
97 0
0 0
0 0
0 0
0 0
0 0
0 0
0 0
0 0
117 0
342 0
424 0
331 0
99 0
0 0
0 0
0 0
0 0
0 0
0 0
0 0
0 0
116 0
341 0
424 0
332 0
101 0
0 0
0 0
0 0
0 0
0 0
0 0
0 0
4 0
167 0
370 0
419 0
296 0
48 0
0 0
0 0
0 0
0 0
0 0
0 0
0 0
2 0
165 0
370 0
421 0
297 0
49 0
0 0
0 0
0 0
0 0
0 0
0 0
0 0
1 0
163 0
368 0
420 0
299 0
52 0
0 0
0 0
0 0
0 0
0 0
0 0
0 0
0 0
161 0
367 0
420 0
300 0
54 0
0 0
0 0
0 0
0 0
0 0
0 0
0 0
0 0
160 0
366 0
421 0
301 0
55 0
0 0
0 0
0 0
0 0
0 0
0 0
0 0
0 0
158 0
365 0
422 0
301 0
57 0
0 0
0 0
0 0
0 0
0 0
0 0
0 0
0 0
156 0
364 0
422 0
305 0
59 0
0 0
0 0
0 0
0 0
0 0
0 0
0 0
0 0
154 0
364 0
421 0
305 0
61 0
0 0
0 0
0 0
0 0
0 0
0 0
0 0
0 0
152 0
363 0
421 0
306 0
63 0
0 0
0 0
0 0
0 0
0 0
0 0
0 0
0 0
151 0
362 0
422 0
308 0
65 0
0 0
0 0
0 0
0 0
0 0
0 0
0 0
0 0
148 0
361 0
422 0
309 0
67 0
0 0
0 0
0 0
0 0
0 0
0 0
0 0
0 0
148 0
360 0
424 0
310 0
69 0
0 0
0 0
0 0
0 0
0 0
0 0
0 0
0 0
146 0
358 0
422 0
312 0
71 0
0 0
0 0
0 0
0 0
0 0
0 0
0 0
0 0
144 0
358 0
422 0
313 0
73 0
0 0
0 0
0 0
0 0
0 0
0 0
0 0
0 0
141 0
358 0
422 0
314 0
75 0
0 0
0 0
0 0
0 0
0 0
0 0
0 0
0 0
140 0
355 0
423 0
316 0
76 0
0 0
0 0
0 0
0 0
0 0
0 0
0 0
0 0
138 0
355 0
425 0
316 0
78 0
0 0
0 0
0 0
0 0
0 0
0 0
0 0
0 0
136 0
354 0
423 0
318 0
80 0
0 0
0 0
0 0
0 0
0 0
0 0
0 0
0 0
135 0
352 0
423 0
319 0
82 0
0 0
0 0
0 0
0 0
0 0
0 0
0 0
0 0
133 0
352 0
423 0
320 0
84 0
0 0
0 0
0 0
0 0
0 0
0 0
0 0
0 0
131 0
350 0
425 0
321 0
86 0
0 0
0 0
0 0
0 0
0 0
0 0
0 0
0 0
129 0
350 0
424 0
323 0
88 0
0 0
0 0
0 0
0 0
0 0
0 0
0 0
0 0
128 0
350 0
424 0
326 0
89 0
0 0
0 0
0 0
0 0
0 0
0 0
0 0
0 0
123 0
349 0
424 0
325 0
91 0
0 0
0 0
0 0
0 0
0 0
0 0
0 0
0 0
124 0
348 0
424 0
329 0
94 0
0 0
0 0
0 0
0 0
0 0
0 0
0 0
0 0
122 0
346 0
427 0
328 0
96 0
0 0
0 0
0 0
0 0
0 0
0 0
0 0
0 0
121 0
343 0
427 0
329 0
97 0
0 0
0 0
0 0
0 0
0 0
0 0
0 0
0 0
118 0
345 0
425 0
332 0
99 0
0 0
0 0
0 0
0 0
0 0
0 0
0 0
0 0
117 0
344 0
424 0
331 0
103 0
0 0
0 0
0 0
0 0
0 0
0 0
0 0
4 0
167 0
373 0
420 0
295 0
48 0
0 0
0 0
0 0
0 0
0 0
0 0
0 0
2 0
166 0
370 0
422 0
296 0
49 0
0 0
0 0
0 0
0 0
0 0
0 0
0 0
1 0
162 0
368 0
421 0
299 0
51 0
0 0
0 0
0 0
0 0
0 0
0 0
0 0
0 0
162 0
370 0
421 0
300 0
53 0
0 0
0 0
0 0
0 0
0 0
0 0
0 0
0 0
160 0
367 0
423 0
300 0
55 0
0 0
0 0
0 0
0 0
0 0
0 0
0 0
0 0
159 0
365 0
421 0
302 0
56 0
0 0
0 0
0 0
0 0
0 0
0 0
0 0
0 0
157 0
366 0
424 0
303 0
58 0
0 0
0 0
0 0
0 0
0 0
0 0
0 0
0 0
155 0
364 0
421 0
306 0
61 0
0 0
0 0
0 0
0 0
0 0
0 0
0 0
0 0
153 0
363 0
421 0
305 0
62 0
0 0
0 0
0 0
0 0
0 0
0 0
0 0
0 0
152 0
361 0
423 0
308 0
64 0
0 0
0 0
0 0
0 0
0 0
0 0
0 0
0 0
150 0
360 0
423 0
308 0
66 0
0 0
0 0
0 0
0 0
0 0
0 0
0 0
0 0
148 0
360 0
423 0
309 0
68 0
0 0
0 0
0 0
0 0
0 0
0 0
0 0
0 0
147 0
360 0
423 0
312 0
70 0
0 0
0 0
0 0
0 0
0 0
0 0
0 0
0 0
145 0
359 0
423 0
312 0
72 0
0 0
0 0
0 0
0 0
0 0
0 0
0 0
0 0
142 0
356 0
423 0
313 0
74 0
0 0
0 0
0 0
0 0
0 0
0 0
0 0
0 0
141 0
355 0
423 0
315 0
76 0
0 0
0 0
0 0
0 0
0 0
0 0
0 0
0 0
139 0
355 0
424 0
316 0
77 0
0 0
0 0
0 0
0 0
0 0
0 0
0 0
0 0
137 0
353 0
424 0
317 0
80 0
0 0
0 0
0 0
0 0
0 0
0 0
0 0
0 0
136 0
353 0
423 0
319 0
81 0
0 0
0 0
0 0
0 0
0 0
0 0
0 0
0 0
133 0
351 0
424 0
320 0
83 0
0 0
0 0
0 0
0 0
0 0
0 0
0 0
0 0
132 0
350 0
424 0
320 0
84 0
0 0
0 0
0 0
0 0
0 0
0 0
0 0
0 0
130 0
349 0
424 0
321 0
86 0
0 0
0 0
0 0
0 0
0 0
0 0
0 0
0 0
129 0
350 0
423 0
325 0
89 0
0 0
0 0
0 0
0 0
0 0
0 0
0 0
0 0
125 0
348 0
423 0
324 0
91 0
0 0
0 0
0 0
0 0
0 0
0 0
0 0
0 0
125 0
346 0
425 0
326 0
93 0
0 0
0 0
0 0
0 0
0 0
0 0
0 0
0 0
122 0
345 0
424 0
327 0
94 0
0 0
0 0
0 0
0 0
0 0
0 0
0 0
0 0
121 0
344 0
426 0
328 0
96 0
0 0
0 0
0 0
0 0
0 0
0 0
0 0
0 0
119 0
342 0
424 0
330 0
97 0
0 0
0 0
0 0
0 0
0 0
0 0
0 0
0 0
117 0
342 0
424 0
331 0
100 0
0 0
0 0
0 0
0 0
0 0
0 0
0 0
5 0
167 0
372 0
419 0
294 0
47 0
0 0
0 0
0 0
0 0
0 0
0 0
0 0
4 0
167 0
370 0
420 0
296 0
48 0
0 0
0 0
0 0
0 0
0 0
0 0
0 0
1 0
164 0
368 0
420 0
298 0
51 0
0 0
0 0
0 0
0 0
0 0
0 0
0 0
0 0
163 0
368 0
420 0
299 0
52 0
0 0
0 0
0 0
0 0
0 0
0 0
0 0
0 0
162 0
367 0
421 0
300 0
54 0
0 0
0 0
0 0
0 0
0 0
0 0
0 0
0 0
159 0
366 0
422 0
301 0
56 0
0 0
0 0
0 0
0 0
0 0
0 0
0 0
0 0
158 0
365 0
422 0
302 0
57 0
0 0
0 0
0 0
0 0
0 0
0 0
0 0
0 0
155 0
364 0
421 0
304 0
60 0
0 0
0 0
0 0
0 0
0 0
0 0
0 0
0 0
154 0
364 0
421 0
307 0
62 0
0 0
0 0
0 0
0 0
0 0
0 0
0 0
0 0
153 0
362 0
422 0
307 0
64 0
0 0
0 0
0 0
0 0
0 0
0 0
0 0
0 0
150 0
361 0
423 0
308 0
65 0
0 0
0 0
0 0
0 0
0 0
0 0
0 0
0 0
149 0
360 0
423 0
309 0
67 0
0 0
0 0
0 0
0 0
0 0
0 0
0 0
0 0
147 0
360 0
422 0
312 0
69 0
0 0
0 0
0 0
0 0
0 0
0 0
0 0
0 0
146 0
359 0
423 0
312 0
71 0
0 0
0 0
0 0
0 0
0 0
0 0
0 0
0 0
143 0
357 0
426 0
313 0
73 0
0 0
0 0
0 0
0 0
0 0
0 0
0 0
0 0
141 0
356 0
426 0
314 0
75 0
0 0
0 0
0 0
0 0
0 0
0 0
0 0
0 0
141 0
357 0
426 0
316 0
77 0
0 0
0 0
0 0
0 0
0 0
0 0
0 0
0 0
138 0
354 0
424 0
319 0
79 0
0 0
0 0
0 0
0 0
0 0
0 0
0 0
0 0
136 0
355 0
423 0
319 0
81 0
0 0
0 0
0 0
0 0
0 0
0 0
0 0
0 0
135 0
353 0
426 0
319 0
82 0
0 0
0 0
0 0
0 0
0 0
0 0
0 0
0 0
133 0
351 0
426 0
321 0
84 0
0 0
0 0
0 0
0 0
0 0
0 0
0 0
0 0
132 0
350 0
426 0
322 0
86 0
0 0
0 0
0 0
0 0
0 0
0 0
0 0
0 0
128 0
350 0
424 0
325 0
89 0
0 0
0 0
0 0
0 0
0 0
0 0
0 0
0 0
128 0
350 0
424 0
324 0
89 0
0 0
0 0
0 0
0 0
0 0
0 0
0 0
0 0
126 0
349 0
427 0
329 0
92 0
0 0
0 0
0 0
0 0
0 0
0 0
0 0
0 0
123 0
346 0
427 0
327 0
94 0
0 0
0 0
0 0
0 0
0 0
0 0
0 0
0 0
122 0
345 0
427 0
328 0
95 0
0 0
0 0
0 0
0 0
0 0
0 0
0 0
0 0
120 0
343 0
424 0
331 0
97 0
0 0
0 0
0 0
0 0
0 0
0 0
0 0
0 0
118 0
344 0
424 0
330 0
99 0
0 0
0 0
0 0
0 0
0 0
0 0
0 0
0 0
116 0
341 0
425 0
331 0
101 0
0 0
0 0
0 0
0 0
0 0
0 0
0 0
4 0
167 0
371 0
419 0
295 0
48 0
0 0
0 0
0 0
0 0
0 0
0 0
0 0
2 0
165 0
369 0
420 0
297 0
49 0
0 0
0 0
0 0
0 0
0 0
0 0
0 0
0 0
163 0
368 0
420 0
298 0
51 0
0 0
0 0
0 0
0 0
0 0
0 0
0 0
0 0
161 0
367 0
421 0
299 0
53 0
0 0
0 0
0 0
0 0
0 0
0 0
0 0
0 0
160 0
367 0
422 0
301 0
55 0
0 0
0 0
0 0
0 0
0 0
0 0
0 0
0 0
159 0
365 0
421 0
303 0
57 0
0 0
0 0
0 0
0 0
0 0
0 0
0 0
0 0
156 0
365 0
421 0
304 0
59 0
0 0
0 0
0 0
0 0
0 0
0 0
0 0
0 0
155 0
365 0
421 0
304 0
61 0
0 0
0 0
0 0
0 0
0 0
0 0
0 0
0 0
153 0
363 0
423 0
308 0
63 0
0 0
0 0
0 0
0 0
0 0
0 0
0 0
0 0
151 0
361 0
422 0
307 0
65 0
0 0
0 0
0 0
0 0
0 0
0 0
0 0
0 0
149 0
360 0
423 0
309 0
67 0
0 0
0 0
0 0
0 0
0 0
0 0
0 0
0 0
148 0
360 0
422 0
310 0
68 0
0 0
0 0
0 0
0 0
0 0
0 0
0 0
0 0
146 0
359 0
422 0
312 0
71 0
0 0
0 0
0 0
0 0
0 0
0 0
0 0
0 0
144 0
358 0
424 0
314 0
73 0
0 0
0 0
0 0
0 0
0 0
0 0
0 0
0 0
142 0
357 0
423 0
313 0
74 0
0 0
0 0
0 0
0 0
0 0
0 0
0 0
0 0
142 0
358 0
425 0
316 0
74 0
0 0
0 0
0 0
0 0
0 0
0 0
0 0
0 0
139 0
355 0
423 0
318 0
77 0
0 0
0 0
0 0
0 0
0 0
0 0
0 0
0 0
137 0
355 0
423 0
319 0
80 0
0 0
0 0
0 0
0 0
0 0
0 0
0 0
0 0
135 0
353 0
426 0
319 0
82 0
0 0
0 0
0 0
0 0
0 0
0 0
0 0
0 0
133 0
352 0
426 0
320 0
83 0
0 0
0 0
0 0
0 0
0 0
0 0
0 0
0 0
132 0
350 0
426 0
322 0
85 0
0 0
0 0
0 0
0 0
0 0
0 0
0 0
0 0
129 0
350 0
424 0
324 0
88 0
0 0
0 0
0 0
0 0
0 0
0 0
0 0
0 0
128 0
349 0
424 0
324 0
90 0
0 0
0 0
0 0
0 0
0 0
0 0
0 0
0 0
126 0
349 0
427 0
327 0
91 0
0 0
0 0
0 0
0 0
0 0
0 0
0 0
0 0
124 0
346 0
424 0
326 0
93 0
0 0
0 0
0 0
0 0
0 0
0 0
0 0
0 0
123 0
345 0
427 0
327 0
95 0
0 0
0 0
0 0
0 0
0 0
0 0
0 0
0 0
121 0
343 0
424 0
332 0
96 0
0 0
0 0
0 0
0 0
0 0
0 0
0 0
0 0
119 0
347 0
424 0
330 0
99 0
0 0
0 0
0 0
0 0
0 0
0 0
0 0
0 0
116 0
343 0
427 0
332 0
100 0
0 0
0 0
0 0
0 0
0 0
0 0
0 0
5 0
167 0
371 0
420 0
294 0
47 0
0 0
0 0
0 0
0 0
0 0
0 0
0 0
3 0
166 0
370 0
420 0
296 0
49 0
0 0
0 0
0 0
0 0
0 0
0 0
0 0
1 0
164 0
369 0
420 0
298 0
51 0
0 0
0 0
0 0
0 0
0 0
0 0
0 0
0 0
162 0
368 0
421 0
299 0
53 0
0 0
0 0
0 0
0 0
0 0
0 0
0 0
0 0
161 0
366 0
421 0
300 0
55 0
0 0
0 0
0 0
0 0
0 0
0 0
0 0
0 0
159 0
367 0
421 0
302 0
57 0
0 0
0 0
0 0
0 0
0 0
0 0
0 0
0 0
157 0
365 0
422 0
305 0
58 0
0 0
0 0
0 0
0 0
0 0
0 0
0 0
0 0
156 0
366 0
422 0
305 0
61 0
0 0
0 0
0 0
0 0
0 0
0 0
0 0
0 0
154 0
363 0
424 0
306 0
62 0
0 0
0 0
0 0
0 0
0 0
0 0
0 0
0 0
153 0
362 0
424 0
310 0
64 0
0 0
0 0
0 0
0 0
0 0
0 0
0 0
0 0
150 0
361 0
422 0
310 0
65 0
0 0
0 0
0 0
0 0
0 0
0 0
0 0
0 0
149 0
361 0
423 0
311 0
68 0
0 0
0 0
0 0
0 0
0 0
0 0
0 0
0 0
147 0
361 0
422 0
311 0
71 0
0 0
0 0
0 0
0 0
0 0
0 0
0 0
0 0
145 0
358 0
425 0
313 0
73 0
0 0
0 0
0 0
0 0
0 0
0 0
0 0
0 0
143 0
357 0
425 0
313 0
73 0
0 0
0 0
0 0
0 0
0 0
0 0
0 0
0 0
142 0
357 0
425 0
316 0
75 0
0 0
0 0
0 0
0 0
0 0
0 0
0 0
0 0
141 0
355 0
423 0
318 0
77 0
0 0
0 0
0 0
0 0
0 0
0 0
0 0
0 0
137 0
356 0
423 0
319 0
79 0
0 0
0 0
0 0
0 0
0 0
0 0
0 0
0 0
136 0
354 0
426 0
319 0
81 0
0 0
0 0
0 0
0 0
0 0
0 0
0 0
0 0
135 0
352 0
426 0
321 0
83 0
0 0
0 0
0 0
0 0
0 0
0 0
0 0
0 0
133 0
351 0
424 0
321 0
84 0
0 0
0 0
0 0
0 0
0 0
0 0
0 0
0 0
131 0
350 0
423 0
322 0
87 0
0 0
0 0
0 0
0 0
0 0
0 0
0 0
0 0
129 0
350 0
425 0
324 0
88 0
0 0
0 0
0 0
0 0
0 0
0 0
0 0
0 0
127 0
347 0
424 0
325 0
90 0
0 0
0 0
0 0
0 0
0 0
0 0
0 0
0 0
125 0
346 0
425 0
327 0
92 0
0 0
0 0
0 0
0 0
0 0
0 0
0 0
0 0
123 0
345 0
426 0
327 0
93 0
0 0
0 0
0 0
0 0
0 0
0 0
0 0
0 0
122 0
347 0
425 0
330 0
96 0
0 0
0 0
0 0
0 0
0 0
0 0
0 0
0 0
120 0
344 0
424 0
329 0
97 0
0 0
0 0
0 0
0 0
0 0
0 0
0 0
0 0
117 0
342 0
427 0
332 0
100 0
0 0
0 0
0 0
0 0
0 0
0 0
0 0
6 0
168 0
371 0
423 0
295 0
46 0
0 0
0 0
0 0
0 0
0 0
0 0
0 0
2 0
168 0
370 0
420 0
297 0
49 0
0 0
0 0
0 0
0 0
0 0
0 0
0 0
2 0
165 0
371 0
421 0
300 0
51 0
0 0
0 0
0 0
0 0
0 0
0 0
0 0
0 0
164 0
368 0
424 0
299 0
52 0
0 0
0 0
0 0
0 0
0 0
0 0
0 0
0 0
162 0
367 0
424 0
300 0
54 0
0 0
0 0
0 0
0 0
0 0
0 0
0 0
0 0
160 0
367 0
421 0
303 0
55 0
0 0
0 0
0 0
0 0
0 0
0 0
0 0
0 0
158 0
365 0
421 0
304 0
57 0
0 0
0 0
0 0
0 0
0 0
0 0
0 0
0 0
156 0
366 0
422 0
305 0
59 1
0 1
0 1
0 1
0 1
0 1
0 1
0 1
0 1
154 1
364 1
425 1
305 1
62 1
0 1
0 1
0 1
0 1
0 1
0 1
0 1
0 1
153 1
362 1
424 1
306 1
62 1
0 1
0 1
0 1
0 1
0 1
0 1
0 1
0 1
152 1
363 1
422 1
311 1
65 1
0 1
0 1
0 1
0 1
0 1
0 1
0 1
0 1
149 1
360 1
422 1
303 1
0 1
0 1
0 1
0 1
0 1
0 1
0 1
128 1
384 1
394 1
155 1
0 1
0 1
0 1
0 1
0 1
0 1
100 1
369 1
404 1
182 1
0 1
0 1
0 1
0 1
0 1
0 1
71 1
311 1
424 1
266 1
0 1
0 1
0 1
0 1
0 1
0 1
0 1
176 1
404 1
376 1
108 1
0 1
0 1
0 1
0 1
0 1
0 1
149 1
392 1
389 1
136 1
0 1
0 1
0 1
0 1
0 1
0 1
121 1
379 1
398 1
163 1
0 1
0 1
0 1
0 1
0 1
0 1
91 1
325 1
422 1
249 1
0 1
0 1
0 1
0 1
0 1
0 1
0 1
193 1
408 1
363 1
87 1
0 1
0 1
0 1
0 1
0 1
0 1
101 1
370 1
405 1
182 1
0 1
0 1
0 1
0 1
0 1
0 1
72 1
312 1
423 1
265 1
0 1
0 1
0 1
0 1
0 1
0 1
0 1
176 1
403 1
374 1
106 1
0 1
0 1
0 1
0 1
0 1
0 1
149 1
393 1
386 1
135 1
0 1
0 1
0 1
0 1
0 1
0 1
120 1
379 1
397 1
163 1
0 1
0 1
0 1
0 1
0 1
0 1
92 1
325 1
420 1
249 1
0 1
0 1
0 1
0 1
0 1
0 1
0 1
195 1
409 1
363 1
87 1
0 1
0 1
0 1
0 1
0 1
0 1
101 1
370 1
404 1
181 1
0 1
0 1
0 1
0 1
0 1
0 1
72 1
314 1
427 1
268 1
0 1
0 1
0 1
0 1
0 1
0 1
0 1
178 1
404 1
373 1
106 1
0 1
0 1
0 1
0 1
0 1
0 1
150 1
392 1
386 1
135 1
0 1
0 1
0 1
0 1
0 1
0 1
121 1
381 1
397 1
163 1
0 1
0 1
0 1
0 1
0 1
0 1
92 1
326 1
424 1
250 1
0 1
0 1
0 1
0 1
0 1
0 1
0 1
195 1
409 1
362 1
86 1
0 1
0 1
0 1
0 1
0 1
0 1
102 1
373 1
405 1
181 1
0 1
0 1
0 1
0 1
0 1
0 1
73 1
313 1
427 1
265 1
0 1
0 1
0 1
0 1
0 1
0 1
0 1
179 1
404 1
375 1
106 1
0 1
0 1
0 1
0 1
0 1
0 1
151 1
392 1
387 1
134 1
0 1
0 1
0 1
0 1
0 1
0 1
121 1
380 1
397 1
161 1
0 1
0 1
0 1
0 1
0 1
0 1
93 1
328 1
421 1
248 1
0 1
0 1
0 1
0 1
0 1
0 1
0 1
195 1
411 1
362 1
86 1
0 1
0 1
0 1
0 1
0 1
0 1
104 1
371 1
404 1
180 1
0 1
0 1
0 1
0 1
0 1
0 1
73 1
314 1
424 1
264 1
0 1
0 1
0 1
0 1
0 1
0 1
0 1
179 1
403 1
372 1
106 1
0 1
0 1
0 1
0 1
0 1
0 1
151 1
394 1
385 1
133 1
0 1
0 1
0 1
0 1
0 1
0 1
123 1
380 1
397 1
162 1
0 1
0 1
0 1
0 1
0 1
0 1
93 1
328 1
421 1
247 1
0 1
0 1
0 1
0 1
0 1
0 1
0 1
196 1
408 1
363 1
84 1
0 1
0 1
0 1
0 1
0 1
0 1
103 1
372 1
404 1
179 1
0 1
0 1
0 1
0 1
0 1
0 1
75 1
314 1
422 1
263 1
0 1
0 1
0 1
0 1
0 1
0 1
0 1
178 1
403 1
372 1
103 1
0 1
0 1
0 1
0 1
0 1
0 1
152 1
395 1
386 1
133 1
0 1
0 1
0 1
0 1
0 1
0 1
124 1
381 1
397 1
161 1
0 1
0 1
0 1
0 1
0 1
0 1
95 1
331 1
425 1
249 1
0 1
0 1
0 1
0 1
0 1
0 1
0 1
197 1
411 1
363 1
84 1
0 1
0 1
0 1
0 1
0 1
0 1
104 1
374 1
404 1
179 1
0 1
0 1
0 1
0 1
0 1
0 1
75 1
316 1
423 1
263 1
0 1
0 1
0 1
0 1
0 1
0 1
0 1
180 1
406 1
372 1
104 1
0 1
0 1
0 1
0 1
0 1
0 1
153 1
393 1
385 1
133 1
0 1
0 1
0 1
0 1
0 1
0 1
124 1
382 1
396 1
160 1
0 1
0 1
0 1
0 1
0 1
0 1
95 1
328 1
423 1
246 1
0 1
0 1
0 1
0 1
0 1
0 1
0 1
197 1
412 1
362 1
83 1
0 1
0 1
0 1
0 1
0 1
0 1
106 1
372 1
404 1
178 1
0 1
0 1
0 1
0 1
0 1
0 1
75 1
315 1
425 1
263 1
0 1
0 1
0 1
0 1
0 1
0 1
0 1
181 1
404 1
371 1
102 1
0 1
0 1
0 1
0 1
0 1
0 1
153 1
393 1
387 1
133 1
0 1
0 1
0 1
0 1
0 1
0 1
125 1
382 1
396 1
159 1
0 1
0 1
0 1
0 1
0 1
0 1
96 1
328 1
421 1
247 1
0 1
0 1
0 1
0 1
0 1
0 1
0 1
199 1
411 1
360 1
83 1
0 1
0 1
0 1
0 1
0 1
0 1
106 1
372 1
403 1
177 1
0 1
0 1
0 1
0 1
0 1
0 1
76 1
316 1
422 1
262 1
0 1
0 1
0 1
0 1
0 1
0 1
0 1
180 1
403 1
372 1
102 1
0 1
0 1
0 1
0 1
0 1
0 1
153 1
395 1
384 1
131 1
0 1
0 1
0 1
0 1
0 1
0 1
125 1
381 1
395 1
159 1
0 1
0 1
0 1
0 1
0 1
0 1
97 1
329 1
423 1
245 1
0 1
0 1
0 1
0 1
0 1
0 1
0 1
200 1
410 1
362 1
82 1
0 1
0 1
0 1
0 1
0 1
0 1
107 1
372 1
403 1
177 1
0 1
0 1
0 1
0 1
0 1
0 1
77 1
316 1
422 1
261 1
0 1
0 1
0 1
0 1
0 1
0 1
0 1
181 1
404 1
370 1
101 1
0 1
0 1
0 1
0 1
0 1
0 1
154 1
393 1
383 1
130 1
0 1
0 1
0 1
0 1
0 1
0 1
125 1
381 1
397 1
158 1
0 1
0 1
0 1
0 1
0 1
0 1
97 1
330 1
421 1
245 1
0 1
0 1
0 1
0 1
0 1
0 1
0 1
200 1
409 1
360 1
81 1
0 1
0 1
0 1
0 1
0 1
0 1
107 1
373 1
402 1
176 1
0 1
0 1
0 1
0 1
0 1
0 1
77 1
317 1
423 1
261 1
0 1
0 1
0 1
0 1
0 1
0 1
0 1
182 1
405 1
371 1
101 1
0 1
0 1
0 1
0 1
0 1
0 1
155 1
394 1
384 1
129 1
0 1
0 1
0 1
0 1
0 1
0 1
126 1
383 1
395 1
157 1
0 1
0 1
0 1
0 1
0 1
0 1
97 1
329 1
420 1
244 1
0 1
0 1
0 1
0 1
0 1
0 1
0 1
200 1
409 1
359 1
81 1
0 1
0 1
0 1
0 1
0 1
0 1
108 1
375 1
404 1
176 1
0 1
0 1
0 1
0 1
0 1
0 1
78 1
318 1
423 1
261 1
0 1
0 1
0 1
0 1
0 1
0 1
0 1
182 1
404 1
370 1
100 1
0 1
0 1
0 1
0 1
0 1
0 1
155 1
394 1
384 1
129 1
0 1
0 1
0 1
0 1
0 1
0 1
127 1
382 1
395 1
157 1
0 1
0 1
0 1
0 1
0 1
0 1
99 1
330 1
421 1
243 1
0 1
0 1
0 1
0 1
0 1
0 1
0 1
201 1
412 1
359 1
80 1
0 1
0 1
0 1
0 1
0 1
0 1
108 1
373 1
402 1
175 1
0 1
0 1
0 1
0 1
0 1
0 1
79 1
317 1
422 1
259 1
0 1
0 1
0 1
0 1
0 1
0 1
0 1
183 1
405 1
369 1
99 1
0 1
0 1
0 1
0 1
0 1
0 1
89 1
324 1
422 1
251 1
0 1
0 1
0 1
0 1
0 1
0 1
0 1
192 1
408 1
364 1
89 1
0 1
0 1
0 1
0 1
0 1
0 1
99 1
330 1
420 1
244 1
0 1
0 1
0 1
0 1
0 1
0 1
0 1
203 1
412 1
360 1
80 1
0 1
0 1
0 1
0 1
0 1
0 1
109 1
376 1
404 1
175 1
0 1
0 1
0 1
0 1
0 1
0 1
80 1
317 1
426 1
263 1
0 1
0 1
0 1
0 1
0 1
0 1
0 1
184 1
405 1
369 1
99 1
0 1
0 1
0 1
0 1
0 1
0 1
89 1
326 1
422 1
252 1
0 1
0 1
0 1
0 1
0 1
0 1
0 1
194 1
409 1
364 1
89 1
0 1
0 1
0 1
0 1
0 1
0 1
99 1
330 1
420 1
243 1
0 1
0 1
0 1
0 1
0 1
0 1
1 1
202 1
411 1
364 1
78 1
0 1
0 1
0 1
0 1
0 1
0 1
109 1
376 1
402 1
175 1
0 1
0 1
0 1
0 1
0 1
0 1
81 1
318 1
424 1
258 1
0 1
0 1
0 1
0 1
0 1
0 1
0 1
185 1
405 1
371 1
99 1
0 1
0 1
0 1
0 1
0 1
0 1
92 1
324 1
422 1
250 1
0 1
0 1
0 1
0 1
0 1
0 1
0 1
195 1
410 1
365 1
88 1
0 1
0 1
0 1
0 1
0 1
0 1
100 1
371 1
407 1
182 1
0 1
0 1
0 1
0 1
0 1
0 1
71 1
314 1
423 1
267 1
0 1
0 1
0 1
0 1
0 1
0 1
0 1
176 1
404 1
376 1
107 1
0 1
0 1
0 1
0 1
0 1
0 1
148 1
394 1
386 1
136 1
0 1
0 1
0 1
0 1
0 1
0 1
119 1
379 1
399 1
164 1
0 1
0 1
0 1
0 1
0 1
0 1
90 1
325 1
422 1
249 1
0 1
0 1
0 1
0 1
0 1
0 1
0 1
193 1
410 1
364 1
87 1
0 1
0 1
0 1
0 1
0 1
0 1
101 1
369 1
405 1
182 1
0 1
0 1
0 1
0 1
0 1
0 1
72 1
314 1
424 1
265 1
0 1
0 1
0 1
0 1
0 1
0 1
0 1
177 1
403 1
372 1
107 1
0 1
0 1
0 1
0 1
0 1
0 1
148 1
392 1
385 1
135 1
0 1
0 1
0 1
0 1
0 1
0 1
120 1
379 1
398 1
163 1
0 1
0 1
0 1
0 1
0 1
0 1
92 1
327 1
423 1
249 1
0 1
0 1
0 1
0 1
0 1
0 1
0 1
194 1
408 1
362 1
87 1
0 1
0 1
0 1
0 1
0 1
0 1
103 1
370 1
405 1
181 1
0 1
0 1
0 1
0 1
0 1
0 1
72 1
312 1
424 1
266 1
0 1
0 1
0 1
0 1
0 1
0 1
0 1
177 1
402 1
373 1
106 1
0 1
0 1
0 1
0 1
0 1
0 1
150 1
392 1
386 1
135 1
0 1
0 1
0 1
0 1
0 1
0 1
120 1
380 1
397 1
163 1
0 1
0 1
0 1
0 1
0 1
0 1
92 1
326 1
422 1
249 1
0 1
0 1
0 1
0 1
0 1
0 1
0 1
195 1
408 1
363 1
85 1
0 1
0 1
0 1
0 1
0 1
0 1
101 1
371 1
404 1
181 1
0 1
0 1
0 1
0 1
0 1
0 1
73 1
313 1
423 1
264 1
0 1
0 1
0 1
0 1
0 1
0 1
0 1
177 1
403 1
373 1
105 1
0 1
0 1
0 1
0 1
0 1
0 1
150 1
396 1
387 1
134 1
0 1
0 1
0 1
0 1
0 1
0 1
122 1
380 1
399 1
164 1
0 1
0 1
0 1
0 1
0 1
0 1
94 1
328 1
425 1
248 1
0 1
0 1
0 1
0 1
0 1
0 1
0 1
196 1
409 1
363 1
86 1
0 1
0 1
0 1
0 1
0 1
0 1
102 1
373 1
407 1
181 1
0 1
0 1
0 1
0 1
0 1
0 1
74 1
316 1
423 1
264 1
0 1
0 1
0 1
0 1
0 1
0 1
0 1
178 1
406 1
372 1
105 1
0 1
0 1
0 1
0 1
0 1
0 1
151 1
393 1
386 1
133 1
0 1
0 1
0 1
0 1
0 1
0 1
123 1
381 1
397 1
162 1
0 1
0 1
0 1
0 1
0 1
0 1
94 1
327 1
421 1
248 1
0 1
0 1
0 1
0 1
0 1
0 1
0 1
198 1
410 1
363 1
86 1
0 1
0 1
0 1
0 1
0 1
0 1
104 1
371 1
406 1
179 1
0 1
0 1
0 1
0 1
0 1
0 1
74 1
314 1
426 1
264 1
0 1
0 1
0 1
0 1
0 1
0 1
0 1
178 1
403 1
371 1
103 1
0 1
0 1
0 1
0 1
0 1
0 1
151 1
396 1
385 1
135 1
0 1
0 1
0 1
0 1
0 1
0 1
124 1
382 1
397 1
160 1
0 1
0 1
0 1
0 1
0 1
0 1
94 1
328 1
423 1
248 1
0 1
0 1
0 1
0 1
0 1
0 1
0 1
197 1
413 1
362 1
84 1
0 1
0 1
0 1
0 1
0 1
0 1
105 1
374 1
403 1
180 1
0 1
0 1
0 1
0 1
0 1
0 1
73 1
313 1
422 1
262 1
0 1
0 1
0 1
0 1
0 1
0 1
0 1
180 1
404 1
372 1
104 1
0 1
0 1
0 1
0 1
0 1
0 1
152 1
393 1
385 1
132 1
0 1
0 1
0 1
0 1
0 1
0 1
123 1
381 1
396 1
160 1
0 1
0 1
0 1
0 1
0 1
0 1
95 1
328 1
420 1
246 1
0 1
0 1
0 1
0 1
0 1
0 1
0 1
198 1
410 1
361 1
83 1
0 1
0 1
0 1
0 1
0 1
0 1
104 1
373 1
404 1
180 1
0 1
0 1
0 1
0 1
0 1
0 1
76 1
316 1
423 1
262 1
0 1
0 1
0 1
0 1
0 1
0 1
0 1
180 1
403 1
371 1
103 1
0 1
0 1
0 1
0 1
0 1
0 1
153 1
394 1
384 1
131 1
0 1
0 1
0 1
0 1
0 1
0 1
124 1
381 1
396 1
159 1
0 1
0 1
0 1
0 1
0 1
0 1
96 1
328 1
420 1
246 1
0 1
0 1
0 1
0 1
0 1
0 1
0 1
199 1
409 1
361 1
83 1
0 1
0 1
0 1
0 1
0 1
0 1
105 1
372 1
403 1
177 1
0 1
0 1
0 1
0 1
0 1
0 1
76 1
315 1
422 1
262 1
0 1
0 1
0 1
0 1
0 1
0 1
0 1
181 1
405 1
372 1
102 1
0 1
0 1
0 1
0 1
0 1
0 1
153 1
394 1
384 1
131 1
0 1
0 1
0 1
0 1
0 1
0 1
125 1
382 1
396 1
158 1
0 1
0 1
0 1
0 1
0 1
0 1
96 1
328 1
421 1
245 1
0 1
0 1
0 1
0 1
0 1
0 1
0 1
199 1
412 1
362 1
82 1
0 1
0 1
0 1
0 1
0 1
0 1
107 1
375 1
403 1
178 1
0 1
0 1
0 1
0 1
0 1
0 1
77 1
316 1
423 1
261 1
0 1
0 1
0 1
0 1
0 1
0 1
0 1
182 1
407 1
371 1
103 1
0 1
0 1
0 1
0 1
0 1
0 1
155 1
395 1
385 1
131 1
0 1
0 1
0 1
0 1
0 1
0 1
125 1
385 1
402 1
160 1
0 1
0 1
0 1
0 1
0 1
0 1
99 1
330 1
421 1
245 1
0 1
0 1
0 1
0 1
0 1
0 1
0 1
200 1
412 1
362 1
84 1
0 1
0 1
0 1
0 1
0 1
0 1
107 1
373 1
404 1
176 1
0 1
0 1
0 1
0 1
0 1
0 1
77 1
316 1
425 1
262 1
0 1
0 1
0 1
0 1
0 1
0 1
0 1
183 1
404 1
373 1
101 1
0 1
0 1
0 1
0 1
0 1
0 1
157 1
395 1
385 1
130 1
0 1
0 1
0 1
0 1
0 1
0 1
126 1
383 1
396 1
158 1
0 1
0 1
0 1
0 1
0 1
0 1
97 1
330 1
420 1
245 1
0 1
0 1
0 1
0 1
0 1
0 1
0 1
200 1
410 1
360 1
79 1
0 1
0 1
0 1
0 1
0 1
0 1
107 1
374 1
404 1
176 1
0 1
0 1
0 1
0 1
0 1
0 1
78 1
318 1
422 1
261 1
0 1
0 1
0 1
0 1
0 1
0 1
0 1
183 1
405 1
372 1
101 1
0 1
0 1
0 1
0 1
0 1
0 1
155 1
397 1
385 1
129 1
0 1
0 1
0 1
0 1
0 1
0 1
127 1
382 1
395 1
156 1
0 1
0 1
0 1
0 1
0 1
0 1
98 1
329 1
420 1
243 1
0 1
0 1
0 1
0 1
0 1
0 1
0 1
201 1
410 1
360 1
80 1
0 1
0 1
0 1
0 1
0 1
0 1
109 1
374 1
401 1
175 1
0 1
0 1
0 1
0 1
0 1
0 1
79 1
317 1
422 1
259 1
0 1
0 1
0 1
0 1
0 1
0 1
0 1
183 1
405 1
369 1
99 1
0 1
0 1
0 1
0 1
0 1
0 1
89 1
325 1
423 1
251 1
0 1
0 1
0 1
0 1
0 1
0 1
0 1
192 1
410 1
365 1
89 1
0 1
0 1
0 1
0 1
0 1
0 1
100 1
372 1
405 1
184 1
0 1
0 1
0 1
0 1
0 1
0 1
69 1
311 1
424 1
266 1
0 1
0 1
0 1
0 1
0 1
0 1
0 1
175 1
402 1
376 1
108 1
0 1
0 1
0 1
0 1
0 1
0 1
148 1
391 1
387 1
138 1
0 1
0 1
0 1
0 1
0 1
0 1
120 1
379 1
399 1
166 1
0 1
0 1
0 1
0 1
0 1
0 1
89 1
325 1
422 1
250 1
0 1
0 1
0 1
0 1
0 1
0 1
0 1
194 1
411 1
364 1
90 1
0 1
0 1
0 1
0 1
0 1
0 1
100 1
370 1
405 1
183 1
0 1
0 1
0 1
0 1
0 1
0 1
70 1
312 1
423 1
266 1
0 1
0 1
0 1
0 1
0 1
0 1
0 1
176 1
403 1
376 1
109 1
0 1
0 1
0 1
0 1
0 1
0 1
148 1
392 1
389 1
139 1
0 1
0 1
0 1
0 1
0 1
0 1
119 1
379 1
398 1
166 1
0 1
0 1
0 1
0 1
0 1
0 1
90 1
325 1
422 1
252 1
0 1
0 1
0 1
0 1
0 1
0 1
0 1
194 1
409 1
366 1
87 1
0 1
0 1
0 1
0 1
0 1
0 1
100 1
370 1
407 1
181 1
0 1
0 1
0 1
0 1
0 1
0 1
71 1
312 1
424 1
267 1
0 1
0 1
0 1
0 1
0 1
0 1
0 1
176 1
402 1
375 1
107 1
0 1
0 1
0 1
0 1
0 1
0 1
149 1
392 1
386 1
136 1
0 1
0 1
0 1
0 1
0 1
0 1
120 1
380 1
397 1
163 1
0 1
0 1
0 1
0 1
0 1
0 1
91 1
325 1
422 1
250 1
0 1
0 1
0 1
0 1
0 1
0 1
0 1
193 1
409 1
364 1
87 1
0 1
0 1
0 1
0 1
0 1
0 1
100 1
371 1
404 1
182 1
0 1
0 1
0 1
0 1
0 1
0 1
72 1
311 1
423 1
265 1
0 1
0 1
0 1
0 1
0 1
0 1
0 1
177 1
403 1
373 1
107 1
0 1
0 1
0 1
0 1
0 1
0 1
149 1
391 1
386 1
135 1
0 1
0 1
0 1
0 1
0 1
0 1
121 1
379 1
398 1
164 1
0 1
0 1
0 1
0 1
0 1
0 1
92 1
325 1
420 1
249 1
0 1
0 1
0 1
0 1
0 1
0 1
0 1
194 1
409 1
364 1
87 1
0 1
0 1
0 1
0 1
0 1
0 1
101 1
370 1
405 1
181 1
0 1
0 1
0 1
0 1
0 1
0 1
73 1
313 1
423 1
265 1
0 1
0 1
0 1
0 1
0 1
0 1
0 1
177 1
403 1
374 1
107 1
0 1
0 1
0 1
0 1
0 1
0 1
149 1
392 1
387 1
134 1
0 1
0 1
0 1
0 1
0 1
0 1
121 1
379 1
397 1
162 1
0 1
0 1
0 1
0 1
0 1
0 1
93 1
325 1
421 1
249 1
0 1
0 1
0 1
0 1
0 1
0 1
0 1
195 1
409 1
363 1
86 1
0 1
0 1
0 1
0 1
0 1
0 1
103 1
371 1
406 1
181 1
0 1
0 1
0 1
0 1
0 1
0 1
73 1
314 1
424 1
267 1
0 1
0 1
0 1
0 1
0 1
0 1
0 1
177 1
403 1
373 1
105 1
0 1
0 1
0 1
0 1
0 1
0 1
150 1
394 1
387 1
134 1
0 1
0 1
0 1
0 1
0 1
0 1
123 1
381 1
397 1
162 1
0 1
0 1
0 1
0 1
0 1
0 1
92 1
326 1
421 1
248 1
0 1
0 1
0 1
0 1
0 1
0 1
0 1
195 1
408 1
363 1
85 1
0 1
0 1
0 1
0 1
0 1
0 1
103 1
371 1
403 1
180 1
0 1
0 1
0 1
0 1
0 1
0 1
74 1
313 1
423 1
263 1
0 1
0 1
0 1
0 1
0 1
0 1
0 1
177 1
404 1
371 1
104 1
0 1
0 1
0 1
0 1
0 1
0 1
151 1
392 1
385 1
133 1
0 1
0 1
0 1
0 1
0 1
0 1
122 1
380 1
398 1
161 1
0 1
0 1
0 1
0 1
0 1
0 1
93 1
327 1
420 1
247 1
0 1
0 1
0 1
0 1
0 1
0 1
0 1
197 1
410 1
363 1
85 1
0 1
0 1
0 1
0 1
0 1
0 1
104 1
372 1
403 1
179 1
0 1
0 1
0 1
0 1
0 1
0 1
74 1
313 1
423 1
264 1
0 1
0 1
0 1
0 1
0 1
0 1
0 1
178 1
403 1
373 1
104 1
0 1
0 1
0 1
0 1
0 1
0 1
151 1
392 1
385 1
132 1
0 1
0 1
0 1
0 1
0 1
0 1
123 1
381 1
396 1
160 1
0 1
0 1
0 1
0 1
0 1
0 1
94 1
327 1
420 1
247 1
0 1
0 1
0 1
0 1
0 1
0 1
0 1
197 1
408 1
363 1
84 1
0 1
0 1
0 1
0 1
0 1
0 1
104 1
372 1
403 1
179 1
0 1
0 1
0 1
0 1
0 1
0 1
75 1
315 1
424 1
263 1
0 1
0 1
0 1
0 1
0 1
0 1
0 1
179 1
404 1
373 1
103 1
0 1
0 1
0 1
0 1
0 1
0 1
152 1
392 1
385 1
132 1
0 1
0 1
0 1
0 1
0 1
0 1
123 1
381 1
396 1
160 1
0 1
0 1
0 1
0 1
0 1
0 1
94 1
328 1
420 1
246 1
0 1
0 1
0 1
0 1
0 1
0 1
0 1
198 1
409 1
361 1
83 1
0 1
0 1
0 1
0 1
0 1
0 1
105 1
372 1
405 1
178 1
0 1
0 1
0 1
0 1
0 1
0 1
75 1
314 1
422 1
262 1
0 1
0 1
0 1
0 1
0 1
0 1
0 1
179 1
405 1
371 1
103 1
0 1
0 1
0 1
0 1
0 1
0 1
152 1
393 1
384 1
131 1
0 1
0 1
0 1
0 1
0 1
0 1
124 1
381 1
397 1
159 1
0 1
0 1
0 1
0 1
0 1
0 1
95 1
328 1
421 1
245 1
0 1
0 1
0 1
0 1
0 1
0 1
0 1
199 1
409 1
362 1
83 1
0 1
0 1
0 1
0 1
0 1
0 1
107 1
374 1
403 1
177 1
0 1
0 1
0 1
0 1
0 1
0 1
76 1
315 1
424 1
263 1
0 1
0 1
0 1
0 1
0 1
0 1
0 1
181 1
404 1
372 1
102 1
0 1
0 1
0 1
0 1
0 1
0 1
154 1
396 1
384 1
131 1
0 1
0 1
0 1
0 1
0 1
0 1
125 1
382 1
396 1
159 1
0 1
0 1
0 1
0 1
0 1
0 1
99 1
329 1
423 1
247 1
0 1
0 1
0 1
0 1
0 1
0 1
0 1
199 1
410 1
360 1
83 1
0 1
0 1
0 1
0 1
0 1
0 1
107 1
375 1
403 1
178 1
0 1
0 1
0 1
0 1
0 1
0 1
77 1
316 1
423 1
261 1
0 1
0 1
0 1
0 1
0 1
0 1
0 1
181 1
404 1
373 1
101 1
0 1
0 1
0 1
0 1
0 1
0 1
154 1
398 1
386 1
131 1
0 1
0 1
0 1
0 1
0 1
0 1
125 1
382 1
397 1
158 1
0 1
0 1
0 1
0 1
0 1
0 0
0 0
164 0
369 0
420 0
300 0
52 0
0 0
0 0
0 0
0 0
0 0
0 0
0 0
0 0
161 0
367 0
421 0
301 0
54 0
0 0
0 0
0 0
0 0
0 0
0 0
0 0
0 0
161 0
368 0
421 0
301 0
56 0
0 0
0 0
0 0
0 0
0 0
0 0
0 0
0 0
158 0
367 0
423 0
302 0
58 0
0 0
0 0
0 0
0 0
0 0
0 0
0 0
0 0
156 0
364 0
425 0
305 0
59 0
0 0
0 0
0 0
0 0
0 0
0 0
0 0
0 0
156 0
363 0
424 0
305 0
61 0
0 0
0 0
0 0
0 0
0 0
0 0
0 0
0 0
152 0
363 0
422 0
308 0
62 0
0 0
0 0
0 0
0 0
0 0
0 0
0 0
0 0
151 0
363 0
425 0
308 0
65 0
0 0
0 0
0 0
0 0
0 0
0 0
0 0
0 0
149 0
359 0
423 0
309 0
67 0
0 0
0 0
0 0
0 0
0 0
0 0
0 0
0 0
147 0
359 0
423 0
310 0
68 0
0 0
0 0
0 0
0 0
0 0
0 0
0 0
0 0
145 0
358 0
423 0
311 0
71 0
0 0
0 0
0 0
0 0
0 0
0 0
0 0
0 0
143 0
357 0
422 0
313 0
72 0
0 0
0 0
0 0
0 0
0 0
0 0
0 0
0 0
142 0
356 0
422 0
314 0
75 0
0 0
0 0
0 0
0 0
0 0
0 0
0 0
0 0
140 0
355 0
424 0
315 0
77 0
0 0
0 0
0 0
0 0
0 0
0 0
0 0
0 0
138 0
354 0
424 0
318 0
78 0
0 0
0 0
0 0
0 0
0 0
0 0
0 0
0 0
136 0
353 0
424 0
317 0
80 0
0 0
0 0
0 0
0 0
0 0
0 0
0 0
0 0
135 0
352 0
423 0
320 0
82 0
0 0
0 0
0 0
0 0
0 0
0 0
0 0
0 0
133 0
351 0
423 0
320 0
84 0
0 0
0 0
0 0
0 0
0 0
0 0
0 0
0 0
132 0
350 0
425 0
323 0
86 0
0 0
0 0
0 0
0 0
0 0
0 0
0 0
0 0
129 0
348 0
425 0
322 0
88 0
0 0
0 0
0 0
0 0
0 0
0 0
0 0
0 0
127 0
348 0
424 0
324 0
90 0
0 0
0 0
0 0
0 0
0 0
0 0
0 0
0 0
125 0
347 0
423 0
326 0
90 0
0 0
0 0
0 0
0 0
0 0
0 0
0 0
0 0
124 0
346 0
424 0
326 0
93 0
0 0
0 0
0 0
0 0
0 0
0 0
0 0
0 0
122 0
345 0
426 0
329 0
95 0
0 0
0 0
0 0
0 0
0 0
0 0
0 0
0 0
121 0
344 0
426 0
329 0
97 0
0 0
0 0
0 0
0 0
0 0
0 0
0 0
0 0
119 0
344 0
427 0
330 0
99 0
0 0
0 0
0 0
0 0
0 0
0 0
0 0
0 0
114 0
341 0
426 0
333 0
101 0
0 0
0 0
0 0
0 0
0 0
0 0
0 0
4 0
167 0
373 0
423 0
298 0
48 0
0 0
0 0
0 0
0 0
0 0
0 0
0 0
2 0
165 0
369 0
423 0
296 0
49 0
0 0
0 0
0 0
0 0
0 0
0 0
0 0
1 0
164 0
369 0
423 0
299 0
49 0
0 0
0 0
0 0
0 0
0 0
0 0
0 0
0 0
163 0
367 0
421 0
302 0
53 0
0 0
0 0
0 0
0 0
0 0
0 0
0 0
0 0
160 0
369 0
421 0
303 0
55 0
0 0
0 0
0 0
0 0
0 0
0 0
0 0
0 0
157 0
365 0
423 0
302 0
57 0
0 0
0 0
0 0
0 0
0 0
0 0
0 0
0 0
159 0
366 0
424 0
304 0
59 0
0 0
0 0
0 0
0 0
0 0
0 0
0 0
0 0
156 0
363 0
424 0
304 0
60 0
0 0
0 0
0 0
0 0
0 0
0 0
0 0
0 0
153 0
365 0
422 0
307 0
63 0
0 0
0 0
0 0
0 0
0 0
0 0
0 0
0 0
152 0
364 0
422 0
307 0
64 0
0 0
0 0
0 0
0 0
0 0
0 0
0 0
0 0
150 0
360 0
424 0
309 0
67 0
0 0
0 0
0 0
0 0
0 0
0 0
0 0
0 0
148 0
359 0
424 0
309 0
68 0
0 0
0 0
0 0
0 0
0 0
0 0
0 0
0 0
146 0
359 0
423 0
310 0
70 0
0 0
0 0
0 0
0 0
0 0
0 0
0 0
0 0
144 0
357 0
422 0
313 0
72 0
0 0
0 0
0 0
0 0
0 0
0 0
0 0
0 0
143 0
356 0
423 0
313 0
74 0
0 0
0 0
0 0
0 0
0 0
0 0
0 0
0 0
142 0
355 0
424 0
315 0
76 0
0 0
0 0
0 0
0 0
0 0
0 0
0 0
0 0
139 0
354 0
423 0
316 0
77 0
0 0
0 0
0 0
0 0
0 0
0 0
0 0
0 0
137 0
354 0
424 0
317 0
79 0
0 0
0 0
0 0
0 0
0 0
0 0
0 0
0 0
135 0
354 0
424 0
319 0
81 0
0 0
0 0
0 0
0 0
0 0
0 0
0 0
0 0
135 0
351 0
423 0
320 0
84 0
0 0
0 0
0 0
0 0
0 0
0 0
0 0
0 0
132 0
350 0
424 0
321 0
85 0
0 0
0 0
0 0
0 0
0 0
0 0
0 0
0 0
129 0
349 0
424 0
322 0
87 0
0 0
0 0
0 0
0 0
0 0
0 0
0 0
0 0
128 0
348 0
425 0
323 0
89 0
0 0
0 0
0 0
0 0
0 0
0 0
0 0
0 0
126 0
348 0
424 0
325 0
91 0
0 0
0 0
0 0
0 0
0 0
0 0
0 0
0 0
125 0
346 0
424 0
326 0
93 0
0 0
0 0
0 0
0 0
0 0
0 0
0 0
0 0
123 0
344 0
425 0
328 0
94 0
0 0
0 0
0 0
0 0
0 0
0 0
0 0
0 0
121 0
345 0
426 0
330 0
97 0
0 0
0 0
0 0
0 0
0 0
0 0
0 0
0 0
119 0
343 0
425 0
329 0
98 0
0 0
0 0
0 0
0 0
0 0
0 0
0 0
0 0
118 0
341 0
425 0
333 0
99 0
0 0
0 0
0 0
0 0
0 0
0 0
0 0
0 0
115 0
342 0
424 0
332 0
102 0
0 0
0 0
0 0
0 0
0 0
0 0
0 0
3 0
166 0
370 0
421 0
296 0
49 0
0 0
0 0
0 0
0 0
0 0
0 0
0 0
1 0
165 0
369 0
420 0
299 0
51 0
0 0
0 0
0 0
0 0
0 0
0 0
0 0
0 0
164 0
368 0
421 0
301 0
52 0
0 0
0 0
0 0
0 0
0 0
0 0
0 0
0 0
161 0
369 0
422 0
302 0
54 0
0 0
0 0
0 0
0 0
0 0
0 0
0 0
0 0
159 0
367 0
423 0
301 0
57 0
0 0
0 0
0 0
0 0
0 0
0 0
0 0
0 0
158 0
365 0
424 0
303 0
58 0
0 0
0 0
0 0
0 0
0 0
0 0
0 0
0 0
157 0
368 0
422 0
305 0
60 0
0 0
0 0
0 0
0 0
0 0
0 0
0 0
0 0
153 0
363 0
422 0
307 0
61 0
0 0
0 0
0 0
0 0
0 0
0 0
0 0
0 0
152 0
364 0
422 0
308 0
64 0
0 0
0 0
0 0
0 0
0 0
0 0
0 0
0 0
151 0
360 0
424 0
308 0
66 0
0 0
0 0
0 0
0 0
0 0
0 0
0 0
0 0
149 0
360 0
425 0
310 0
67 0
0 0
0 0
0 0
0 0
0 0
0 0
0 0
0 0
148 0
359 0
426 0
313 0
69 0
0 0
0 0
0 0
0 0
0 0
0 0
0 0
0 0
145 0
358 0
422 0
312 0
71 0
0 0
0 0
0 0
0 0
0 0
0 0
0 0
0 0
144 0
357 0
423 0
314 0
73 0
0 0
0 0
0 0
0 0
0 0
0 0
0 0
0 0
141 0
355 0
425 0
315 0
75 0
0 0
0 0
0 0
0 0
0 0
0 0
0 0
0 0
139 0
355 0
424 0
315 0
77 0
0 0
0 0
0 0
0 0
0 0
0 0
0 0
0 0
138 0
354 0
424 0
317 0
79 0
0 0
0 0
0 0
0 0
0 0
0 0
0 0
0 0
135 0
352 0
423 0
319 0
80 0
0 0
0 0
0 0
0 0
0 0
0 0
0 0
0 0
135 0
352 0
424 0
320 0
83 0
0 0
0 0
0 0
0 0
0 0
0 0
0 0
0 0
132 0
350 0
423 0
320 0
84 0
0 0
0 0
0 0
0 0
0 0
0 0
0 0
0 0
130 0
349 0
424 0
321 0
86 0
0 0
0 0
0 0
0 0
0 0
0 0
0 0
0 0
129 0
349 0
424 0
323 0
88 0
0 0
0 0
0 0
0 0
0 0
0 0
0 0
0 0
128 0
349 0
423 0
325 0
90 0
0 0
0 0
0 0
0 0
0 0
0 0
0 0
0 0
126 0
347 0
424 0
325 0
92 0
0 0
0 0
0 0
0 0
0 0
0 0
0 0
0 0
124 0
345 0
425 0
328 0
93 0
0 0
0 0
0 0
0 0
0 0
0 0
0 0
0 0
121 0
345 0
423 0
328 0
95 0
0 0
0 0
0 0
0 0
0 0
0 0
0 0
0 0
120 0
344 0
426 0
329 0
97 0
0 0
0 0
0 0
0 0
0 0
0 0
0 0
0 0
117 0
341 0
424 0
331 0
99 0
0 0
0 0
0 0
0 0
0 0
0 0
0 0
0 0
117 0
343 0
429 0
334 0
103 0
0 0
0 0
0 0
0 0
0 0
0 0
0 0
5 0
167 0
370 0
421 0
295 0
48 0
0 0
0 0
0 0
0 0
0 0
0 0
0 0
1 0
166 0
370 0
420 0
298 0
51 0
0 0
0 0
0 0
0 0
0 0
0 0
0 0
0 0
164 0
368 0
421 0
300 0
52 0
0 0
0 0
0 0
0 0
0 0
0 0
0 0
0 0
162 0
369 0
421 0
301 0
53 0
0 0
0 0
0 0
0 0
0 0
0 0
0 0
0 0
159 0
366 0
424 0
301 0
56 0
0 0
0 0
0 0
0 0
0 0
0 0
0 0
0 0
159 0
365 0
424 0
302 0
57 0
0 0
0 0
0 0
0 0
0 0
0 0
0 0
0 0
158 0
366 0
421 0
306 0
59 0
0 0
0 0
0 0
0 0
0 0
0 0
0 0
0 0
155 0
365 0
422 0
306 0
61 0
0 0
0 0
0 0
0 0
0 0
0 0
0 0
0 0
155 0
365 0
422 0
305 0
63 0
0 0
0 0
0 0
0 0
0 0
0 0
0 0
0 0
151 0
362 0
425 0
307 0
65 0
0 0
0 0
0 0
0 0
0 0
0 0
0 0
0 0
151 0
361 0
426 0
309 0
66 0
0 0
0 0
0 0
0 0
0 0
0 0
0 0
0 0
148 0
359 0
423 0
312 0
69 0
0 0
0 0
0 0
0 0
0 0
0 0
0 0
0 0
147 0
359 0
423 0
313 0
69 0
0 0
0 0
0 0
0 0
0 0
0 0
0 0
0 0
144 0
358 0
422 0
312 0
72 0
0 0
0 0
0 0
0 0
0 0
0 0
0 0
0 0
142 0
356 0
424 0
313 0
75 0
0 0
0 0
0 0
0 0
0 0
0 0
0 0
0 0
140 0
355 0
424 0
315 0
76 0
0 0
0 0
0 0
0 0
0 0
0 0
0 0
0 0
139 0
355 0
423 0
317 0
77 0
0 0
0 0
0 0
0 0
0 0
0 0
0 0
0 0
136 0
353 0
423 0
318 0
80 0
0 0
0 0
0 0
0 0
0 0
0 0
0 0
0 0
135 0
352 0
424 0
319 0
82 0
0 0
0 0
0 0
0 0
0 0
0 0
0 0
0 0
133 0
351 0
424 0
320 0
83 0
0 0
0 0
0 0
0 0
0 0
0 0
0 0
0 0
131 0
350 0
424 0
321 0
85 0
0 0
0 0
0 0
0 0
0 0
0 0
0 0
0 0
129 0
349 0
425 0
324 0
87 0
0 0
0 0
0 0
0 0
0 0
0 0
0 0
0 0
127 0
349 0
423 0
324 0
90 0
0 0
0 0
0 0
0 0
0 0
0 0
0 0
0 0
126 0
347 0
424 0
325 0
91 0
0 0
0 0
0 0
0 0
0 0
0 0
0 0
0 0
124 0
345 0
425 0
326 0
93 0
0 0
0 0
0 0
0 0
0 0
0 0
0 0
0 0
122 0
344 0
425 0
328 0
95 0
0 0
0 0
0 0
0 0
0 0
0 0
0 0
0 0
121 0
343 0
424 0
329 0
97 0
0 0
0 0
0 0
0 0
0 0
0 0
0 0
0 0
119 0
343 0
425 0
331 0
98 0
0 0
0 0
0 0
0 0
0 0
0 0
0 0
0 0
117 0
342 0
425 0
330 0
100 0
0 0
0 0
0 0
0 0
0 0
0 0
0 0
4 0
168 0
370 0
419 0
295 0
47 0
0 0
0 0
0 0
0 0
0 0
0 0
0 0
3 0
165 0
369 0
419 0
296 0
49 0
0 0
0 0
0 0
0 0
0 0
0 0
0 0
1 0
164 0
369 0
420 0
298 0
51 0
0 0
0 0
0 0
0 0
0 0
0 0
0 0
0 0
162 0
368 0
420 0
300 0
53 0
0 0
0 0
0 0
0 0
0 0
0 0
0 0
0 0
160 0
366 0
422 0
300 0
55 0
0 0
0 0
0 0
0 0
0 0
0 0
0 0
0 0
159 0
365 0
421 0
301 0
57 0
0 0
0 0
0 0
0 0
0 0
0 0
0 0
0 0
157 0
365 0
421 0
303 0
58 0
0 0
0 0
0 0
0 0
0 0
0 0
0 0
0 0
155 0
363 0
422 0
305 0
61 0
0 0
0 0
0 0
0 0
0 0
0 0
0 0
0 0
154 0
364 0
422 0
306 0
63 0
0 0
0 0
0 0
0 0
0 0
0 0
0 0
0 0
152 0
362 0
423 0
306 0
64 0
0 0
0 0
0 0
0 0
0 0
0 0
0 0
0 0
151 0
360 0
422 0
310 0
67 0
0 0
0 0
0 0
0 0
0 0
0 0
0 0
0 0
148 0
360 0
422 0
310 0
68 0
0 0
0 0
0 0
0 0
0 0
0 0
0 0
0 0
147 0
359 0
422 0
310 0
70 0
0 0
0 0
0 0
0 0
0 0
0 0
0 0
0 0
145 0
359 0
422 0
312 0
72 0
0 0
0 0
0 0
0 0
0 0
0 0
0 0
0 0
143 0
356 0
423 0
313 0
73 0
0 0
0 0
0 0
0 0
0 0
0 0
0 0
0 0
141 0
355 0
423 0
314 0
75 0
0 0
0 0
0 0
0 0
0 0
0 0
0 0
0 0
139 0
355 0
422 0
316 0
77 0
0 0
0 0
0 0
0 0
0 0
0 0
0 0
0 0
138 0
354 0
422 0
317 0
80 0
0 0
0 0
0 0
0 0
0 0
0 0
0 0
0 0
135 0
354 0
423 0
320 0
81 0
0 0
0 0
0 0
0 0
0 0
0 0
0 0
0 0
133 0
352 0
426 0
320 0
83 0
0 0
0 0
0 0
0 0
0 0
0 0
0 0
0 0
133 0
351 0
426 0
321 0
85 0
0 0
0 0
0 0
0 0
0 0
0 0
0 0
0 0
131 0
351 0
424 0
324 0
86 0
0 0
0 0
0 0
0 0
0 0
0 0
0 0
0 0
128 0
349 0
425 0
325 0
89 0
0 0
0 0
0 0
0 0
0 0
0 0
0 0
0 0
129 0
350 0
424 0
326 0
91 0
0 0
0 0
0 0
0 0
0 0
0 0
0 0
0 0
126 0
347 0
427 0
326 0
93 0
0 0
0 0
0 0
0 0
0 0
0 0
0 0
0 0
125 0
345 0
428 0
327 0
93 0
0 0
0 0
0 0
0 0
0 0
0 0
0 0
0 0
122 0
345 0
424 0
330 0
96 0
0 0
0 0
0 0
0 0
0 0
0 0
0 0
0 0
121 0
344 0
425 0
331 0
99 0
0 0
0 0
0 0
0 0
0 0
0 0
0 0
0 0
118 0
344 0
424 0
331 0
100 0
0 0
0 0
0 0
0 0
0 0
0 0
0 0
6 0
168 0
373 0
420 0
295 0
46 0
0 0
0 0
0 0
0 0
0 0
0 0
0 0
4 0
166 0
370 0
420 0
297 0
48 0
0 0
0 0
0 0
0 0
0 0
0 0
0 0
1 0
165 0
371 0
420 0
298 0
52 0
0 0
0 0
0 0
0 0
0 0
0 0
0 0
0 0
163 0
368 0
420 0
299 0
52 0
0 0
0 0
0 0
0 0
0 0
0 0
0 0
0 0
161 0
367 0
422 0
299 0
54 0
0 0
0 0
0 0
0 0
0 0
0 0
0 0
0 0
160 0
365 0
422 0
301 0
56 0
0 0
0 0
0 0
0 0
0 0
0 0
0 0
0 0
157 0
366 0
421 0
303 0
58 0
0 0
0 0
0 0
0 0
0 0
0 0
0 0
0 0
156 0
364 0
421 0
304 0
59 0
0 0
0 0
0 0
0 0
0 0
0 0
0 0
0 0
155 0
363 0
422 0
306 0
61 0
0 0
0 0
0 0
0 0
0 0
0 0
0 0
0 0
153 0
363 0
423 0
307 0
64 0
0 0
0 0
0 0
0 0
0 0
0 0
0 0
0 0
151 0
360 0
423 0
307 0
65 0
0 0
0 0
0 0
0 0
0 0
0 0
0 0
0 0
149 0
360 0
422 0
310 0
67 0
0 0
0 0
0 0
0 0
0 0
0 0
0 0
0 0
147 0
359 0
422 0
310 0
69 0
0 0
0 0
0 0
0 0
0 0
0 0
0 0
0 0
145 0
359 0
423 0
312 0
71 0
0 0
0 0
0 0
0 0
0 0
0 0
0 0
0 0
144 0
357 0
423 0
313 0
73 0
0 0
0 0
0 0
0 0
0 0
0 0
0 0
0 0
141 0
356 0
423 0
314 0
75 0
0 0
0 0
0 0
0 0
0 0
0 0
0 0
0 0
139 0
355 0
423 0
316 0
77 0
0 0
0 0
0 0
0 0
0 0
0 0
0 0
0 0
138 0
354 0
423 0
317 0
78 0
0 0
0 0
0 0
0 0
0 0
0 0
0 0
0 0
137 0
353 0
423 0
318 0
80 0
0 0
0 0
0 0
0 0
0 0
0 0
0 0
0 0
135 0
352 0
426 0
319 0
83 0
0 0
0 0
0 0
0 0
0 0
0 0
0 0
0 0
133 0
351 0
427 0
321 0
84 0
0 0
0 0
0 0
0 0
0 0
0 0
0 0
0 0
131 0
351 0
424 0
324 0
85 0
0 0
0 0
0 0
0 0
0 0
0 0
0 0
0 0
128 0
349 0
425 0
323 0
88 0
0 0
0 0
0 0
0 0
0 0
0 0
0 0
0 0
126 0
351 0
425 0
327 0
91 0
0 0
0 0
0 0
0 0
0 0
0 0
0 0
0 0
125 0
347 0
427 0
325 0
93 0
0 0
0 0
0 0
0 0
0 0
0 0
0 0
0 0
125 0
345 0
426 0
327 0
93 0
0 0
0 0
0 0
0 0
0 0
0 0
0 0
0 0
123 0
348 0
425 0
329 0
95 0
0 0
0 0
0 0
0 0
0 0
0 0
0 0
0 0
120 0
344 0
424 0
329 0
99 0
0 0
0 0
0 0
0 0
0 0
0 0
0 0
0 0
119 0
344 0
425 0
330 0
99 0
0 0
0 0
0 0
0 0
0 0
0 0
0 0
0 0
117 0
344 0
428 0
331 0
100 0
0 0
0 0
0 0
0 0
0 0
0 0
0 0
3 0
169 0
370 0
422 0
296 0
47 0
0 0
0 0
0 0
0 0
0 0
0 0
0 0
2 0
165 0
372 0
421 0
296 0
50 0
0 0
0 0
0 0
0 0
0 0
0 0
0 0
0 0
164 0
372 0
421 0
298 0
51 0
0 0
0 0
0 0
0 0
0 0
0 0
0 0
0 0
162 0
367 0
421 0
299 0
53 0
0 0
0 0
0 0
0 0
0 0
0 0
0 0
0 0
161 0
367 0
422 0
300 0
55 0
0 0
0 0
0 0
0 0
0 0
0 0
0 0
0 0
158 0
365 0
421 0
302 0
57 0
0 0
0 0
0 0
0 0
0 0
0 0
0 0
0 0
157 0
365 0
421 0
306 0
59 0
0 0
0 0
0 0
0 0
0 0
0 0
0 0
0 0
155 0
364 0
421 0
305 0
61 0
0 0
0 0
0 0
0 0
0 0
0 0
0 0
0 0
153 0
362 0
422 0
305 0
62 0
0 0
0 0
0 0
0 0
0 0
0 0
0 0
0 0
152 0
363 0
425 0
309 0
64 0
0 0
0 0
0 0
0 0
0 0
0 0
0 0
0 0
150 0
363 0
422 0
312 0
64 0
0 0
0 0
0 0
0 0
0 0
0 0
0 0
0 0
148 0
362 0
423 0
310 0
68 0
0 0
0 0
0 0
0 0
0 0
0 0
0 0
0 0
148 0
361 0
423 0
315 0
71 0
0 0
0 0
0 0
0 0
0 0
0 0
0 0
0 0
144 0
358 0
425 0
313 0
72 0
0 0
0 0
0 0
0 0
0 0
0 0
0 0
0 0
143 0
357 0
425 0
315 0
74 0
0 0
0 0
0 0
0 0
0 0
0 0
0 0
0 0
139 0
356 0
426 0
318 0
76 0
0 0
0 0
0 0
0 0
0 0
0 0
0 0
0 0
139 0
357 0
423 0
317 0
79 0
0 0
0 0
0 0
0 0
0 0
0 0
0 0
0 0
137 0
356 0
424 0
319 0
81 0
0 0
0 0
0 0
0 0
0 0
0 0
0 0
0 0
135 0
353 0
424 0
319 0
82 0
0 0
0 0
0 0
0 0
0 0
0 0
0 0
0 0
135 0
354 0
427 0
321 0
83 0
0 0
0 0
0 0
0 0
0 0
0 0
0 0
0 0
131 0
351 0
424 0
324 0
86 0
0 0
0 0
0 0
0 0
0 0
0 0
0 0
0 0
131 0
352 0
424 0
323 0
87 0
0 0
0 0
0 0
0 0
0 0
0 0
0 0
0 0
128 0
351 0
425 0
325 0
89 0
0 0
0 0
0 0
0 0
0 0
0 0
0 0
0 0
127 0
349 0
427 0
325 0
91 0
0 0
0 0
0 0
0 0
0 0
0 0
0 0
0 0
124 0
347 0
425 0
326 0
93 0
0 0
0 0
0 0
0 0
0 0
0 0
0 0
0 0
123 0
346 0
424 0
328 0
94 0
0 0
0 0
0 0
0 0
0 0
0 0
0 0
0 0
120 0
345 0
424 0
328 0
96 0
0 0
0 0
0 0
0 0
0 0
0 0
0 0
0 0
119 0
344 0
424 0
331 0
99 0
0 0
0 0
0 0
0 0
0 0
0 0
0 0
0 0
117 0
342 0
425 0
331 0
