60 0
0 0
0 0
194 0
461 0
539 0
391 0
82 0
0 0
0 0
0 0
0 0
0 0
0 0
0 0
0 0
191 0
9 0
0 0
0 0
0 0
0 0
0 0
0 0
0 0
0 0
196 0
462 0
538 0
390 0
81 0
0 0
0 0
0 0
0 0
0 0
0 0
0 0
0 0
194 0
461 0
539 0
391 0
82 0
0 0
0 0
0 0
0 0
0 0
0 0
0 0
0 0
191 0
0 0
0 0
0 0
0 0
0 0
0 0
0 0
0 0
196 0
462 0
538 0
390 0
81 0
0 0
0 0
0 0
0 0
0 0
0 0
0 0
0 0
194 0
461 0
539 0
391 0
82 0
0 0
0 0
0 0
0 0
0 0
0 0
0 0
0 0
191 0
0 0
0 0
0 0
0 0
0 0
0 0
0 0
0 0
0 0
0 0
0 0
0 0
0 0
0 0
0 0
0 0
0 0
0 0
0 0
0 0
0 0
0 0
0 0
0 0
0 0
0 0
0 0
0 0
0 0
155 0
364 0
423 0
306 0
61 0
0 0
0 0
0 0
0 0
0 0
0 0
0 0
0 0
153 0
363 0
423 0
307 0
63 0
0 0
0 0
0 0
0 0
0 0
0 0
0 0
0 0
151 0
362 0
423 0
307 0
65 0
0 0
0 0
0 0
0 0
0 0
0 0
0 0
0 0
149 0
361 0
423 0
309 0
67 0
0 0
0 0
0 0
0 0
0 0
0 0
0 0
0 0
148 0
361 0
424 0
311 0
69 0
0 0
0 0
0 0
0 0
0 0
0 0
0 0
0 0
146 0
360 0
424 0
313 0
71 0
0 0
0 0
0 0
0 0
0 0
0 0
0 0
0 0
143 0
358 0
424 0
313 0
72 0
0 0
0 0
0 0
0 0
0 0
0 0
0 0
0 0
142 0
357 0
424 0
315 0
74 0
0 0
0 0
0 0
0 0
0 0
0 0
0 0
0 0
141 0
356 0
424 0
316 0
76 0
0 0
0 0
0 0
0 0
0 0
0 0
0 0
0 0
139 0
356 0
424 0
317 0
79 0
0 0
0 0
0 0
0 0
0 0
0 0
0 0
0 0
137 0
354 0
425 0
319 0
81 0
0 0
0 0
0 0
0 0
0 0
0 0
0 0
0 0
135 0
353 0
424 0
320 0
82 0
0 0
0 0
0 0
0 0
0 0
0 0
0 0
0 0
133 0
352 0
425 0
321 0
84 0
0 0
0 0
0 0
0 0
0 0
0 0
0 0
0 0
131 0
351 0
425 0
322 0
86 0
0 0
0 0
0 0
0 0
0 0
0 0
0 0
0 0
130 0
350 0
425 0
324 0
88 0
0 0
0 0
0 0
0 0
0 0
0 0
0 0
0 0
128 0
348 0
426 0
325 0
90 0
0 0
0 0
0 0
0 0
0 0
0 0
0 0
0 0
125 0
348 0
426 0
326 0
91 0
0 0
0 0
0 0
0 0
0 0
0 0
0 0
0 0
124 0
346 0
425 0
327 0
93 0
0 0
0 0
0 0
0 0
0 0
0 0
0 0
0 0
122 0
345 0
426 0
328 0
94 0
0 0
0 0
0 0
0 0
0 0
0 0
0 0
0 0
120 0
344 0
426 0
330 0
97 0
0 0
0 0
0 0
0 0
0 0
0 0
0 0
0 0
118 0
343 0
426 0
331 0
98 0
0 0
0 0
0 0
0 0
0 0
0 0
0 0
0 0
116 0
343 0
425 0
332 0
101 0
0 0
0 0
0 0
0 0
0 0
0 0
0 0
4 0
167 0
371 0
421 0
295 0
48 0
0 0
0 0
0 0
0 0
0 0
0 0
0 0
2 0
166 0
370 0
421 0
297 0
49 0
0 0
0 0
0 0
0 0
0 0
0 0
0 0
1 0
164 0
369 0
422 0
298 0
51 0
0 0
0 0
0 0
0 0
0 0
0 0
0 0
0 0
163 0
368 0
422 0
300 0
53 0
0 0
0 0
0 0
0 0
0 0
0 0
0 0
0 0
160 0
367 0
423 0
301 0
55 0
0 0
0 0
0 0
0 0
0 0
0 0
0 0
0 0
159 0
366 0
421 0
302 0
57 0
0 0
0 0
0 0
0 0
0 0
0 0
0 0
0 0
157 0
365 0
422 0
304 0
58 0
0 0
0 0
0 0
0 0
0 0
0 0
0 0
0 0
155 0
364 0
423 0
305 0
61 0
0 0
0 0
0 0
0 0
0 0
0 0
0 0
0 0
153 0
363 0
423 0
306 0
62 0
0 0
0 0
0 0
0 0
0 0
0 0
0 0
0 0
152 0
362 0
422 0
307 0
64 0
0 0
0 0
0 0
0 0
0 0
0 0
0 0
0 0
149 0
362 0
423 0
309 0
67 0
0 0
0 0
0 0
0 0
0 0
0 0
0 0
0 0
148 0
361 0
422 0
310 0
69 0
0 0
0 0
0 0
0 0
0 0
0 0
0 0
0 0
146 0
359 0
424 0
312 0
70 0
0 0
0 0
0 0
0 0
0 0
0 0
0 0
0 0
144 0
359 0
427 0
313 0
72 0
0 0
0 0
0 0
0 0
0 0
0 0
0 0
0 0
143 0
358 0
423 0
316 0
74 0
0 0
0 0
0 0
0 0
0 0
0 0
0 0
0 0
141 0
357 0
423 0
316 0
77 0
0 0
0 0
0 0
0 0
0 0
0 0
0 0
0 0
139 0
355 0
423 0
317 0
78 0
0 0
0 0
0 0
0 0
0 0
0 0
0 0
0 0
137 0
354 0
425 0
317 0
80 0
0 0
0 0
0 0
0 0
0 0
0 0
0 0
0 0
134 0
352 0
426 0
319 0
82 0
0 0
0 0
0 0
0 0
0 0
0 0
0 0
0 0
133 0
352 0
424 0
321 0
83 0
0 0
0 0
0 0
0 0
0 0
0 0
0 0
0 0
131 0
350 0
424 0
322 0
86 0
0 0
0 0
0 0
0 0
0 0
0 0
0 0
0 0
129 0
350 0
424 0
323 0
87 0
0 0
0 0
0 0
0 0
0 0
0 0
0 0
0 0
128 0
348 0
425 0
324 0
89 0
0 0
0 0
0 0
0 0
0 0
0 0
0 0
0 0
126 0
347 0
425 0
325 0
91 0
0 0
0 0
0 0
0 0
0 0
0 0
0 0
0 0
124 0
346 0
424 0
327 0
94 0
0 0
0 0
0 0
0 0
0 0
0 0
0 0
0 0
122 0
346 0
424 0
328 0
95 0
0 0
0 0
0 0
0 0
0 0
0 0
0 0
0 0
121 0
344 0
425 0
329 0
96 0
0 0
0 0
0 0
0 0
0 0
0 0
0 0
0 0
119 0
343 0
425 0
331 0
98 0
0 0
0 0
0 0
0 0
0 0
0 0
0 0
0 0
117 0
343 0
424 0
331 0
101 0
0 0
0 0
0 0
0 0
0 0
0 0
0 0
4 0
168 0
370 0
420 0
295 0
48 0
0 0
0 0
0 0
0 0
0 0
0 0
0 0
2 0
166 0
370 0
420 0
296 0
49 0
0 0
0 0
0 0
0 0
0 0
0 0
0 0
1 0
164 0
368 0
422 0
297 0
51 0
0 0
0 0
0 0
0 0
0 0
0 0
0 0
0 0
162 0
368 0
421 0
299 0
52 0
0 0
0 0
0 0
0 0
0 0
0 0
0 0
0 0
160 0
368 0
421 0
301 0
55 0
0 0
0 0
0 0
0 0
0 0
0 0
0 0
0 0
159 0
366 0
421 0
301 0
56 0
0 0
0 0
0 0
0 0
0 0
0 0
0 0
0 0
157 0
366 0
421 0
304 0
59 0
0 0
0 0
0 0
0 0
0 0
0 0
0 0
0 0
155 0
364 0
422 0
304 0
60 0
0 0
0 0
0 0
0 0
0 0
0 0
0 0
0 0
154 0
364 0
424 0
306 0
63 0
0 0
0 0
0 0
0 0
0 0
0 0
0 0
0 0
152 0
363 0
422 0
308 0
63 0
0 0
0 0
0 0
0 0
0 0
0 0
0 0
0 0
150 0
361 0
423 0
309 0
66 0
0 0
0 0
0 0
0 0
0 0
0 0
0 0
0 0
148 0
363 0
423 0
312 0
68 0
0 0
0 0
0 0
0 0
0 0
0 0
0 0
0 0
146 0
359 0
425 0
311 0
70 0
0 0
0 0
0 0
0 0
0 0
0 0
0 0
0 0
145 0
358 0
426 0
313 0
71 0
0 0
0 0
0 0
0 0
0 0
0 0
0 0
0 0
143 0
357 0
424 0
316 0
74 0
0 0
0 0
0 0
0 0
0 0
0 0
0 0
0 0
142 0
356 0
423 0
315 0
77 0
0 0
0 0
0 0
0 0
0 0
0 0
0 0
0 0
139 0
357 0
425 0
316 0
77 0
0 0
0 0
0 0
0 0
0 0
0 0
0 0
0 0
139 0
355 0
427 0
318 0
79 0
0 0
0 0
0 0
0 0
0 0
0 0
0 0
0 0
136 0
353 0
427 0
319 0
82 0
0 0
0 0
0 0
0 0
0 0
0 0
0 0
0 0
134 0
352 0
424 0
322 0
83 0
0 0
0 0
0 0
0 0
0 0
0 0
0 0
0 0
132 0
351 0
425 0
321 0
85 0
0 0
0 0
0 0
0 0
0 0
0 0
0 0
0 0
130 0
352 0
425 0
325 0
86 0
0 0
0 0
0 0
0 0
0 0
0 0
0 0
0 0
128 0
352 0
430 0
324 0
90 0
0 0
0 0
0 0
0 0
0 0
0 0
0 0
0 0
127 0
348 0
428 0
325 0
91 0
0 0
0 0
0 0
0 0
0 0
0 0
0 0
0 0
125 0
349 0
425 0
326 0
92 0
0 0
0 0
0 0
0 0
0 0
0 0
0 0
0 0
123 0
346 0
424 0
327 0
94 0
0 0
0 0
0 0
0 0
0 0
0 0
0 0
0 0
121 0
345 0
425 0
329 0
96 0
0 0
0 0
0 0
0 0
0 0
0 0
0 0
0 0
119 0
343 0
425 0
330 0
98 0
0 0
0 0
0 0
0 0
0 0
0 0
0 0
0 0
118 0
342 0
426 0
331 0
100 0
0 0
0 0
0 0
0 0
0 0
0 0
0 0
5 0
168 0
370 0
420 0
295 0
47 0
0 0
0 0
0 0
0 0
0 0
0 0
0 0
3 0
166 0
371 0
420 0
296 0
49 0
0 0
0 0
0 0
0 0
0 0
0 0
0 0
1 0
165 0
369 0
422 0
298 0
50 0
0 0
0 0
0 0
0 0
0 0
0 0
0 0
0 0
163 0
368 0
422 0
299 0
52 0
0 0
0 0
0 0
0 0
0 0
0 0
0 0
0 0
161 0
367 0
421 0
300 0
54 0
0 0
0 0
0 0
0 0
0 0
0 0
0 0
0 0
159 0
367 0
421 0
302 0
56 0
0 0
0 0
0 0
0 0
0 0
0 0
0 0
0 0
158 0
366 0
422 0
303 0
58 0
0 0
0 0
0 0
0 0
0 0
0 0
0 0
0 0
155 0
364 0
423 0
304 0
60 0
0 0
0 0
0 0
0 0
0 0
0 0
0 0
0 0
154 0
363 0
423 0
307 0
62 0
0 0
0 0
0 0
0 0
0 0
0 0
0 0
0 0
152 0
363 0
422 0
307 0
64 0
0 0
0 0
0 0
0 0
0 0
0 0
0 0
0 0
149 0
362 0
423 0
308 0
66 0
0 0
0 0
0 0
0 0
0 0
0 0
0 0
0 0
148 0
361 0
423 0
310 0
68 0
0 0
0 0
0 0
0 0
0 0
0 0
0 0
0 0
146 0
359 0
423 0
312 0
70 0
0 0
0 0
0 0
0 0
0 0
0 0
0 0
0 0
145 0
359 0
424 0
312 0
71 0
0 0
0 0
0 0
0 0
0 0
0 0
0 0
0 0
143 0
358 0
423 0
314 0
73 0
0 0
0 0
0 0
0 0
0 0
0 0
0 0
0 0
141 0
357 0
423 0
314 0
75 0
0 0
0 0
0 0
0 0
0 0
0 0
0 0
0 0
139 0
356 0
423 0
316 0
77 0
0 0
0 0
0 0
0 0
0 0
0 0
0 0
0 0
137 0
354 0
424 0
318 0
79 0
0 0
0 0
0 0
0 0
0 0
0 0
0 0
0 0
136 0
353 0
424 0
318 0
82 0
0 0
0 0
0 0
0 0
0 0
0 0
0 0
0 0
134 0
352 0
424 0
320 0
83 0
0 0
0 0
0 0
0 0
0 0
0 0
0 0
0 0
132 0
350 0
424 0
320 0
85 0
0 0
0 0
0 0
0 0
0 0
0 0
0 0
0 0
130 0
350 0
424 0
323 0
87 0
0 0
0 0
0 0
0 0
0 0
0 0
0 0
0 0
128 0
349 0
425 0
324 0
89 0
0 0
0 0
0 0
0 0
0 0
0 0
0 0
0 0
127 0
347 0
425 0
325 0
91 0
0 0
0 0
0 0
0 0
0 0
0 0
0 0
0 0
124 0
347 0
424 0
326 0
93 0
0 0
0 0
0 0
0 0
0 0
0 0
0 0
0 0
123 0
345 0
424 0
327 0
95 0
0 0
0 0
0 0
0 0
0 0
0 0
0 0
0 0
122 0
345 0
424 0
329 0
96 0
0 0
0 0
0 0
0 0
0 0
0 0
0 0
0 0
120 0
343 0
425 0
330 0
98 0
0 0
0 0
0 0
0 0
0 0
0 0
0 0
0 0
117 0
342 0
425 0
330 0
99 0
0 0
0 0
0 0
0 0
0 0
0 0
0 0
0 0
116 0
342 0
424 0
332 0
101 0
0 0
0 0
0 0
0 0
0 0
0 0
0 0
3 0
167 0
370 0
420 0
296 0
49 0
0 0
0 0
0 0
0 0
0 0
0 0
0 0
1 0
165 0
369 0
421 0
297 0
50 0
0 0
0 0
0 0
0 0
0 0
0 0
0 0
0 0
163 0
369 0
421 0
298 0
52 0
0 0
0 0
0 0
0 0
0 0
0 0
0 0
0 0
160 0
367 0
421 0
300 0
54 0
0 0
0 0
0 0
0 0
0 0
0 0
0 0
0 0
160 0
367 0
421 0
301 0
56 0
0 0
0 0
0 0
0 0
0 0
0 0
0 0
0 0
158 0
366 0
421 0
303 0
58 0
0 0
0 0
0 0
0 0
0 0
0 0
0 0
0 0
156 0
364 0
423 0
304 0
59 0
0 0
0 0
0 0
0 0
0 0
0 0
0 0
0 0
154 0
364 0
423 0
306 0
62 0
0 0
0 0
0 0
0 0
0 0
0 0
0 0
0 0
153 0
363 0
422 0
307 0
63 0
0 0
0 0
0 0
0 0
0 0
0 0
0 0
0 0
151 0
362 0
422 0
308 0
65 0
0 0
0 0
0 0
0 0
0 0
0 0
0 0
0 0
149 0
361 0
422 0
310 0
67 0
0 0
0 0
0 0
0 0
0 0
0 0
0 0
0 0
147 0
359 0
423 0
311 0
69 0
0 0
0 0
0 0
0 0
0 0
0 0
0 0
0 0
145 0
358 0
423 0
312 0
71 0
0 0
0 0
0 0
0 0
0 0
0 0
0 0
0 0
143 0
358 0
424 0
314 0
73 0
0 0
0 0
0 0
0 0
0 0
0 0
0 0
0 0
140 0
357 0
423 0
315 0
75 0
0 0
0 0
0 0
0 0
0 0
0 0
0 0
0 0
140 0
355 0
423 0
316 0
77 0
0 0
0 0
0 0
0 0
0 0
0 0
0 0
0 0
138 0
353 0
424 0
317 0
79 0
0 0
0 0
0 0
0 0
0 0
0 0
0 0
0 0
136 0
354 0
425 0
318 0
81 0
0 0
0 0
0 0
0 0
0 0
0 0
0 0
0 0
133 0
352 0
423 0
320 0
82 0
0 0
0 0
0 0
0 0
0 0
0 0
0 0
0 0
133 0
352 0
424 0
321 0
85 0
0 0
0 0
0 0
0 0
0 0
0 0
0 0
0 0
130 0
350 0
424 0
322 0
86 0
0 0
0 0
0 0
0 0
0 0
0 0
0 0
0 0
128 0
349 0
425 0
323 0
88 0
0 0
0 0
0 0
0 0
0 0
0 0
0 0
0 0
127 0
347 0
425 0
324 0
90 0
0 0
0 0
0 0
0 0
0 0
0 0
0 0
0 0
125 0
348 0
424 0
328 0
92 0
0 0
0 0
0 0
0 0
0 0
0 0
0 0
0 0
123 0
346 0
424 0
327 0
94 0
0 0
0 0
0 0
0 0
0 0
0 0
0 0
0 0
121 0
345 0
424 0
329 0
96 0
0 0
0 0
0 0
0 0
0 0
0 0
0 0
0 0
120 0
343 0
426 0
329 0
97 0
0 0
0 0
0 0
0 0
0 0
0 0
0 0
0 0
118 0
342 0
425 0
330 0
99 0
0 0
0 0
0 0
0 0
0 0
0 0
0 0
0 0
116 0
342 0
424 0
332 0
101 0
0 0
0 0
0 0
0 0
0 0
0 0
0 0
4 0
167 0
371 0
420 0
296 0
48 0
0 0
0 0
0 0
0 0
0 0
0 0
0 0
2 0
165 0
369 0
421 0
297 0
50 0
0 0
0 0
0 0
0 0
0 0
0 0
0 0
0 0
163 0
368 0
421 0
298 0
52 0
0 0
0 0
0 0
0 0
0 0
0 0
0 0
0 0
162 0
368 0
422 0
300 0
53 0
0 0
0 0
0 0
0 0
0 0
0 0
0 0
0 0
160 0
367 0
421 0
301 0
56 0
0 0
0 0
0 0
0 0
0 0
0 0
0 0
0 0
158 0
366 0
423 0
303 0
58 0
0 0
0 0
0 0
0 0
0 0
0 0
0 0
0 0
156 0
364 0
423 0
304 0
59 0
0 0
0 0
0 0
0 0
0 0
0 0
0 0
0 0
154 0
364 0
422 0
305 0
61 0
0 0
0 0
0 0
0 0
0 0
0 0
0 0
0 0
152 0
362 0
421 0
307 0
63 0
0 0
0 0
0 0
0 0
0 0
0 0
0 0
0 0
151 0
362 0
422 0
308 0
65 0
0 0
0 0
0 0
0 0
0 0
0 0
0 0
0 0
148 0
362 0
423 0
309 0
68 0
0 0
0 0
0 0
0 0
0 0
0 0
0 0
0 0
147 0
359 0
423 0
310 0
69 0
0 0
0 0
0 0
0 0
0 0
0 0
0 0
0 0
145 0
358 0
423 0
311 0
70 0
0 0
0 0
0 0
0 0
0 0
0 0
0 0
0 0
143 0
358 0
423 0
313 0
73 0
0 0
0 0
0 0
0 0
0 0
0 0
0 0
0 0
142 0
357 0
423 0
314 0
75 0
0 0
0 0
0 0
0 0
0 0
0 0
0 0
0 0
140 0
357 0
424 0
316 0
77 0
0 0
0 0
0 0
0 0
0 0
0 0
0 0
0 0
138 0
354 0
424 0
317 0
78 0
0 0
0 0
0 0
0 0
0 0
0 0
0 0
0 0
136 0
353 0
425 0
318 0
80 0
0 0
0 0
0 0
0 0
0 0
0 0
0 0
0 0
134 0
353 0
424 0
320 0
83 0
0 0
0 0
0 0
0 0
0 0
0 0
0 0
0 0
132 0
352 0
423 0
321 0
84 0
0 0
0 0
0 0
0 0
0 0
0 0
0 0
0 0
131 0
351 0
424 0
321 0
87 0
0 0
0 0
0 0
0 0
0 0
0 0
0 0
0 0
129 0
349 0
424 0
323 0
88 0
0 0
0 0
0 0
0 0
0 0
0 0
0 0
0 0
127 0
349 0
425 0
324 0
90 0
0 0
0 0
0 0
0 0
0 0
0 0
0 0
0 0
125 0
347 0
424 0
326 0
91 0
0 0
0 0
0 0
0 0
0 0
0 0
0 0
0 0
124 0
346 0
425 0
327 0
93 0
0 0
0 0
0 0
0 0
0 0
0 0
0 0
0 0
122 0
345 0
425 0
328 0
95 0
0 0
0 0
0 0
0 0
0 0
0 0
0 0
0 0
120 0
343 0
425 0
329 0
97 0
0 0
0 0
0 0
0 0
0 0
0 0
0 0
0 0
118 0
342 0
425 0
331 0
99 0
0 0
0 0
0 0
0 0
0 0
0 0
0 0
0 0
116 0
342 0
424 0
332 0
101 0
0 0
0 0
0 0
0 0
0 0
0 0
0 0
4 0
167 0
371 0
420 0
296 0
48 0
0 0
0 0
0 0
0 0
0 0
0 0
0 0
1 0
165 0
371 0
388 0
0 0
0 0
0 0
0 0
64 0
396 0
249 0
0 0
0 0
0 0
0 0
265 0
390 0
0 0
0 0
0 0
0 0
60 0
395 0
251 0
0 0
0 0
0 0
0 0
262 0
390 0
0 0
0 0
0 0
0 0
57 0
394 0
255 0
0 0
0 0
0 0
0 0
258 0
391 0
0 0
0 0
0 0
0 0
53 0
392 0
258 0
0 0
0 0
0 0
0 0
255 0
394 0
0 0
0 0
0 0
0 0
50 0
390 0
261 0
0 0
0 0
0 0
0 0
252 0
395 0
0 0
0 0
0 0
0 0
45 0
389 0
264 0
0 0
0 0
0 0
0 0
249 0
397 0
0 0
0 0
0 0
0 0
41 0
388 0
267 0
0 0
0 0
0 0
0 0
246 0
397 0
0 0
0 0
0 0
0 0
37 0
386 0
271 0
0 0
0 0
0 0
0 0
243 0
398 0
0 0
0 0
0 0
0 0
34 0
384 0
273 0
0 0
0 0
0 0
0 0
240 0
401 0
0 0
0 0
0 0
0 0
30 0
383 0
276 0
0 0
0 0
0 0
0 0
237 0
402 0
0 0
0 0
0 0
0 0
26 0
381 0
280 0
0 0
0 0
0 0
0 0
235 0
402 0
0 0
0 0
0 0
0 0
23 0
379 0
282 0
0 0
0 0
0 0
0 0
230 0
404 0
0 0
0 0
0 0
0 0
18 0
378 0
285 0
0 1
0 1
0 1
0 1
227 1
405 1
0 1
0 1
0 1
0 1
15 1
376 1
288 1
0 1
0 1
0 1
0 1
224 1
407 1
0 1
0 1
0 1
0 1
11 1
373 1
290 1
0 1
0 1
0 1
0 1
221 1
408 1
0 1
0 1
0 1
0 1
7 1
306 1
363 1
0 1
0 1
0 1
0 1
116 1
424 1
101 1
0 1
0 1
0 1
114 1
425 1
103 1
0 1
0 1
0 1
112 1
425 1
105 1
0 1
0 1
0 1
110 1
425 1
107 1
0 1
0 1
0 1
108 1
424 1
109 1
0 1
0 1
0 1
107 1
425 1
111 1
0 1
0 1
0 1
105 1
424 1
112 1
0 1
0 1
0 1
102 1
425 1
114 1
0 1
0 1
0 1
101 1
426 1
117 1
0 1
0 1
0 1
98 1
408 1
219 1
0 1
0 1
0 1
0 1
291 1
373 1
0 1
0 1
0 1
0 1
94 1
406 1
223 1
0 1
0 1
0 1
0 1
288 1
374 1
0 1
0 1
0 1
0 1
91 1
405 1
227 1
0 1
0 1
0 1
0 1
285 1
377 1
0 1
0 1
0 1
0 1
88 1
404 1
229 1
0 1
0 1
0 1
0 1
282 1
378 1
0 1
0 1
0 1
0 1
85 1
403 1
233 1
0 1
0 1
0 1
0 1
280 1
380 1
0 1
0 1
0 1
0 1
80 1
402 1
235 1
0 1
0 1
0 1
0 1
277 1
381 1
0 1
0 1
0 1
0 1
77 1
400 1
239 1
0 1
0 1
0 1
0 1
274 1
384 1
0 1
0 1
0 1
0 1
73 1
398 1
242 1
0 1
0 1
0 1
0 1
270 1
386 1
0 1
0 1
0 1
0 1
69 1
398 1
245 1
0 1
0 1
0 1
0 1
268 1
387 1
0 1
0 1
0 1
0 1
65 1
396 1
248 1
0 1
0 1
0 1
0 1
265 1
388 1
0 1
0 1
0 1
0 1
61 1
395 1
252 1
0 1
0 1
0 1
0 1
263 1
390 1
0 1
0 1
0 1
0 1
57 1
394 1
254 1
0 1
0 1
0 1
0 1
259 1
391 1
0 1
0 1
0 1
0 1
54 1
393 1
257 1
0 1
0 1
0 1
0 1
255 1
393 1
0 1
0 1
0 1
0 1
50 1
390 1
260 1
0 1
0 1
0 1
0 1
252 1
395 1
0 1
0 1
0 1
0 1
46 1
389 1
264 1
0 1
0 1
0 1
0 1
250 1
396 1
0 1
0 1
0 1
0 1
42 1
388 1
266 1
0 1
0 1
0 1
0 1
247 1
397 1
0 1
0 1
0 1
0 1
38 1
387 1
270 1
0 1
0 1
0 1
0 1
244 1
398 1
0 1
0 1
0 1
0 1
35 1
384 1
273 1
0 1
0 1
0 1
0 1
240 1
402 1
0 1
0 1
0 1
0 1
30 1
384 1
275 1
0 1
0 1
0 1
0 1
237 1
401 1
0 1
0 1
0 1
0 1
26 1
381 1
279 1
0 1
0 1
0 1
0 1
235 1
402 1
0 1
0 1
0 1
0 1
22 1
381 1
281 1
0 1
0 1
0 1
0 1
231 1
404 1
0 1
0 1
0 1
0 1
17 1
381 1
285 1
0 1
0 1
0 1
0 1
228 1
406 1
0 1
0 1
0 1
0 1
15 1
376 1
287 1
0 1
0 1
0 1
0 1
225 1
408 1
0 1
0 1
0 1
0 1
12 1
377 1
290 1
0 1
0 1
0 1
0 1
222 1
407 1
0 1
0 1
0 1
0 1
8 1
308 1
366 1
0 1
0 1
0 1
0 1
117 1
426 1
100 1
0 1
0 1
0 1
115 1
426 1
103 1
0 1
0 1
0 1
113 1
425 1
104 1
0 1
0 1
0 1
111 1
428 1
107 1
0 1
0 1
0 1
109 1
425 1
109 1
0 1
0 1
0 1
107 1
425 1
110 1
0 1
0 1
0 1
105 1
426 1
112 1
0 1
0 1
0 1
103 1
425 1
114 1
0 1
0 1
0 1
102 1
425 1
116 1
0 1
0 1
0 1
99 1
410 1
220 1
0 1
0 1
0 1
0 1
292 1
373 1
0 1
0 1
0 1
0 1
96 1
407 1
223 1
0 1
0 1
0 1
0 1
289 1
375 1
0 1
0 1
0 1
0 1
93 1
407 1
226 1
0 1
0 1
0 1
0 1
286 1
379 1
0 1
0 1
0 1
0 1
89 1
404 1
230 1
0 1
0 1
0 1
0 1
284 1
379 1
0 1
0 1
0 1
0 1
85 1
403 1
234 1
0 1
0 1
0 1
0 1
280 1
380 1
0 1
0 1
0 1
0 1
81 1
405 1
235 1
0 1
0 1
0 1
0 1
277 1
381 1
0 1
0 1
0 1
0 1
77 1
401 1
239 1
0 1
0 1
0 1
0 1
274 1
383 1
0 1
0 1
0 1
0 1
73 1
399 1
241 1
0 1
0 1
0 1
0 1
272 1
386 1
0 1
0 1
0 1
0 1
69 1
399 1
244 1
0 1
0 1
0 1
0 1
269 1
387 1
0 1
0 1
0 1
0 1
66 1
396 1
248 1
0 1
0 1
0 1
0 1
266 1
388 1
0 1
0 1
0 1
0 1
62 1
396 1
252 1
0 1
0 1
0 1
0 1
262 1
389 1
0 1
0 1
0 1
0 1
58 1
394 1
253 1
0 1
0 1
0 1
0 1
260 1
391 1
0 1
0 1
0 1
0 1
54 1
392 1
257 1
0 1
0 1
0 1
0 1
257 1
394 1
0 1
0 1
0 1
0 1
51 1
391 1
260 1
0 1
0 1
0 1
0 1
254 1
394 1
0 1
0 1
0 1
0 1
47 1
389 1
263 1
0 1
0 1
0 1
0 1
251 1
395 1
0 1
0 1
0 1
0 1
42 1
389 1
267 1
0 1
0 1
0 1
0 1
248 1
396 1
0 1
0 1
0 1
0 1
40 1
386 1
269 1
0 1
0 1
0 1
0 1
244 1
398 1
0 1
0 1
0 1
0 1
36 1
385 1
273 1
0 1
0 1
0 1
0 1
241 1
400 1
0 1
0 1
0 1
0 1
32 1
383 1
274 1
0 1
0 1
0 1
0 1
238 1
401 1
0 1
0 1
0 1
0 1
27 1
381 1
278 1
0 1
0 1
0 1
0 1
235 1
401 1
0 1
0 1
0 1
0 1
24 1
380 1
280 1
0 1
0 1
0 1
0 1
232 1
403 1
0 1
0 1
0 1
0 1
20 1
378 1
284 1
0 1
0 1
0 1
0 1
228 1
404 1
0 1
0 1
0 1
0 1
16 1
376 1
286 1
0 1
0 1
0 1
0 1
226 1
406 1
0 1
0 1
0 1
0 1
13 1
375 1
289 1
0 1
0 1
0 1
0 1
222 1
407 1
0 1
0 1
0 1
0 1
9 1
308 1
363 1
0 1
0 1
0 1
0 1
117 1
425 1
100 1
0 1
0 1
0 1
115 1
425 1
102 1
0 1
0 1
0 1
113 1
424 1
103 1
0 1
0 1
0 1
111 1
424 1
105 1
0 1
0 1
0 1
110 1
424 1
108 1
0 1
0 1
0 1
109 1
425 1
109 1
0 1
0 1
0 1
106 1
425 1
111 1
0 1
0 1
0 1
104 1
424 1
113 1
0 1
0 1
0 1
103 1
425 1
115 1
0 1
0 1
0 1
100 1
425 1
117 1
0 1
0 1
0 1
98 1
408 1
221 1
0 1
0 1
0 1
0 1
290 1
374 1
0 1
0 1
0 1
0 1
95 1
407 1
224 1
0 1
0 1
0 1
0 1
289 1
376 1
0 1
0 1
0 1
0 1
91 1
406 1
228 1
0 1
0 1
0 1
0 1
285 1
378 1
0 1
0 1
0 1
0 1
88 1
404 1
231 1
0 1
0 1
0 1
0 1
283 1
379 1
0 1
0 1
0 1
0 1
83 1
403 1
233 1
0 1
0 1
0 1
0 1
281 1
380 1
0 1
0 1
0 1
0 1
80 1
402 1
236 1
0 1
0 1
0 1
0 1
277 1
382 1
0 1
0 1
0 1
0 1
77 1
401 1
239 1
0 1
0 1
0 1
0 1
273 1
384 1
0 1
0 1
0 1
0 1
73 1
399 1
242 1
0 1
0 1
0 1
0 1
271 1
386 1
0 1
0 1
0 1
0 1
69 1
397 1
246 1
0 1
0 1
0 1
0 1
268 1
388 1
0 1
0 1
0 1
0 1
65 1
396 1
249 1
0 1
0 1
0 1
0 1
266 1
389 1
0 1
0 1
0 1
0 1
60 1
395 1
252 1
0 1
0 1
0 1
0 1
262 1
391 1
0 1
0 1
0 1
0 1
57 1
393 1
254 1
0 1
0 1
0 1
0 1
258 1
392 1
0 1
0 1
0 1
0 1
53 1
393 1
257 1
0 1
0 1
0 1
0 1
255 1
393 1
0 1
0 1
0 1
0 1
49 1
390 1
261 1
0 1
0 1
0 1
0 1
253 1
395 1
0 1
0 1
0 1
0 1
45 1
388 1
263 1
0 1
0 1
0 1
0 1
249 1
396 1
0 1
0 1
0 1
0 1
41 1
388 1
267 1
0 1
0 1
0 1
0 1
247 1
397 1
0 1
0 1
0 1
0 1
38 1
385 1
271 1
0 1
0 1
0 1
0 1
243 1
398 1
0 1
0 1
0 1
0 1
34 1
385 1
273 1
0 1
0 1
0 1
0 1
240 1
400 1
0 1
0 1
0 1
0 1
30 1
383 1
276 1
0 1
0 1
0 1
0 1
237 1
401 1
0 1
0 1
0 1
0 1
27 1
381 1
279 1
0 1
0 1
0 1
0 1
234 1
402 1
0 1
0 1
0 1
0 1
23 1
380 1
282 1
0 1
0 1
0 1
0 1
231 1
403 1
0 1
0 1
0 1
0 1
19 1
379 1
285 1
0 1
0 1
0 1
0 1
228 1
405 1
0 1
0 1
0 1
0 1
14 1
376 1
287 1
0 1
0 1
0 1
0 1
225 1
406 1
0 1
0 1
0 1
0 1
11 1
373 1
290 1
0 1
0 1
0 1
0 1
222 1
408 1
0 1
0 1
0 1
0 1
7 1
306 1
363 1
0 1
0 1
0 1
0 1
116 1
425 1
101 1
0 1
0 1
0 1
114 1
425 1
103 1
0 1
0 1
0 1
111 1
425 1
105 1
0 1
0 1
0 1
110 1
424 1
107 1
0 1
0 1
0 1
108 1
424 1
109 1
0 1
0 1
0 1
106 1
425 1
110 1
0 1
0 1
0 1
105 1
424 1
112 1
0 1
0 1
0 1
103 1
425 1
114 1
0 1
0 1
0 1
101 1
425 1
116 1
0 1
0 1
0 1
98 1
407 1
220 1
0 1
0 1
0 1
0 1
291 1
374 1
0 1
0 1
0 1
0 1
95 1
406 1
223 1
0 1
0 1
0 1
0 1
288 1
375 1
0 1
0 1
0 1
0 1
91 1
406 1
227 1
0 1
0 1
0 1
0 1
285 1
377 1
0 1
0 1
0 1
0 1
88 1
404 1
230 1
0 1
0 1
0 1
0 1
283 1
378 1
0 1
0 1
0 1
0 1
84 1
404 1
233 1
0 1
0 1
0 1
0 1
280 1
380 1
0 1
0 1
0 1
0 1
80 1
402 1
235 1
0 1
0 1
0 1
0 1
277 1
382 1
0 1
0 1
0 1
0 1
77 1
400 1
239 1
0 1
0 1
0 1
0 1
274 1
384 1
0 1
0 1
0 1
0 1
73 1
399 1
241 1
0 1
0 1
0 1
0 1
271 1
386 1
0 1
0 1
0 1
0 1
69 1
398 1
245 1
0 1
0 1
0 1
0 1
269 1
386 1
0 1
0 1
0 1
0 1
65 1
397 1
249 1
0 1
0 1
0 1
0 1
266 1
388 1
0 1
0 1
0 1
0 1
61 1
395 1
252 1
0 1
0 1
0 1
0 1
262 1
389 1
0 1
0 1
0 1
0 1
58 1
394 1
253 1
0 1
0 1
0 1
0 1
259 1
392 1
0 1
0 1
0 1
0 1
54 1
392 1
257 1
0 1
0 1
0 1
0 1
256 1
393 1
0 1
0 1
0 1
0 1
51 1
390 1
261 1
0 1
0 1
0 1
0 1
253 1
395 1
0 1
0 1
0 1
0 1
47 1
390 1
263 1
0 1
0 1
0 1
0 1
249 1
395 1
0 1
0 1
0 1
0 1
43 1
388 1
266 1
0 1
0 1
0 1
0 1
247 1
397 1
0 1
0 1
0 1
0 1
38 1
386 1
269 1
0 1
0 1
0 1
0 1
244 1
399 1
0 1
0 1
0 1
0 1
34 1
385 1
272 1
0 1
0 1
0 1
0 1
241 1
400 1
0 1
0 1
0 1
0 1
31 1
383 1
275 1
0 1
0 1
0 1
0 1
238 1
401 1
0 1
0 1
0 1
0 1
29 1
382 1
278 1
0 1
0 1
0 1
0 1
235 1
402 1
0 1
0 1
0 1
0 1
23 1
382 1
281 1
0 1
0 1
0 1
0 1
232 1
404 1
0 1
0 1
0 1
0 1
22 1
379 1
284 1
0 1
0 1
0 1
0 1
228 1
407 1
0 1
0 1
0 1
0 1
15 1
377 1
287 1
0 1
0 1
0 1
0 1
226 1
409 1
0 1
0 1
0 1
0 1
13 1
375 1
291 1
0 1
0 1
0 1
0 1
224 1
407 1
0 1
0 1
0 1
0 1
8 1
309 1
363 1
0 1
0 1
0 1
0 1
118 1
427 1
100 1
0 1
0 1
0 1
116 1
426 1
103 1
0 1
0 1
0 1
112 1
425 1
104 1
0 1
0 1
0 1
112 1
425 1
106 1
0 1
0 1
0 1
111 1
425 1
108 1
0 1
0 1
0 1
107 1
425 1
110 1
0 1
0 1
0 1
105 1
426 1
111 1
0 1
0 1
0 1
103 1
425 1
114 1
0 1
0 1
0 1
102 1
425 1
117 1
0 1
0 1
0 1
100 1
427 1
117 1
0 1
0 1
0 1
98 1
410 1
222 1
0 1
0 1
0 1
0 1
291 1
376 1
0 1
0 1
0 1
0 1
95 1
407 1
224 1
0 1
0 1
0 1
0 1
289 1
378 1
0 1
0 1
0 1
0 1
91 1
405 1
228 1
0 1
0 1
0 1
0 1
288 1
380 1
0 1
0 1
0 1
0 1
88 1
404 1
231 1
0 1
0 1
0 1
0 1
283 1
379 1
0 1
0 1
0 1
0 1
83 1
403 1
233 1
0 1
0 1
0 1
0 1
279 1
380 1
0 1
0 1
0 1
0 1
80 1
402 1
236 1
0 1
0 1
0 1
0 1
276 1
382 1
0 1
0 1
0 1
0 1
75 1
400 1
239 1
0 1
0 1
0 1
0 1
273 1
385 1
0 1
0 1
0 1
0 1
73 1
399 1
243 1
0 1
0 1
0 1
0 1
272 1
386 1
0 1
0 1
0 1
0 1
68 1
397 1
247 1
0 1
0 1
0 1
0 1
267 1
387 1
0 1
0 1
0 1
0 1
64 1
398 1
249 1
0 1
0 1
0 1
0 1
264 1
389 1
0 1
0 1
0 1
0 1
60 1
394 1
252 1
0 1
0 1
0 1
0 1
262 1
391 1
0 1
0 1
0 1
0 1
58 1
395 1
255 1
0 1
0 1
0 1
0 1
259 1
394 1
0 1
0 1
0 1
0 1
53 1
392 1
258 1
0 1
0 1
0 1
0 1
256 1
393 1
0 1
0 1
0 1
0 1
49 1
390 1
261 1
0 1
0 1
0 1
0 1
253 1
394 1
0 1
0 1
0 1
0 1
45 1
389 1
264 1
0 1
0 1
0 1
0 1
249 1
396 1
0 1
0 1
0 1
0 1
42 1
388 1
267 1
0 1
0 1
0 1
0 1
247 1
398 1
0 1
0 1
0 1
0 1
38 1
387 1
270 1
0 1
0 1
0 1
0 1
243 1
400 1
0 1
0 1
0 1
0 1
34 1
384 1
273 1
0 1
0 1
0 1
0 1
240 1
401 1
0 1
0 1
0 1
0 1
30 1
382 1
276 1
0 1
0 1
0 1
0 1
237 1
402 1
0 1
0 1
0 1
0 1
27 1
381 1
280 1
0 1
0 1
0 1
0 1
234 1
402 1
0 1
0 1
0 1
0 1
23 1
379 1
282 1
0 1
0 1
0 1
0 1
231 1
403 1
0 1
0 1
0 1
0 1
18 1
378 1
285 1
0 1
0 1
0 1
0 1
227 1
406 1
0 1
0 1
0 1
0 1
15 1
376 1
287 1
0 1
0 1
0 1
0 1
224 1
406 1
0 1
0 1
0 1
0 1
12 1
374 1
291 1
0 1
0 1
0 1
0 1
221 1
407 1
0 1
0 1
0 1
0 1
8 1
306 1
363 1
0 1
0 1
0 1
0 1
116 1
425 1
102 1
0 1
0 1
0 1
115 1
425 1
104 1
0 1
0 1
0 1
112 1
424 1
105 1
0 1
0 1
0 1
110 1
424 1
107 1
0 1
0 1
0 1
108 1
424 1
109 1
0 1
0 1
0 1
106 1
425 1
110 1
0 1
0 1
0 1
105 1
424 1
113 1
0 1
0 1
0 1
103 1
425 1
115 1
0 1
0 1
0 1
102 1
425 1
116 1
0 1
0 1
0 1
99 1
408 1
220 1
0 1
0 1
0 1
0 1
291 1
373 1
0 1
0 1
0 1
0 1
95 1
406 1
224 1
0 1
0 1
0 1
0 1
288 1
375 1
0 1
0 1
0 1
0 1
92 1
405 1
226 1
0 1
0 1
0 1
0 1
286 1
378 1
0 1
0 1
0 1
0 1
88 1
403 1
230 1
0 1
0 1
0 1
0 1
282 1
378 1
0 1
0 1
0 1
0 1
84 1
404 1
233 1
0 1
0 1
0 1
0 1
279 1
380 1
0 1
0 1
0 1
0 1
80 1
401 1
236 1
0 1
0 1
0 1
0 1
277 1
381 1
0 1
0 1
0 1
0 1
76 1
401 1
239 1
0 1
0 1
0 1
0 1
274 1
384 1
0 1
0 1
0 1
0 1
73 1
398 1
243 1
0 1
0 1
0 1
0 1
271 1
385 1
0 1
0 1
0 1
0 1
69 1
397 1
246 1
0 1
0 1
0 1
0 1
268 1
386 1
0 1
0 1
0 1
0 1
65 1
397 1
248 1
0 1
0 1
0 1
0 1
265 1
388 1
0 1
0 1
0 1
0 1
61 1
394 1
252 1
0 1
0 1
0 1
0 1
262 1
390 1
0 1
0 1
0 1
0 1
57 1
393 1
254 1
0 1
0 1
0 1
0 1
259 1
392 1
0 1
0 1
0 1
0 1
53 1
391 1
258 1
0 1
0 1
0 1
0 1
256 1
393 1
0 1
0 1
0 1
0 1
50 1
390 1
261 1
0 1
0 1
0 1
0 1
253 1
394 1
0 1
0 1
0 1
0 1
46 1
391 1
264 1
0 1
0 1
0 1
0 1
249 1
396 1
0 1
0 1
0 1
0 1
42 1
388 1
266 1
0 1
0 1
0 1
0 1
246 1
397 1
0 1
0 1
0 1
0 1
38 1
386 1
269 1
0 1
0 1
0 1
0 1
243 1
398 1
0 1
0 1
0 1
0 1
35 1
384 1
273 1
0 1
0 1
0 1
0 1
241 1
400 1
0 1
0 1
0 1
0 1
31 1
382 1
276 1
0 1
0 1
0 1
0 1
237 1
401 1
0 1
0 1
0 1
0 1
27 1
382 1
279 1
0 1
0 1
0 1
0 1
235 1
402 1
0 1
0 1
0 1
0 1
23 1
379 1
281 1
0 1
0 1
0 1
0 1
231 1
403 1
0 1
0 1
0 1
0 1
20 1
379 1
285 1
0 1
0 1
0 1
0 1
228 1
405 1
0 1
0 1
0 1
0 1
15 1
376 1
287 1
0 1
0 1
0 1
0 1
225 1
405 1
0 1
0 1
0 1
0 1
12 1
374 1
291 1
0 1
0 1
0 1
0 1
222 1
407 1
0 1
0 1
0 1
0 1
7 1
307 1
362 1
0 1
0 1
0 1
0 1
116 1
424 1
100 1
0 1
0 1
0 1
115 1
424 1
102 1
0 1
0 1
0 1
113 1
424 1
104 1
0 1
0 1
0 1
111 1
426 1
107 1
0 1
0 1
0 1
110 1
424 1
108 1
0 1
0 1
0 1
107 1
424 1
109 1
0 1
0 1
0 1
105 1
424 1
112 1
0 1
0 1
0 1
103 1
426 1
114 1
0 1
0 1
0 1
101 1
425 1
115 1
0 1
0 1
0 1
99 1
408 1
219 1
0 1
0 1
0 1
0 1
291 1
373 1
0 1
0 1
0 1
0 1
96 1
407 1
222 1
0 1
0 1
0 1
0 1
289 1
375 1
0 1
0 1
0 1
0 1
92 1
405 1
226 1
0 1
0 1
0 1
0 1
286 1
377 1
0 1
0 1
0 1
0 1
89 1
405 1
229 1
0 1
0 1
0 1
0 1
283 1
378 1
0 1
0 1
0 1
0 1
84 1
403 1
232 1
0 1
0 1
0 1
0 1
280 1
380 1
0 1
0 1
0 1
0 1
81 1
401 1
236 1
0 1
0 1
0 1
0 1
277 1
381 1
0 1
0 1
0 1
0 1
78 1
401 1
238 1
0 1
0 1
0 1
0 1
274 1
384 1
0 1
0 1
0 1
0 1
74 1
399 1
242 1
0 1
0 1
0 1
0 1
272 1
385 1
0 1
0 1
0 1
0 1
70 1
397 1
245 1
0 1
0 1
0 1
0 1
269 1
387 1
0 1
0 1
0 1
0 1
65 1
397 1
248 1
0 1
0 1
0 1
0 1
265 1
388 1
0 1
0 1
0 1
0 1
62 1
394 1
251 1
0 1
0 1
0 1
0 1
262 1
389 1
0 1
0 1
0 1
0 1
58 1
394 1
253 1
0 1
0 1
0 1
0 1
259 1
393 1
0 1
0 1
0 1
0 1
54 1
392 1
257 1
0 1
0 1
0 1
0 1
257 1
392 1
0 1
0 1
0 1
0 1
50 1
390 1
261 1
0 1
0 1
0 1
0 1
254 1
394 1
0 1
0 1
0 1
0 1
47 1
390 1
262 1
0 1
0 1
0 1
0 1
250 1
396 1
0 1
0 1
0 1
0 1
43 1
387 1
266 1
0 1
0 1
0 1
0 1
247 1
396 1
0 1
0 1
0 1
0 1
38 1
387 1
268 1
0 1
0 1
0 1
0 1
244 1
399 1
0 1
0 1
0 1
0 1
35 1
384 1
272 1
0 1
0 1
0 1
0 1
241 1
399 1
0 1
0 1
0 1
0 1
31 1
383 1
275 1
0 1
0 1
0 1
0 1
239 1
401 1
0 1
0 1
0 1
0 1
28 1
382 1
278 1
0 1
0 1
0 1
0 1
235 1
401 1
0 1
0 1
0 1
0 1
24 1
381 1
281 1
0 1
0 1
0 1
0 1
232 1
403 1
0 1
0 1
0 1
0 1
20 1
378 1
283 1
0 1
0 1
0 1
0 1
229 1
406 1
0 1
0 1
0 1
0 1
17 1
376 1
287 1
0 1
0 1
0 1
0 1
225 1
406 1
0 1
0 1
0 1
0 1
12 1
374 1
290 1
0 1
0 1
0 1
0 1
222 1
408 1
0 1
0 1
0 1
0 1
9 1
308 1
362 1
0 1
0 1
0 1
0 1
117 1
424 1
100 1
0 1
0 1
0 1
115 1
425 1
103 1
0 1
0 1
0 1
114 1
424 1
104 1
0 1
0 1
0 1
111 1
424 1
106 1
0 1
0 1
0 1
111 1
424 1
107 1
0 1
0 1
0 1
108 1
424 1
110 1
0 1
0 1
0 1
106 1
425 1
111 1
0 1
0 1
0 1
104 1
424 1
113 1
0 1
0 1
0 1
103 1
425 1
115 1
0 1
0 1
0 1
100 1
425 1
116 1
0 1
0 1
0 1
98 1
408 1
221 1
0 1
0 1
0 1
0 1
291 1
374 1
0 1
0 1
0 1
0 1
95 1
407 1
224 1
0 1
0 1
0 1
0 1
290 1
377 1
0 1
0 1
0 1
0 1
91 1
405 1
228 1
0 1
0 1
0 1
0 1
285 1
377 1
0 1
0 1
0 1
0 1
87 1
406 1
231 1
0 1
0 1
0 1
0 1
282 1
379 1
0 1
0 1
0 1
0 1
84 1
403 1
234 1
0 1
0 1
0 1
0 1
279 1
381 1
0 1
0 1
0 1
0 1
81 1
403 1
237 1
0 1
0 1
0 1
0 1
277 1
385 1
0 1
0 1
0 1
0 1
77 1
401 1
241 1
0 1
0 1
0 1
0 1
275 1
384 1
0 1
0 1
0 1
0 1
72 1
399 1
244 1
0 1
0 1
0 1
0 1
272 1
386 1
0 1
0 1
0 1
0 1
68 1
401 1
246 1
0 1
0 1
0 1
0 1
268 1
387 1
0 1
0 1
0 1
0 1
66 1
396 1
250 1
0 1
0 1
0 1
0 1
264 1
389 1
0 1
0 1
0 1
0 1
61 1
395 1
252 1
0 1
0 1
0 1
0 1
262 1
392 1
0 1
0 1
0 1
0 1
57 1
394 1
255 1
0 1
0 1
0 1
0 1
260 1
393 1
0 1
0 1
0 1
0 1
53 1
392 1
259 1
0 1
0 1
0 1
0 1
257 1
393 1
0 1
0 1
0 1
0 1
49 1
393 1
262 1
0 1
0 1
0 1
0 1
253 1
395 1
0 1
0 1
0 1
0 1
44 1
389 1
264 1
0 1
0 1
0 1
0 1
249 1
397 1
0 1
0 1
0 1
0 1
42 1
388 1
267 1
0 1
0 1
0 1
0 1
246 1
399 1
0 1
0 1
0 1
0 1
38 1
387 1
270 1
0 1
0 1
0 1
0 1
244 1
399 1
0 1
0 1
0 1
0 1
34 1
384 1
273 1
0 1
0 1
0 1
0 1
241 1
400 1
0 1
0 1
0 1
0 1
30 1
384 1
275 1
0 1
0 1
0 1
0 1
237 1
401 1
0 1
0 1
0 1
0 1
27 1
380 1
279 1
0 1
0 1
0 1
0 1
234 1
402 1
0 1
0 1
0 1
0 1
23 1
380 1
281 1
0 1
0 1
0 1
0 1
231 1
404 1
0 1
0 1
0 1
0 1
19 1
378 1
284 1
0 1
0 1
0 1
0 1
228 1
405 1
0 1
0 1
0 1
0 1
15 1
378 1
288 1
0 1
0 1
0 1
0 1
225 1
406 1
0 1
0 1
0 1
0 1
11 1
375 1
290 1
0 1
0 1
0 1
0 1
221 1
407 1
0 1
0 1
0 1
0 1
7 1
307 1
362 1
0 1
0 1
0 1
0 1
116 1
424 1
101 1
0 1
0 1
0 1
114 1
425 1
103 1
0 1
0 1
0 1
112 1
424 1
105 1
0 1
0 1
0 1
110 1
424 1
107 1
0 1
0 1
0 1
108 1
424 1
109 1
0 1
0 1
0 1
107 1
427 1
110 1
0 1
0 1
0 1
105 1
425 1
112 1
0 1
0 1
0 1
103 1
425 1
114 1
0 1
0 1
0 1
101 1
425 1
116 1
0 1
0 1
0 1
99 1
408 1
220 1
0 1
0 1
0 1
0 1
292 1
372 1
0 1
0 1
0 1
0 1
96 1
407 1
223 1
0 1
0 1
0 1
0 1
289 1
375 1
0 1
0 1
0 1
0 1
92 1
406 1
226 1
0 1
0 1
0 1
0 1
286 1
376 1
0 1
0 1
0 1
0 1
88 1
405 1
230 1
0 1
0 1
0 1
0 1
283 1
378 1
0 1
0 1
0 1
0 1
85 1
403 1
233 1
0 1
0 1
0 1
0 1
279 1
381 1
0 1
0 1
0 1
0 1
81 1
403 1
235 1
0 1
0 1
0 1
0 1
277 1
382 1
0 1
0 1
0 1
0 1
76 1
401 1
239 1
0 1
0 1
0 1
0 1
275 1
383 1
0 1
0 1
0 1
0 1
73 1
399 1
242 1
0 1
0 1
0 1
0 1
271 1
384 1
0 1
0 1
0 1
0 1
69 1
398 1
245 1
0 1
0 1
0 1
0 1
268 1
386 1
0 1
0 1
0 1
0 1
65 1
396 1
248 1
0 1
0 1
0 1
0 1
265 1
388 1
0 1
0 1
0 1
0 1
61 1
395 1
251 1
0 1
0 1
0 1
0 1
262 1
390 1
0 1
0 1
0 1
0 1
58 1
393 1
254 1
0 1
0 1
0 1
0 1
260 1
391 1
0 1
0 1
0 1
0 1
54 1
392 1
258 1
0 1
0 1
0 1
0 1
257 1
394 1
0 1
0 1
0 1
0 1
50 1
392 1
260 1
0 1
0 1
0 1
0 1
253 1
394 1
0 1
0 1
0 1
0 1
47 1
389 1
263 1
0 1
0 1
0 1
0 1
250 1
396 1
0 1
0 1
0 1
0 1
44 1
388 1
266 1
0 1
0 1
0 1
0 1
247 1
398 1
0 1
0 1
0 1
0 1
38 1
386 1
270 1
0 1
0 1
0 1
0 1
245 1
399 1
0 1
0 1
0 1
0 1
35 1
384 1
273 1
0 1
0 1
0 1
0 1
241 1
400 1
0 1
0 1
0 1
0 1
32 1
384 1
274 1
0 1
0 1
0 1
0 1
238 1
401 1
0 1
0 1
0 1
0 1
27 1
381 1
278 1
0 1
0 1
0 1
0 1
235 1
402 1
0 1
0 1
0 1
0 1
24 1
380 1
281 1
0 1
0 1
0 1
0 1
231 1
404 1
0 1
0 1
0 1
0 1
21 1
378 1
284 1
0 1
0 1
0 1
0 1
228 1
405 1
0 1
0 1
0 1
0 1
17 1
376 1
287 1
0 1
0 1
0 1
0 1
225 1
405 1
0 1
0 1
0 1
0 1
11 1
376 1
289 1
0 1
0 1
0 1
0 1
222 1
406 1
0 1
0 1
0 1
0 1
8 1
307 1
362 1
0 1
0 1
0 1
0 1
116 1
424 1
100 1
0 1
0 1
0 1
116 1
425 1
102 1
0 1
0 1
0 1
113 1
424 1
104 1
0 1
0 1
0 1
111 1
424 1
106 1
0 1
0 1
0 1
109 1
424 1
107 1
0 1
0 1
0 1
107 1
426 1
110 1
0 1
0 1
0 1
105 1
426 1
111 1
0 1
0 1
0 1
104 1
426 1
113 1
0 1
0 1
0 1
102 1
425 1
115 1
0 1
0 1
0 1
101 1
424 1
117 1
0 1
0 1
0 1
98 1
408 1
220 1
0 1
0 1
0 1
0 1
291 1
374 1
0 1
0 1
0 1
0 1
94 1
406 1
223 1
0 1
0 1
0 1
0 1
288 1
375 1
0 1
0 1
0 1
0 1
90 1
405 1
227 1
0 1
0 1
0 1
0 1
285 1
377 1
0 1
0 1
0 1
0 1
87 1
404 1
230 1
0 1
0 1
0 1
0 1
282 1
378 1
0 1
0 1
0 1
0 1
84 1
402 1
234 1
0 1
0 1
0 1
0 1
279 1
381 1
0 1
0 1
0 1
0 1
79 1
401 1
236 1
0 1
0 1
0 1
0 1
276 1
383 1
0 1
0 1
0 1
0 1
76 1
399 1
240 1
0 1
0 1
0 1
0 1
275 1
384 1
0 1
0 1
0 1
0 1
72 1
399 1
243 1
0 1
0 1
0 1
0 1
271 1
385 1
0 1
0 1
0 1
0 1
67 1
398 1
245 1
0 1
0 1
0 1
0 1
267 1
387 1
0 1
0 1
0 1
0 1
64 1
396 1
249 1
0 1
0 1
0 1
0 1
264 1
389 1
0 1
0 1
0 1
0 1
61 1
394 1
252 1
0 1
0 1
0 1
0 1
262 1
390 1
0 1
0 1
0 1
0 1
57 1
393 1
255 1
0 1
0 1
0 1
0 1
259 1
392 1
0 1
0 1
0 1
0 1
53 1
393 1
258 1
0 1
0 1
0 1
0 1
256 1
393 1
0 1
0 1
0 1
0 1
49 1
390 1
261 1
0 1
0 1
0 1
0 1
252 1
394 1
0 1
0 1
0 1
0 1
45 1
388 1
264 1
0 1
0 1
0 1
0 1
249 1
397 1
0 1
0 1
0 1
0 1
42 1
388 1
267 1
0 1
0 1
0 1
0 1
246 1
397 1
0 1
0 1
0 1
0 1
37 1
385 1
270 1
0 1
0 1
0 1
0 1
243 1
399 1
0 1
0 1
0 1
0 1
34 1
384 1
273 1
0 1
0 1
0 1
0 1
240 1
400 1
0 1
0 1
0 1
0 1
30 1
383 1
276 1
0 1
0 1
0 1
0 1
236 1
401 1
0 1
0 1
0 1
0 1
25 1
380 1
279 1
0 1
0 1
0 1
0 1
234 1
403 1
0 1
0 1
0 1
0 1
22 1
379 1
282 1
0 1
0 1
0 1
0 1
230 1
405 1
0 1
0 1
0 1
0 1
18 1
377 1
286 1
0 1
0 1
0 1
0 1
227 1
405 1
0 1
0 1
0 1
0 1
14 1
376 1
288 1
0 1
0 1
0 1
0 1
224 1
405 1
0 1
0 1
0 1
0 1
10 1
375 1
290 1
0 1
0 1
0 1
0 1
221 1
407 1
0 1
0 1
0 1
0 1
7 1
306 1
363 1
0 1
0 1
0 1
0 1
115 1
426 1
101 1
0 1
0 1
0 1
113 1
424 1
104 1
0 1
0 1
0 1
112 1
425 1
106 1
0 1
0 1
0 1
109 1
424 1
106 1
0 1
0 1
0 1
108 1
424 1
109 1
0 1
0 1
0 1
106 1
426 1
111 1
0 1
0 1
0 1
105 1
425 1
113 1
0 1
0 1
0 1
102 1
425 1
114 1
0 1
0 1
0 1
101 1
424 1
116 1
0 1
0 1
0 1
99 1
408 1
221 1
0 1
0 1
0 1
0 1
291 1
373 1
0 1
0 1
0 1
0 1
95 1
406 1
223 1
0 1
0 1
0 1
0 1
289 1
375 1
0 1
0 1
0 1
0 1
91 1
406 1
226 1
0 1
0 1
0 1
0 1
286 1
377 1
0 1
0 1
0 1
0 1
88 1
403 1
231 1
0 1
0 1
0 1
0 1
282 1
378 1
0 1
0 1
0 1
0 1
84 1
402 1
233 1
0 1
0 1
0 1
0 1
280 1
382 1
0 1
0 1
0 1
0 1
80 1
402 1
236 1
0 1
0 1
0 1
0 1
277 1
382 1
0 1
0 1
0 1
0 1
77 1
400 1
240 1
0 1
0 1
0 1
0 1
275 1
383 1
0 1
0 1
0 1
0 1
73 1
400 1
242 1
0 1
0 1
0 1
0 1
271 1
385 1
0 1
0 1
0 1
0 1
69 1
398 1
245 1
0 1
0 1
0 1
0 1
269 1
386 1
0 1
0 1
0 1
0 1
64 1
397 1
248 1
0 1
0 1
0 1
0 1
265 1
389 1
0 1
0 1
0 1
0 1
61 1
395 1
251 1
0 1
0 1
0 1
0 1
263 1
390 1
0 1
0 1
0 1
0 1
58 1
394 1
255 1
0 1
0 1
0 1
0 1
259 1
391 1
0 1
0 1
0 1
0 1
53 1
392 1
256 1
0 1
0 1
0 1
0 1
256 1
393 1
0 1
0 1
0 1
0 1
50 1
390 1
261 1
0 1
0 1
0 1
0 1
253 1
394 1
0 1
0 1
0 1
0 1
46 1
390 1
263 1
0 1
0 1
0 1
0 1
250 1
398 1
0 1
0 1
0 1
0 1
43 1
387 1
267 1
0 1
0 1
0 1
0 1
247 1
397 1
0 1
0 1
0 1
0 1
38 1
386 1
270 1
0 1
0 1
0 1
0 1
244 1
399 1
0 1
0 1
0 1
0 1
35 1
385 1
272 1
0 1
0 1
0 1
0 1
240 1
399 1
0 1
0 1
0 1
0 1
31 1
382 1
276 1
0 1
0 1
0 1
0 1
238 1
401 1
0 1
0 1
0 1
0 1
27 1
381 1
278 1
0 1
0 1
0 1
0 1
234 1
403 1
0 1
0 1
0 1
0 1
23 1
381 1
281 1
0 1
0 1
0 1
0 1
231 1
404 1
0 1
0 1
0 1
0 1
20 1
377 1
284 1
0 1
0 1
0 1
0 1
228 1
404 1
0 1
0 1
0 1
0 1
16 1
377 1
286 1
0 1
0 1
0 1
0 1
226 1
405 1
0 1
0 1
0 1
0 1
11 1
374 1
289 1
0 1
0 1
0 1
0 1
222 1
407 1
0 1
0 1
0 1
0 1
8 1
307 1
362 1
0 1
0 1
0 1
0 1
116 1
427 1
101 1
0 1
0 1
0 1
114 1
424 1
103 1
0 1
0 1
0 1
113 1
426 1
105 1
0 1
0 1
0 1
111 1
425 1
106 1
0 1
0 1
0 1
109 1
424 1
108 1
0 1
0 1
0 1
107 1
426 1
110 1
0 1
0 1
0 1
105 1
425 1
111 1
0 1
0 1
0 1
104 1
425 1
113 1
0 1
0 1
0 1
102 1
426 1
115 1
0 1
0 1
0 1
100 1
425 1
117 1
0 1
0 1
0 1
98 1
407 1
220 1
0 1
0 1
0 1
0 1
289 1
374 1
0 1
0 1
0 1
0 1
94 1
406 1
224 1
0 1
0 1
0 1
0 1
288 1
375 1
0 1
0 1
0 1
0 1
91 1
405 1
227 1
0 1
0 1
0 1
0 1
285 1
377 1
0 1
0 1
0 1
0 1
87 1
404 1
231 1
0 1
0 1
0 1
0 1
281 1
379 1
0 1
0 1
0 1
0 1
83 1
402 1
235 1
0 1
0 1
0 1
0 1
279 1
382 1
0 1
0 1
0 1
0 1
79 1
401 1
237 1
0 1
0 1
0 1
0 1
276 1
383 1
0 1
0 1
0 1
0 1
75 1
399 1
240 1
0 1
0 1
0 1
0 1
273 1
384 1
0 1
0 1
0 1
0 1
72 1
399 1
244 1
0 1
0 1
0 1
0 1
271 1
386 1
0 1
0 1
0 1
0 1
68 1
397 1
246 1
0 1
0 1
0 1
0 1
268 1
387 1
0 1
0 1
0 1
0 1
64 1
396 1
249 1
0 1
0 1
0 1
0 1
264 1
389 1
0 1
0 1
0 1
0 1
61 1
394 1
253 1
0 1
0 1
0 1
0 1
262 1
390 1
0 1
0 1
0 1
0 1
56 1
394 1
255 1
0 1
0 1
0 1
0 1
258 1
392 1
0 1
0 1
0 1
0 1
52 1
392 1
258 1
0 1
0 1
0 1
0 1
255 1
393 1
0 1
0 1
0 1
0 1
49 1
390 1
261 1
0 1
0 1
0 1
0 1
252 1
395 1
0 1
0 1
0 1
0 1
45 1
389 1
265 1
0 1
0 1
0 1
0 1
249 1
397 1
0 1
0 1
0 1
0 1
41 1
387 1
268 1
0 1
0 1
0 1
0 1
246 1
397 1
0 1
0 1
0 1
0 1
38 1
385 1
271 1
0 1
0 1
0 1
0 1
244 1
399 1
0 1
0 1
0 1
0 1
33 1
386 1
275 1
0 1
0 1
0 1
0 1
240 1
401 1
0 1
0 1
0 1
0 1
29 1
385 1
276 1
0 1
0 1
0 1
0 1
237 1
402 1
0 1
0 1
0 1
0 1
26 1
381 1
280 1
0 1
0 1
0 1
0 1
235 1
407 1
0 1
0 1
0 1
0 1
22 1
379 1
284 1
0 1
0 1
0 1
0 1
233 1
405 1
0 1
0 1
0 1
0 1
18 1
377 1
287 1
0 1
0 1
0 1
0 1
227 1
405 1
0 1
0 1
0 1
0 1
15 1
378 1
289 1
0 1
0 1
0 1
0 1
224 1
406 1
0 1
0 1
0 1
0 1
9 1
308 1
361 1
0 1
0 1
0 1
0 1
119 1
426 1
98 1
0 1
0 1
0 1
8 1
306 1
363 1
0 1
0 1
0 1
0 1
115 1
425 1
102 1
0 1
0 1
0 1
114 1
427 1
104 1
0 1
0 1
0 1
112 1
429 1
106 1
0 1
0 1
0 1
110 1
425 1
107 1
0 1
0 1
0 1
109 1
427 1
109 1
0 1
0 1
0 1
106 1
428 1
111 1
0 1
0 1
0 1
105 1
426 1
113 1
0 1
0 1
0 1
101 1
426 1
115 1
0 1
0 1
0 1
102 1
424 1
116 1
0 1
0 1
0 1
100 1
425 1
118 1
0 1
0 1
0 1
97 1
409 1
222 1
0 1
0 1
0 1
0 1
290 1
374 1
0 1
0 1
0 1
0 1
93 1
406 1
224 1
0 1
0 1
0 1
0 1
287 1
376 1
0 1
0 1
0 1
0 1
90 1
404 1
229 1
0 1
0 1
0 1
0 1
284 1
377 1
0 1
0 1
0 1
0 1
86 1
404 1
231 1
0 1
0 1
0 1
0 1
281 1
380 1
0 1
0 1
0 1
0 1
82 1
402 1
235 1
0 1
0 1
0 1
0 1
279 1
381 1
0 1
0 1
0 1
0 1
78 1
400 1
238 1
0 1
0 1
0 1
0 1
276 1
383 1
0 1
0 1
0 1
0 1
75 1
400 1
241 1
0 1
0 1
0 1
0 1
272 1
384 1
0 1
0 1
0 1
0 1
71 1
399 1
245 1
0 1
0 1
0 1
0 1
269 1
386 1
0 1
0 1
0 1
0 1
67 1
397 1
247 1
0 1
0 1
0 1
0 1
266 1
388 1
0 1
0 1
0 1
0 1
63 1
395 1
250 1
0 1
0 1
0 1
0 1
264 1
390 1
0 1
0 1
0 1
0 1
59 1
393 1
253 1
0 1
0 1
0 1
0 1
260 1
390 1
0 1
0 1
0 1
0 1
55 1
393 1
256 1
0 1
0 1
0 1
0 1
258 1
392 1
0 1
0 1
0 1
0 1
51 1
391 1
259 1
0 1
0 1
0 1
0 1
254 1
393 1
0 1
0 1
0 1
0 1
48 1
391 1
262 1
0 1
0 1
0 1
0 1
251 1
395 1
0 1
0 1
0 1
0 1
45 1
388 1
265 1
0 1
0 1
0 1
0 1
249 1
396 1
0 1
0 1
0 1
0 1
40 1
386 1
268 1
0 1
0 1
0 1
0 1
246 1
397 1
0 1
0 1
0 1
0 1
36 1
386 1
271 1
0 1
0 1
0 1
0 1
241 1
398 1
0 1
0 1
0 1
0 1
32 1
383 1
275 1
0 1
0 1
0 1
0 1
239 1
400 1
0 1
0 1
0 1
0 1
29 1
382 1
277 1
0 1
0 1
0 1
0 1
237 1
402 1
0 1
0 1
0 1
0 1
24 1
381 1
280 1
0 1
0 1
0 1
0 1
233 1
402 1
0 1
0 1
0 1
0 1
21 1
378 1
283 1
0 1
0 1
0 1
0 1
230 1
404 1
0 1
0 1
0 1
0 1
17 1
378 1
286 1
0 1
0 1
0 1
0 1
226 1
405 1
0 1
0 1
0 1
0 1
13 1
375 1
288 1
0 1
0 1
0 1
0 1
223 1
406 1
0 1
0 1
0 1
0 1
9 1
307 1
361 1
0 1
0 1
0 1
0 1
117 1
425 1
99 1
0 1
0 1
0 1
6 1
306 1
363 1
0 1
0 1
0 1
0 1
114 1
425 1
102 1
0 1
0 1
0 1
113 1
425 1
104 1
0 1
0 1
0 1
111 1
426 1
107 1
0 1
0 1
0 1
109 1
426 1
109 1
0 1
0 1
0 1
106 1
425 1
110 1
0 1
0 1
0 1
105 1
424 1
112 1
0 1
0 1
0 1
103 1
425 1
114 1
0 1
0 1
0 1
102 1
424 1
115 1
0 1
0 1
0 1
99 1
407 1
219 1
0 1
0 1
0 1
0 1
293 1
373 1
0 1
0 1
0 1
0 1
95 1
406 1
223 1
0 1
0 1
0 1
0 1
289 1
375 1
0 1
0 1
0 1
0 1
92 1
406 1
226 1
0 1
0 1
0 1
0 1
286 1
377 1
0 1
0 1
0 1
0 1
88 1
405 1
229 1
0 1
0 1
0 1
0 1
283 1
378 1
0 1
0 1
0 1
0 1
85 1
403 1
232 1
0 1
0 1
0 1
0 1
280 1
381 1
0 1
0 1
0 1
0 1
81 1
403 1
236 1
0 1
0 1
0 1
0 1
278 1
381 1
0 1
0 1
0 1
0 1
76 1
401 1
239 1
0 1
0 1
0 1
0 1
275 1
383 1
0 1
0 1
0 1
0 1
73 1
399 1
242 1
0 1
0 1
0 1
0 1
271 1
384 1
0 1
0 1
0 1
0 1
69 1
399 1
245 1
0 1
0 1
0 1
0 1
268 1
387 1
0 1
0 1
0 1
0 1
65 1
396 1
248 1
0 1
0 1
0 1
0 1
266 1
388 1
0 1
0 1
0 1
0 1
62 1
395 1
252 1
0 1
0 1
0 1
0 1
263 1
391 1
0 1
0 1
0 1
0 1
58 1
394 1
254 1
0 1
0 1
0 1
0 1
259 1
391 1
0 1
0 1
0 1
0 1
54 1
394 1
257 1
0 1
0 1
0 1
0 1
256 1
392 1
0 1
0 1
0 1
0 1
50 1
390 1
260 1
0 1
0 1
0 1
0 1
253 1
396 1
0 1
0 1
0 1
0 1
47 1
390 1
263 1
0 1
0 1
0 1
0 1
250 1
395 1
0 1
0 1
0 1
0 1
43 1
388 1
267 1
0 1
0 1
0 1
0 1
247 1
397 1
0 1
0 1
0 1
0 1
39 1
386 1
269 1
0 1
0 1
0 1
0 1
244 1
398 1
0 1
0 1
0 1
0 1
35 1
385 1
272 1
0 1
0 1
0 1
0 1
241 1
401 1
0 1
0 1
0 1
0 1
31 1
383 1
275 1
0 1
0 1
0 1
0 1
237 1
401 1
0 1
0 1
0 1
0 1
27 1
382 1
278 1
0 1
0 1
0 1
0 1
235 1
403 1
0 1
0 1
0 1
0 1
24 1
379 1
281 1
0 1
0 1
0 1
0 1
232 1
403 1
0 1
0 1
0 1
0 1
21 1
378 1
284 1
0 1
0 1
0 1
0 1
229 1
404 1
0 1
0 1
0 1
0 1
17 1
377 1
286 1
0 1
0 1
0 1
0 1
225 1
406 1
0 1
0 1
0 1
0 1
12 1
375 1
289 1
0 1
0 1
0 1
0 1
222 1
407 1
0 1
0 1
0 1
0 1
8 1
308 1
362 1
0 1
0 1
0 1
0 1
117 1
425 1
100 1
0 1
0 1
0 1
115 1
425 1
101 1
0 1
0 1
0 1
113 1
427 1
104 1
0 1
0 1
0 1
111 1
425 1
106 1
0 1
0 1
0 1
110 1
426 1
108 1
0 1
0 1
0 1
108 1
425 1
110 1
0 1
0 1
0 1
105 1
425 1
112 1
0 1
0 1
0 1
104 1
425 1
113 1
0 1
0 1
0 1
102 1
424 1
114 1
0 1
0 1
0 1
100 1
425 1
116 1
0 1
0 1
0 1
98 1
407 1
221 1
0 1
0 1
0 1
0 1
291 1
373 1
0 1
0 1
0 1
0 1
94 1
405 1
224 1
0 1
0 1
0 1
0 1
288 1
375 1
0 1
0 1
0 1
0 1
90 1
405 1
227 1
0 1
0 1
0 1
0 1
285 1
376 1
0 1
0 1
0 1
0 1
87 1
403 1
230 1
0 1
0 1
0 1
0 1
282 1
379 1
0 1
0 1
0 1
0 1
83 1
402 1
234 1
0 1
0 1
0 1
0 1
280 1
381 1
0 1
0 1
0 1
0 1
80 1
401 1
237 1
0 1
0 1
0 1
0 1
278 1
382 1
0 1
0 1
0 1
0 1
76 1
400 1
240 1
0 1
0 1
0 1
0 1
273 1
383 1
0 1
0 1
0 1
0 1
72 1
398 1
242 1
0 1
0 1
0 1
0 1
270 1
385 1
0 1
0 1
0 1
0 1
68 1
398 1
245 1
0 1
0 1
0 1
0 1
267 1
388 1
0 1
0 1
0 1
0 1
65 1
395 1
249 1
0 1
0 1
0 1
0 1
266 1
388 1
0 1
0 1
0 1
0 1
60 1
394 1
252 1
0 1
0 1
0 1
0 1
261 1
390 1
0 1
0 1
0 1
0 1
57 1
395 1
254 1
0 1
0 1
0 1
0 1
258 1
392 1
0 1
0 1
0 1
0 1
53 1
391 1
258 1
0 1
0 1
0 1
0 1
255 1
392 1
0 1
0 1
0 1
0 1
49 1
391 1
261 1
0 1
0 1
0 1
0 1
253 1
395 1
0 1
0 1
0 1
0 1
45 1
388 1
265 1
0 1
0 1
0 1
0 1
250 1
396 1
0 1
0 1
0 1
0 1
42 1
388 1
267 1
0 1
0 1
0 1
0 1
247 1
397 1
0 1
0 1
0 1
0 1
37 1
387 1
269 1
0 1
0 1
0 1
0 1
243 1
398 1
0 1
0 1
0 1
0 1
35 1
385 1
273 1
0 1
0 1
0 1
0 1
240 1
400 1
0 1
0 1
0 1
0 1
31 1
383 1
275 1
0 1
0 1
0 1
0 1
237 1
402 1
0 1
0 1
0 1
0 1
26 1
381 1
279 1
0 1
0 1
0 1
0 1
234 1
403 1
0 1
0 1
0 1
0 1
22 1
379 1
282 1
0 1
0 1
0 1
0 1
230 1
403 1
0 1
0 1
0 1
0 1
19 1
378 1
285 1
0 1
0 1
0 1
0 1
227 1
404 1
0 1
0 1
0 1
0 1
15 1
376 1
287 1
0 1
0 1
0 1
0 1
225 1
406 1
0 1
0 1
0 1
0 1
11 1
374 1
289 1
0 1
0 1
0 1
0 1
222 1
408 1
0 1
0 1
0 1
0 1
8 1
307 1
363 1
0 1
0 1
0 1
0 1
116 1
424 1
101 1
0 1
0 1
0 1
114 1
425 1
103 1
0 1
0 1
0 1
113 1
425 1
105 1
0 1
0 1
0 1
110 1
425 1
107 1
0 1
0 1
0 1
109 1
425 1
109 1
0 1
0 1
0 1
107 1
424 1
110 1
0 1
0 1
0 1
105 1
426 1
112 1
0 1
0 1
0 1
103 1
424 1
114 1
0 1
0 1
0 1
100 1
425 1
116 1
0 1
0 1
0 1
99 1
407 1
220 1
0 1
0 1
0 1
0 1
291 1
373 1
0 1
0 1
0 1
0 1
95 1
406 1
223 1
0 1
0 1
0 1
0 1
288 1
375 1
0 1
0 1
0 1
0 1
91 1
405 1
227 1
0 1
0 1
0 1
0 1
286 1
376 1
0 1
0 1
0 1
0 1
88 1
404 1
230 1
0 1
0 1
0 1
0 1
282 1
379 1
0 1
0 1
0 1
0 1
84 1
402 1
233 1
0 1
0 1
0 1
0 1
281 1
380 1
0 1
0 1
0 1
0 1
80 1
401 1
235 1
0 1
0 1
0 1
0 1
278 1
382 1
0 1
0 1
0 1
0 1
76 1
400 1
239 1
0 1
0 1
0 1
0 1
274 1
383 1
0 1
0 1
0 1
0 1
75 1
400 1
242 1
0 1
0 1
0 1
0 1
271 1
385 1
0 1
0 1
0 1
0 1
69 1
398 1
245 1
0 1
0 1
0 1
0 1
268 1
387 1
0 1
0 1
0 1
0 1
65 1
396 1
249 1
0 1
0 1
0 1
0 1
266 1
389 1
0 1
0 1
0 1
0 1
62 1
395 1
251 1
0 1
0 1
0 1
0 1
262 1
389 1
0 1
0 1
0 1
0 1
58 1
394 1
255 1
0 1
0 1
0 1
0 1
259 1
391 1
0 1
0 1
0 1
0 1
54 1
392 1
257 1
0 1
0 1
0 1
0 1
256 1
392 1
0 1
0 1
0 1
0 1
50 1
391 1
260 1
0 1
0 1
0 1
0 1
252 1
395 1
0 1
0 1
0 1
0 1
46 1
388 1
264 1
0 1
0 1
0 1
0 1
250 1
395 1
0 1
0 1
0 1
0 1
42 1
388 1
266 1
0 1
0 1
0 1
0 1
247 1
397 1
0 1
0 1
0 1
0 1
38 1
388 1
269 1
0 1
0 1
0 1
0 1
244 1
398 1
0 1
0 1
0 1
0 1
35 1
384 1
273 1
0 1
0 1
0 1
0 1
241 1
399 1
0 1
0 1
0 1
0 1
31 1
383 1
276 1
0 1
0 1
0 1
0 1
237 1
425 1
356 1
141 1
0 0
0 0
0 0
0 0
0 0
0 0
0 0
0 0
128 0
348 0
424 0
324 0
89 0
0 0
0 0
0 0
0 0
0 0
0 0
0 0
0 0
126 0
348 0
424 0
325 0
91 0
0 0
0 0
0 0
0 0
0 0
0 0
0 0
0 0
124 0
346 0
425 0
326 0
93 0
0 0
0 0
0 0
0 0
0 0
0 0
0 0
0 0
123 0
344 0
425 0
328 0
94 0
0 0
0 0
0 0
0 0
0 0
0 0
0 0
0 0
121 0
344 0
425 0
328 0
96 0
0 0
0 0
0 0
0 0
0 0
0 0
0 0
0 0
119 0
344 0
424 0
330 0
98 0
0 0
0 0
0 0
0 0
0 0
0 0
0 0
0 0
117 0
342 0
424 0
330 0
101 0
0 0
0 0
0 0
0 0
0 0
0 0
0 0
5 0
168 0
371 0
421 0
295 0
47 0
0 0
0 0
0 0
0 0
0 0
0 0
0 0
3 0
167 0
370 0
421 0
297 0
48 0
0 0
0 0
0 0
0 0
0 0
0 0
0 0
1 0
165 0
369 0
421 0
298 0
50 0
0 0
0 0
0 0
0 0
0 0
0 0
0 0
0 0
162 0
369 0
420 0
299 0
53 0
0 0
0 0
0 0
0 0
0 0
0 0
0 0
0 0
161 0
366 0
422 0
301 0
54 0
0 0
0 0
0 0
0 0
0 0
0 0
0 0
0 0
159 0
365 0
422 0
301 0
56 0
0 0
0 0
0 0
0 0
0 0
0 0
0 0
0 0
157 0
366 0
422 0
303 0
58 0
0 0
0 0
0 0
0 0
0 0
0 0
0 0
0 0
155 0
364 0
421 0
306 0
60 0
0 0
0 0
0 0
0 0
0 0
0 0
0 0
0 0
155 0
364 0
421 0
306 0
61 0
0 0
0 0
0 0
0 0
0 0
0 0
0 0
0 0
152 0
362 0
423 0
306 0
64 0
0 0
0 0
0 0
0 0
0 0
0 0
0 0
0 0
150 0
361 0
423 0
308 0
66 0
0 0
0 0
0 0
0 0
0 0
0 0
0 0
0 0
149 0
360 0
424 0
311 0
67 0
0 0
0 0
0 0
0 0
0 0
0 0
0 0
0 0
146 0
360 0
423 0
311 0
69 0
0 0
0 0
0 0
0 0
0 0
0 0
0 0
0 0
145 0
359 0
423 0
312 0
72 0
0 0
0 0
0 0
0 0
0 0
0 0
0 0
0 0
143 0
357 0
423 0
314 0
74 0
0 0
0 0
0 0
0 0
0 0
0 0
0 0
0 0
141 0
356 0
424 0
315 0
75 0
0 0
0 0
0 0
0 0
0 0
0 0
0 0
0 0
139 0
354 0
425 0
316 0
77 0
0 0
0 0
0 0
0 0
0 0
0 0
0 0
0 0
138 0
355 0
423 0
318 0
79 0
0 0
0 0
0 0
0 0
0 0
0 0
0 0
0 0
136 0
353 0
424 0
318 0
81 0
0 0
0 0
0 0
0 0
0 0
0 0
0 0
0 0
134 0
352 0
425 0
320 0
82 0
0 0
0 0
0 0
0 0
0 0
0 0
0 0
0 0
132 0
351 0
424 0
320 0
85 0
0 0
0 0
0 0
0 0
0 0
0 0
0 0
0 0
131 0
351 0
424 0
322 0
87 0
0 0
0 0
0 0
0 0
0 0
0 0
0 0
0 0
128 0
348 0
424 0
324 0
88 0
0 0
0 0
0 0
0 0
0 0
0 0
0 0
0 0
127 0
348 0
424 0
325 0
90 0
0 0
0 0
0 0
0 0
0 0
0 0
0 0
0 0
124 0
347 0
425 0
325 0
92 0
0 0
0 0
0 0
0 0
0 0
0 0
0 0
0 0
123 0
345 0
425 0
327 0
94 0
0 0
0 0
0 0
0 0
0 0
0 0
0 0
0 0
121 0
344 0
425 0
328 0
96 0
0 0
0 0
0 0
0 0
0 0
0 0
0 0
0 0
119 0
344 0
425 0
330 0
98 0
0 0
0 0
0 0
0 0
0 0
0 0
0 0
0 0
118 0
343 0
424 0
331 0
100 0
0 0
0 0
0 0
0 0
0 0
0 0
0 0
5 0
168 0
371 0
421 0
294 0
46 0
0 0
0 0
0 0
0 0
0 0
0 0
0 0
4 0
167 0
370 0
420 0
296 0
48 0
0 0
0 0
0 0
0 0
0 0
0 0
0 0
1 0
165 0
369 0
420 0
298 0
50 0
0 0
0 0
0 0
0 0
0 0
0 0
0 0
0 0
162 0
369 0
420 0
298 0
53 0
0 0
0 0
0 0
0 0
0 0
0 0
0 0
0 0
160 0
367 0
421 0
300 0
54 0
0 0
0 0
0 0
0 0
0 0
0 0
0 0
0 0
159 0
366 0
424 0
302 0
56 0
0 0
0 0
0 0
0 0
0 0
0 0
0 0
0 0
158 0
367 0
422 0
304 0
58 0
0 0
0 0
0 0
0 0
0 0
0 0
0 0
0 0
156 0
365 0
422 0
306 0
60 0
0 0
0 0
0 0
0 0
0 0
0 0
0 0
0 0
155 0
366 0
423 0
307 0
62 0
0 0
0 0
0 0
0 0
0 0
0 0
0 0
0 0
152 0
362 0
428 0
306 0
63 0
0 0
0 0
0 0
0 0
0 0
0 0
0 0
0 0
151 0
363 0
426 0
309 0
66 0
0 0
0 0
0 0
0 0
0 0
0 0
0 0
0 0
150 0
362 0
426 0
312 0
68 0
0 0
0 0
0 0
0 0
0 0
0 0
0 0
0 0
148 0
360 0
424 0
313 0
69 0
0 0
0 0
0 0
0 0
0 0
0 0
0 0
0 0
146 0
361 0
424 0
313 0
71 0
0 0
0 0
0 0
0 0
0 0
0 0
0 0
0 0
144 0
358 0
427 0
314 0
73 0
0 0
0 0
0 0
0 0
0 0
0 0
0 0
0 0
142 0
356 0
426 0
315 0
75 0
0 0
0 0
0 0
0 0
0 0
0 0
0 0
0 0
141 0
355 0
427 0
318 0
77 0
0 0
0 0
0 0
0 0
0 0
0 0
0 0
0 0
138 0
355 0
424 0
319 0
80 0
0 0
0 0
0 0
0 0
0 0
0 0
0 0
0 0
136 0
355 0
424 0
318 0
80 0
0 0
0 0
0 0
0 0
0 0
0 0
0 0
0 0
135 0
352 0
427 0
320 0
83 0
0 0
0 0
0 0
0 0
0 0
0 0
0 0
0 0
132 0
351 0
423 0
320 0
84 0
0 0
0 0
0 0
0 0
0 0
0 0
0 0
0 0
131 0
351 0
425 0
322 0
86 0
0 0
0 0
0 0
0 0
0 0
0 0
0 0
0 0
130 0
349 0
424 0
324 0
88 0
0 0
0 0
0 0
0 0
0 0
0 0
0 0
0 0
127 0
349 0
424 0
325 0
89 0
0 0
0 0
0 0
0 0
0 0
0 0
0 0
0 0
125 0
347 0
425 0
325 0
92 0
0 0
0 0
0 0
0 0
0 0
0 0
0 0
0 0
123 0
345 0
425 0
327 0
93 0
0 0
0 0
0 0
0 0
0 0
0 0
0 0
0 0
122 0
345 0
425 0
329 0
95 0
0 0
0 0
0 0
0 0
0 0
0 0
0 0
0 0
120 0
343 0
424 0
330 0
97 0
0 0
0 0
0 0
0 0
0 0
0 0
0 0
0 0
118 0
344 0
424 0
332 0
99 0
0 0
0 0
0 0
0 0
0 0
0 0
0 0
0 0
116 0
342 0
425 0
334 0
101 0
0 0
0 0
0 0
0 0
0 0
0 0
0 0
3 0
167 0
371 0
421 0
296 0
47 0
0 0
0 0
0 0
0 0
0 0
0 0
0 0
2 0
166 0
370 0
421 0
298 0
49 0
0 0
0 0
0 0
0 0
0 0
0 0
0 0
0 0
164 0
370 0
422 0
298 0
52 0
0 0
0 0
0 0
0 0
0 0
0 0
0 0
0 0
162 0
367 0
421 0
300 0
54 0
0 0
0 0
0 0
0 0
0 0
0 0
0 0
0 0
161 0
366 0
424 0
301 0
55 0
0 0
0 0
0 0
0 0
0 0
0 0
0 0
0 0
159 0
367 0
424 0
303 0
57 0
0 0
0 0
0 0
0 0
0 0
0 0
0 0
0 0
157 0
365 0
423 0
305 0
58 0
0 0
0 0
0 0
0 0
0 0
0 0
0 0
0 0
156 0
364 0
422 0
305 0
61 0
0 0
0 0
0 0
0 0
0 0
0 0
0 0
0 0
154 0
363 0
425 0
306 0
62 0
0 0
0 0
0 0
0 0
0 0
0 0
0 0
0 0
151 0
361 0
423 0
308 0
64 0
0 0
0 0
0 0
0 0
0 0
0 0
0 0
0 0
152 0
362 0
423 0
311 0
64 0
0 0
0 0
0 0
0 0
0 0
0 0
0 0
0 0
150 0
360 0
423 0
313 0
69 0
0 0
0 0
0 0
0 0
0 0
0 0
0 0
0 0
147 0
362 0
425 0
313 0
70 0
0 0
0 0
0 0
0 0
0 0
0 0
0 0
0 0
145 0
358 0
426 0
314 0
73 0
0 0
0 0
0 0
0 0
0 0
0 0
0 0
0 0
143 0
358 0
426 0
315 0
74 0
0 0
0 0
0 0
0 0
0 0
0 0
0 0
0 0
142 0
356 0
424 0
318 0
76 0
0 0
0 0
0 0
0 0
0 0
0 0
0 0
0 0
139 0
356 0
427 0
319 0
78 0
0 0
0 0
0 0
0 0
0 0
0 0
0 0
0 0
137 0
356 0
425 0
319 0
80 0
0 0
0 0
0 0
0 0
0 0
0 0
0 0
0 0
135 0
353 0
427 0
321 0
82 0
0 0
0 0
0 0
0 0
0 0
0 0
0 0
0 0
134 0
354 0
425 0
322 0
84 0
0 0
0 0
0 0
0 0
0 0
0 0
0 0
0 0
132 0
351 0
424 0
324 0
86 0
0 0
0 0
0 0
0 0
0 0
0 0
0 0
0 0
130 0
350 0
425 0
326 0
87 0
0 0
0 0
0 0
0 0
0 0
0 0
0 0
0 0
127 0
351 0
424 0
327 0
89 0
0 0
0 0
0 0
0 0
0 0
0 0
0 0
0 0
125 0
349 0
428 0
327 0
92 0
0 0
0 0
0 0
0 0
0 0
0 0
0 0
0 0
123 0
346 0
425 0
327 0
93 0
0 0
0 0
0 0
0 0
0 0
0 0
0 0
0 0
122 0
347 0
425 0
330 0
94 0
0 0
0 0
0 0
0 0
0 0
0 0
0 0
0 0
119 0
344 0
424 0
330 0
97 0
0 0
0 0
0 0
0 0
0 0
0 0
0 0
0 0
118 0
344 0
424 0
331 0
100 0
0 0
0 0
0 0
0 0
0 0
0 0
0 0
6 0
168 0
372 0
420 0
294 0
45 0
0 0
0 0
0 0
0 0
0 0
0 0
0 0
5 0
167 0
371 0
420 0
296 0
47 0
0 0
0 0
0 0
0 0
0 0
0 0
0 0
3 0
166 0
369 0
420 0
296 0
49 0
0 0
0 0
0 0
0 0
0 0
0 0
0 0
1 0
164 0
369 0
420 0
298 0
51 0
0 0
0 0
0 0
0 0
0 0
0 0
0 0
0 0
161 0
368 0
422 0
299 0
53 0
0 0
0 0
0 0
0 0
0 0
0 0
0 0
0 0
161 0
367 0
422 0
301 0
54 0
0 0
0 0
0 0
0 0
0 0
0 0
0 0
0 0
159 0
366 0
421 0
302 0
56 0
0 0
0 0
0 0
0 0
0 0
0 0
0 0
0 0
157 0
365 0
421 0
303 0
59 0
0 0
0 0
0 0
0 0
0 0
0 0
0 0
0 0
155 0
364 0
421 0
305 0
61 0
0 0
0 0
0 0
0 0
0 0
0 0
0 0
0 0
153 0
362 0
423 0
306 0
63 0
0 0
0 0
0 0
0 0
0 0
0 0
0 0
0 0
151 0
362 0
423 0
307 0
65 0
0 0
0 0
0 0
0 0
0 0
0 0
0 0
0 0
150 0
361 0
422 0
309 0
66 0
0 0
0 0
0 0
0 0
0 0
0 0
0 0
0 0
149 0
359 0
422 0
310 0
68 0
0 0
0 0
0 0
0 0
0 0
0 0
0 0
0 0
146 0
359 0
423 0
312 0
70 0
0 0
0 0
0 0
0 0
0 0
0 0
0 0
0 0
143 0
358 0
423 0
312 0
72 0
0 0
0 0
0 0
0 0
0 0
0 0
0 0
0 0
143 0
356 0
423 0
313 0
74 0
0 0
0 0
0 0
0 0
0 0
0 0
0 0
0 0
141 0
356 0
423 0
315 0
75 0
0 0
0 0
0 0
0 0
0 0
0 0
0 0
0 0
139 0
354 0
423 0
317 0
78 0
0 0
0 0
0 0
0 0
0 0
0 0
0 0
0 0
137 0
354 0
423 0
318 0
79 0
0 0
0 0
0 0
0 0
0 0
0 0
0 0
0 0
135 0
352 0
424 0
319 0
81 0
0 0
0 0
0 0
0 0
0 0
0 0
0 0
0 0
134 0
351 0
426 0
320 0
83 0
0 0
0 0
0 0
0 0
0 0
0 0
0 0
0 0
131 0
351 0
424 0
322 0
85 0
0 0
0 0
0 0
0 0
0 0
0 0
0 0
0 0
130 0
349 0
424 0
323 0
87 0
0 0
0 0
0 0
0 0
0 0
0 0
0 0
0 0
128 0
349 0
425 0
323 0
89 0
0 0
0 0
0 0
0 0
0 0
0 0
0 0
0 0
126 0
347 0
426 0
325 0
91 0
0 0
0 0
0 0
0 0
0 0
0 0
0 0
0 0
124 0
347 0
425 0
326 0
93 0
0 0
0 0
0 0
0 0
0 0
0 0
0 0
0 0
123 0
345 0
424 0
328 0
95 0
0 0
0 0
0 0
0 0
0 0
0 0
0 0
0 0
121 0
344 0
424 0
329 0
96 0
0 0
0 0
0 0
0 0
0 0
0 0
0 0
0 0
119 0
343 0
424 0
331 0
99 0
0 0
0 0
0 0
0 0
0 0
0 0
0 0
0 0
117 0
342 0
425 0
331 0
100 0
0 0
0 0
0 0
0 0
0 0
0 0
0 0
5 0
169 0
372 0
421 0
295 0
47 0
0 0
0 0
0 0
0 0
0 0
0 0
0 0
3 0
166 0
370 0
421 0
297 0
49 0
0 0
0 0
0 0
0 0
0 0
0 0
0 0
1 0
164 0
369 0
420 0
299 0
51 0
0 0
0 0
0 0
0 0
0 0
0 0
0 0
0 0
162 0
368 0
421 0
299 0
53 0
0 0
0 0
0 0
0 0
0 0
0 0
0 0
0 0
161 0
367 0
422 0
300 0
54 0
0 0
0 0
0 0
0 0
0 0
0 0
0 0
0 0
159 0
367 0
422 0
303 0
56 0
0 0
0 0
0 0
0 0
0 0
0 0
0 0
0 0
157 0
365 0
421 0
303 0
58 0
0 0
0 0
0 0
0 0
0 0
0 0
0 0
0 0
155 0
365 0
421 0
304 0
60 0
0 0
0 0
0 0
0 0
0 0
0 0
0 0
0 0
153 0
363 0
422 0
306 0
63 0
0 0
0 0
0 0
0 0
0 0
0 0
0 0
0 0
152 0
362 0
424 0
307 0
64 0
0 0
0 0
0 0
0 0
0 0
0 0
0 0
0 0
149 0
361 0
422 0
309 0
66 0
0 0
0 0
0 0
0 0
0 0
0 0
0 0
0 0
149 0
360 0
422 0
310 0
67 0
0 0
0 0
0 0
0 0
0 0
0 0
0 0
0 0
146 0
359 0
423 0
311 0
69 0
0 0
0 0
0 0
0 0
0 0
0 0
0 0
0 0
145 0
358 0
423 0
312 0
72 0
0 0
0 0
0 0
0 0
0 0
0 0
0 0
0 0
143 0
357 0
423 0
313 0
73 0
0 0
0 0
0 0
0 0
0 0
0 0
0 0
0 0
141 0
356 0
423 0
316 0
75 0
0 0
0 0
0 0
0 0
0 0
0 0
0 0
0 0
139 0
354 0
424 0
315 0
77 0
0 0
0 0
0 0
0 0
0 0
0 0
0 0
0 0
137 0
355 0
423 0
318 0
79 0
0 0
0 0
0 0
0 0
0 0
0 0
0 0
0 0
136 0
352 0
425 0
319 0
81 0
0 0
0 0
0 0
0 0
0 0
0 0
0 0
0 0
134 0
352 0
425 0
320 0
83 0
0 0
0 0
0 0
0 0
0 0
0 0
0 0
0 0
132 0
352 0
424 0
321 0
85 0
0 0
0 0
0 0
0 0
0 0
0 0
0 0
0 0
130 0
351 0
424 0
322 0
87 0
0 0
0 0
0 0
0 0
0 0
0 0
0 0
0 0
129 0
349 0
424 0
323 0
88 0
0 0
0 0
0 0
0 0
0 0
0 0
0 0
0 0
126 0
347 0
425 0
325 0
90 0
0 0
0 0
0 0
0 0
0 0
0 0
0 0
0 0
125 0
346 0
425 0
326 0
93 0
0 0
0 0
0 0
0 0
0 0
0 0
0 0
0 0
123 0
346 0
424 0
328 0
95 0
0 0
0 0
0 0
0 0
0 0
0 0
0 0
0 0
121 0
343 0
424 0
328 0
96 0
0 0
0 0
0 0
0 0
0 0
0 0
0 0
0 0
119 0
344 0
424 0
329 0
97 0
0 0
0 0
0 0
0 0
0 0
0 0
0 0
0 0
117 0
342 0
425 0
331 0
100 0
0 0
0 0
0 0
0 0
0 0
0 0
0 0
5 0
168 0
371 0
421 0
294 0
46 0
0 0
0 0
0 0
0 0
0 0
0 0
0 0
3 0
168 0
371 0
420 0
297 0
48 0
0 0
0 0
0 0
0 0
0 0
0 0
0 0
1 0
164 0
369 0
421 0
297 0
50 0
0 0
0 0
0 0
0 0
0 0
0 0
0 0
0 0
162 0
368 0
421 0
299 0
53 0
0 0
0 0
0 0
0 0
0 0
0 0
0 0
0 0
161 0
366 0
421 0
300 0
54 0
0 0
0 0
0 0
0 0
0 0
0 0
0 0
0 0
159 0
367 0
421 0
302 0
56 0
0 0
0 0
0 0
0 0
0 0
0 0
0 0
0 0
158 0
366 0
421 0
304 0
59 0
0 0
0 0
0 0
0 0
0 0
0 0
0 0
0 0
156 0
365 0
421 0
305 0
61 0
0 0
0 0
0 0
0 0
0 0
0 0
0 0
0 0
154 0
363 0
423 0
305 0
62 0
0 0
0 0
0 0
0 0
0 0
0 0
0 0
0 0
152 0
362 0
423 0
306 0
64 0
0 0
0 0
0 0
0 0
0 0
0 0
0 0
0 0
150 0
362 0
422 0
308 0
65 0
0 0
0 0
0 0
0 0
0 0
0 0
0 0
0 0
148 0
362 0
422 0
309 0
67 0
0 0
0 0
0 0
0 0
0 0
0 0
0 0
0 0
148 0
362 0
424 0
311 0
69 0
0 0
0 0
0 0
0 0
0 0
0 0
0 0
0 0
145 0
358 0
425 0
312 0
71 0
