458 0
468 0
452 0
417 0
378 0
350 0
344 0
364 0
4 0
445 0
407 0
369 0
345 0
347 0
372 0
411 0
446 0
462 0
455 0
425 0
384 0
350 0
335 0
348 0
383 0
427 0
458 0
468 0
452 0
417 0
378 0
350 0
344 0
364 0
445 0
407 0
369 0
345 0
347 0
372 0
411 0
446 0
462 0
455 0
425 0
384 0
350 0
335 0
348 0
383 0
427 0
458 0
468 0
452 0
417 0
378 0
350 0
344 0
364 0
437 0
435 0
434 0
432 0
430 0
428 0
426 0
423 0
422 0
420 0
418 0
416 0
413 0
398 0
361 0
340 0
346 0
376 0
417 0
453 0
468 0
458 0
426 0
387 0
354 0
343 0
358 0
391 0
430 0
456 0
460 0
440 0
404 0
366 0
340 0
338 0
362 0
403 0
444 0
466 0
462 0
434 0
394 0
357 0
341 0
350 0
383 0
425 0
460 0
469 0
453 0
419 0
376 0
345 0
338 0
355 0
392 0
433 0
459 0
459 0
437 0
399 0
363 0
339 0
342 0
373 0
413 0
449 0
466 0
458 0
423 0
383 0
350 0
339 0
351 0
387 0
431 0
458 0
463 0
443 0
406 0
367 0
341 0
340 0
367 0
405 0
442 0
464 0
456 0
428 0
389 0
355 0
338 0
345 0
377 0
422 0
452 0
465 0
451 0
417 0
375 0
344 0
336 0
355 0
392 0
433 0
460 0
460 0
434 0
394 0
355 0
334 0
338 0
371 0
413 0
448 0
467 0
459 0
426 0
386 0
353 0
340 0
352 0
385 0
427 0
454 0
461 0
439 0
403 0
361 0
334 0
332 0
361 0
401 0
441 0
467 0
464 0
439 0
401 0
366 0
346 0
353 0
385 0
425 0
454 0
465 0
448 0
411 0
369 0
337 0
332 0
352 0
392 0
435 0
465 0
464 0
440 0
400 0
361 0
337 0
338 0
367 0
407 0
445 0
464 0
459 0
426 0
384 0
349 0
334 0
346 0
381 0
423 0
451 0
458 0
438 0
403 0
361 0
335 0
334 0
361 0
403 0
444 0
467 0
464 0
438 0
395 0
359 0
336 0
343 0
375 0
418 0
453 0
468 0
456 0
425 0
382 0
350 0
340 0
352 0
388 0
427 0
455 0
456 0
437 0
401 0
368 0
345 0
347 0
376 0
412 0
447 0
462 0
453 0
420 0
381 0
347 0
338 0
351 0
389 0
429 0
458 0
464 0
443 0
404 0
361 0
331 0
325 0
349 0
389 0
430 0
454 0
454 0
428 0
389 0
353 0
335 0
342 0
373 0
418 0
453 0
467 0
456 0
420 0
377 0
343 0
331 0
350 0
387 0
428 0
457 0
459 0
436 0
397 0
359 0
334 0
334 0
362 0
405 0
444 0
464 0
458 0
428 0
386 0
350 0
334 0
344 0
376 0
418 0
450 0
460 0
443 0
407 0
366 0
336 0
332 0
356 0
396 0
436 0
460 0
460 0
434 0
394 0
357 0
336 0
342 0
372 0
414 0
447 0
460 0
447 0
415 0
374 0
341 0
332 0
351 0
387 0
429 0
458 0
460 0
437 0
399 0
362 0
336 0
336 0
362 0
402 0
439 0
459 0
453 0
424 0
383 0
348 0
334 0
346 0
382 0
427 0
460 0
468 0
449 0
413 0
372 0
341 0
335 0
357 0
395 0
435 0
459 0
458 0
432 0
393 0
355 0
332 0
337 0
366 0
410 0
446 0
461 0
452 0
421 0
378 0
344 0
332 0
346 0
381 0
423 0
454 0
460 0
442 0
404 0
367 0
340 0
339 0
366 0
406 0
445 0
466 0
461 0
432 0
387 0
349 0
332 0
342 0
376 0
420 0
452 0
461 0
443 0
408 0
369 0
339 0
335 0
358 0
397 0
437 0
462 0
461 0
435 0
394 0
355 0
333 0
337 0
367 0
411 0
447 0
462 0
453 0
421 0
380 0
348 0
335 0
351 0
386 0
427 0
458 0
463 0
442 0
402 0
361 0
335 0
335 0
364 0
407 0
448 0
470 0
467 0
436 0
392 0
354 0
336 0
346 0
378 0
421 0
457 0
469 0
457 0
422 0
381 0
351 0
342 0
362 0
399 0
438 0
463 0
463 0
436 0
392 0
353 0
327 0
330 0
361 0
405 0
443 0
461 0
451 0
421 0
378 0
343 0
328 0
341 0
377 0
420 0
455 0
463 0
447 0
411 0
372 0
344 0
342 0
368 0
407 0
445 0
464 0
459 0
430 0
388 0
350 0
331 0
338 0
371 0
414 0
449 0
461 0
448 0
416 0
377 0
347 0
337 0
357 0
393 0
435 0
462 0
464 0
439 0
398 0
358 0
334 0
337 0
366 0
409 0
447 0
463 0
454 0
424 0
381 0
347 0
334 0
348 0
383 0
425 0
456 0
462 0
444 0
407 0
367 0
340 0
338 0
364 0
404 0
446 0
470 0
470 0
443 0
399 0
359 0
337 0
340 0
371 0
413 0
447 0
461 0
447 0
414 0
373 0
339 0
330 0
350 0
388 0
430 0
459 0
462 0
440 0
401 0
362 0
337 0
337 0
364 0
406 0
444 0
463 0
456 0
425 0
382 0
345 0
330 0
342 0
379 0
424 0
459 0
471 0
453 0
416 0
374 0
344 0
337 0
360 0
400 0
438 0
460 0
459 0
430 0
390 0
351 0
330 0
335 0
365 0
407 0
445 0
459 0
449 0
418 0
376 0
344 0
334 0
353 0
393 0
435 0
465 0
471 0
448 0
408 0
367 0
340 0
339 0
365 0
405 0
442 0
460 0
451 0
423 0
382 0
347 0
333 0
345 0
380 0
423 0
458 0
466 0
448 0
412 0
371 0
340 0
335 0
356 0
395 0
435 0
459 0
459 0
435 0
395 0
359 0
341 0
346 0
376 0
417 0
452 0
465 0
452 0
418 0
376 0
341 0
331 0
348 0
386 0
427 0
456 0
461 0
438 0
399 0
358 0
333 0
334 0
364 0
410 0
449 0
469 0
462 0
432 0
390 0
352 0
336 0
346 0
381 0
421 0
454 0
462 0
446 0
410 0
370 0
340 0
334 0
355 0
396 0
436 0
462 0
464 0
440 0
399 0
360 0
337 0
340 0
370 0
411 0
448 0
463 0
451 0
418 0
377 0
344 0
333 0
351 0
387 0
430 0
459 0
465 0
444 0
406 0
367 0
339 0
336 0
360 0
401 0
440 0
461 0
457 0
429 0
390 0
356 0
339 0
348 0
380 0
422 0
456 0
468 0
452 0
414 0
371 0
340 0
332 0
353 0
394 0
434 0
459 0
459 0
435 0
397 0
360 0
339 0
342 0
369 0
411 0
449 0
465 0
459 0
425 0
382 0
348 0
334 0
349 0
386 0
428 0
459 0
465 0
444 0
406 0
366 0
339 0
337 0
362 0
404 0
444 0
464 0
462 0
437 0
397 0
362 0
343 0
350 0
380 0
420 0
454 0
465 0
449 0
415 0
375 0
344 0
337 0
356 0
396 0
438 0
466 0
469 0
446 0
407 0
369 0
347 0
348 0
374 0
413 0
449 0
466 0
458 0
429 0
390 0
354 0
340 0
351 0
383 0
424 0
454 0
463 0
444 0
407 0
367 0
340 0
335 0
358 0
398 0
434 0
456 0
451 0
424 0
386 0
350 0
334 0
345 0
377 0
420 0
456 0
467 0
452 0
416 0
375 0
342 0
334 0
353 0
392 0
435 0
461 0
463 0
439 0
398 0
359 0
335 0
338 0
366 0
409 0
449 0
466 0
458 0
427 0
383 0
347 0
332 0
347 0
383 0
426 0
458 0
466 0
448 0
412 0
374 0
347 0
342 0
364 0
403 0
444 0
464 0
462 0
432 0
389 0
351 0
332 0
340 0
371 0
413 0
449 0
461 0
449 0
414 0
373 0
341 0
330 0
349 0
387 0
430 0
458 0
463 0
442 0
404 0
367 0
342 0
343 0
369 0
410 0
450 0
467 0
459 0
426 0
380 0
342 0
325 0
338 0
376 0
419 0
452 0
464 0
446 0
410 0
370 0
341 0
337 0
360 0
401 0
440 0
461 0
458 0
433 0
393 0
356 0
336 0
343 0
375 0
416 0
452 0
465 0
452 0
419 0
378 0
345 0
332 0
348 0
386 0
429 0
459 0
465 0
445 0
406 0
366 0
342 0
341 0
367 0
407 0
446 0
465 0
458 0
428 0
384 0
345 0
328 0
340 0
374 0
419 0
454 0
467 0
452 0
417 0
378 0
348 0
339 0
357 0
394 0
433 0
458 0
460 0
435 0
393 0
354 0
332 0
337 0
366 0
410 0
448 0
466 0
453 0
420 0
379 0
346 0
336 0
354 0
395 0
437 0
465 0
471 0
449 0
408 0
366 0
339 0
335 0
358 0
399 0
441 0
462 0
459 0
434 0
393 0
356 0
338 0
347 0
378 0
420 0
454 0
462 0
443 0
404 0
360 0
331 0
323 0
346 0
391 0
435 0
465 0
468 0
446 0
406 0
365 0
342 0
346 0
373 0
415 0
453 0
468 0
457 0
424 0
380 0
343 0
326 0
338 0
376 0
418 0
451 0
461 0
444 0
408 0
371 0
347 0
345 0
369 0
410 0
450 0
468 0
462 0
432 0
390 0
354 0
336 0
345 0
376 0
413 0
445 0
456 0
439 0
405 0
367 0
339 0
335 0
358 0
399 0
441 0
467 0
468 0
446 0
404 0
365 0
341 0
343 0
369 0
410 0
447 0
463 0
452 0
420 0
380 0
345 0
332 0
345 0
381 0
422 0
453 0
461 0
441 0
403 0
363 0
338 0
335 0
360 0
401 0
443 0
465 0
461 0
434 0
396 0
360 0
342 0
350 0
379 0
421 0
455 0
467 0
449 0
414 0
372 0
341 0
331 0
348 0
388 0
429 0
456 0
459 0
437 0
397 0
358 0
336 0
339 0
367 0
407 0
446 0
462 0
453 0
423 0
385 0
353 0
342 0
355 0
392 0
434 0
464 0
471 0
450 0
409 0
366 0
337 0
332 0
355 0
396 0
438 0
461 0
459 0
433 0
393 0
355 0
338 0
344 0
375 0
417 0
450 0
463 0
448 0
412 0
371 0
341 0
332 0
351 0
392 0
435 0
464 0
467 0
445 0
405 0
363 0
337 0
338 0
362 0
403 0
443 0
463 0
456 0
427 0
385 0
350 0
333 0
344 0
381 0
423 0
458 0
468 0
450 0
414 0
372 0
343 0
338 0
358 0
398 0
436 0
458 0
457 0
431 0
393 0
359 0
341 0
348 0
379 0
419 0
453 0
469 0
453 0
418 0
376 0
344 0
334 0
351 0
391 0
433 0
460 0
462 0
441 0
400 0
361 0
336 0
337 0
363 0
405 0
446 0
468 0
462 0
432 0
392 0
354 0
336 0
344 0
377 0
418 0
450 0
461 0
445 0
408 0
368 0
339 0
332 0
352 0
392 0
435 0
462 0
463 0
438 0
401 0
362 0
341 0
347 0
375 0
416 0
452 0
467 0
455 0
421 0
380 0
348 0
335 0
349 0
386 0
428 0
457 0
463 0
443 0
404 0
364 0
337 0
337 0
361 0
401 0
441 0
460 0
454 0
425 0
386 0
352 0
338 0
349 0
385 0
426 0
459 0
470 0
452 0
415 0
374 0
344 0
336 0
355 0
393 0
435 0
459 0
460 0
435 0
398 0
358 0
336 0
342 0
370 0
413 0
451 0
469 0
458 0
424 0
383 0
348 0
334 0
347 0
383 0
428 0
457 0
464 0
446 0
405 0
363 0
336 0
335 0
360 0
403 0
444 0
465 0
462 0
433 0
392 0
354 0
334 0
344 0
377 0
418 0
451 0
461 0
446 0
411 0
375 0
348 0
343 0
361 0
400 0
442 0
465 0
466 0
441 0
400 0
359 0
335 0
339 0
367 0
409 0
447 0
468 0
456 0
422 0
381 0
344 0
331 0
348 0
385 0
429 0
460 0
465 0
446 0
408 0
370 0
343 0
342 0
366 0
405 0
446 0
467 0
461 0
430 0
389 0
350 0
332 0
340 0
374 0
416 0
450 0
461 0
449 0
414 0
377 0
353 0
348 0
371 0
410 0
453 0
477 0
477 0
453 0
410 0
369 0
343 0
342 0
366 0
408 0
444 0
464 0
459 0
425 0
384 0
350 0
334 0
347 0
381 0
424 0
457 0
466 0
451 0
413 0
373 0
346 0
343 0
366 0
404 0
446 0
467 0
464 0
436 0
397 0
362 0
343 0
351 0
381 0
420 0
454 0
466 0
455 0
420 0
378 0
348 0
336 0
353 0
389 0
432 0
460 0
464 0
443 0
405 0
366 0
341 0
342 0
368 0
408 0
447 0
464 0
458 0
427 0
387 0
357 0
342 0
353 0
386 0
427 0
459 0
469 0
454 0
417 0
374 0
344 0
340 0
360 0
398 0
443 0
468 0
463 0
437 0
396 0
359 0
337 0
343 0
374 0
414 0
450 0
462 0
449 0
413 0
370 0
339 0
326 0
343 0
381 0
425 0
455 0
459 0
439 0
400 0
361 0
336 0
339 0
367 0
408 0
448 0
469 0
461 0
431 0
389 0
354 0
335 0
345 0
379 0
422 0
456 0
464 0
448 0
410 0
368 0
339 0
332 0
352 0
390 0
434 0
461 0
463 0
440 0
404 0
366 0
348 0
352 0
382 0
423 0
458 0
472 0
461 0
428 0
386 0
355 0
344 0
357 0
391 0
432 0
458 0
460 0
439 0
402 0
363 0
338 0
339 0
364 0
403 0
441 0
461 0
453 0
423 0
381 0
347 0
331 0
342 0
377 0
419 0
453 0
464 0
449 0
413 0
371 0
341 0
335 0
354 0
394 0
437 0
464 0
464 0
438 0
398 0
357 0
336 0
340 0
370 0
413 0
450 0
467 0
458 0
423 0
381 0
347 0
332 0
345 0
382 0
424 0
453 0
459 0
440 0
405 0
365 0
340 0
340 0
364 0
405 0
445 0
466 0
461 0
429 0
387 0
352 0
332 0
342 0
377 0
419 0
454 0
466 0
453 0
418 0
378 0
349 0
343 0
360 0
397 0
438 0
464 0
465 0
441 0
401 0
361 0
335 0
337 0
365 0
404 0
441 0
458 0
447 0
415 0
377 0
346 0
336 0
351 0
386 0
430 0
458 0
463 0
444 0
406 0
365 0
339 0
337 0
361 0
400 0
441 0
467 0
463 0
435 0
393 0
355 0
332 0
337 0
368 0
409 0
444 0
458 0
449 0
415 0
375 0
346 0
338 0
354 0
391 0
433 0
462 0
464 0
442 0
405 0
364 0
340 0
341 0
367 0
409 0
447 0
466 0
459 0
427 0
385 0
352 0
337 0
347 0
382 0
424 0
454 0
461 0
442 0
407 0
365 0
338 0
336 0
357 0
398 0
438 0
462 0
457 0
429 0
388 0
352 0
333 0
340 0
372 0
413 0
449 0
462 0
449 0
414 0
371 0
340 0
333 0
350 0
389 0
432 0
462 0
466 0
445 0
408 0
369 0
347 0
348 0
373 0
413 0
449 0
469 0
464 0
433 0
392 0
358 0
342 0
351 0
383 0
425 0
457 0
464 0
446 0
409 0
366 0
338 0
335 0
357 0
397 0
438 0
464 0
464 0
438 0
399 0
363 0
344 0
349 0
378 0
418 0
453 0
466 0
455 0
421 0
379 0
348 0
338 0
353 0
390 0
433 0
463 0
468 0
446 0
408 0
366 0
338 0
338 0
365 0
405 0
444 0
465 0
459 0
429 0
387 0
