279 0
446 0
682 0
892 0
986 0
931 0
742 0
504 0
312 0
242 0
326 0
530 0
767 0
943 0
980 0
866 0
649 0
420 0
267 0
260 0
402 0
630 0
618 0
604 0
593 0
578 0
564 0
551 0
539 0
527 0
517 0
505 0
492 0
481 0
469 0
390 0
254 0
266 0
422 0
659 0
871 0
981 0
940 0
762 0
524 0
324 0
242 0
321 0
514 0
754 0
934 0
992 0
884 0
672 0
438 0
274 0
255 0
383 0
606 0
836 0
969 0
959 0
807 0
571 0
356 0
247 0
286 0
464 0
700 0
905 0
986 0
915 0
730 0
482 0
301 0
245 0
345 0
555 0
790 0
953 0
971 0
847 0
621 0
398 0
256 0
265 0
417 0
645 0
860 0
973 0
939 0
764 0
526 0
327 0
241 0
309 0
503 0
745 0
925 0
980 0
884 0
678 0
440 0
277 0
250 0
375 0
595 0
822 0
969 0
962 0
810 0
578 0
363 0
247 0
281 0
454 0
689 0
891 0
980 0
921 0
727 0
488 0
301 0
244 0
340 0
546 0
783 0
949 0
977 0
854 0
631 0
404 0
262 0
262 0
411 0
639 0
855 0
970 0
941 0
769 0
533 0
329 0
240 0
303 0
495 0
734 0
917 0
982 0
889 0
685 0
447 0
282 0
249 0
372 0
590 0
818 0
967 0
963 0
815 0
588 0
369 0
247 0
277 0
446 0
686 0
888 0
981 0
925 0
733 0
496 0
305 0
245 0
332 0
541 0
776 0
949 0
980 0
859 0
643 0
409 0
264 0
258 0
406 0
632 0
851 0
971 0
950 0
776 0
542 0
338 0
240 0
298 0
487 0
727 0
914 0
980 0
896 0
696 0
457 0
288 0
251 0
366 0
584 0
812 0
967 0
966 0
823 0
595 0
377 0
249 0
275 0
440 0
676 0
880 0
976 0
927 0
737 0
498 0
309 0
240 0
326 0
529 0
768 0
942 0
976 0
864 0
650 0
418 0
266 0
257 0
400 0
625 0
848 0
970 0
953 0
784 0
550 0
341 0
242 0
294 0
476 0
720 0
912 0
979 0
898 0
697 0
460 0
286 0
248 0
359 0
573 0
804 0
959 0
968 0
831 0
605 0
383 0
256 0
274 0
432 0
667 0
875 0
974 0
928 0
744 0
508 0
314 0
240 0
319 0
519 0
758 0
933 0
977 0
870 0
656 0
428 0
270 0
256 0
394 0
619 0
838 0
969 0
953 0
791 0
560 0
348 0
244 0
291 0
472 0
707 0
902 0
978 0
900 0
704 0
470 0
290 0
243 0
353 0
565 0
800 0
956 0
973 0
838 0
616 0
392 0
257 0
270 0
428 0
662 0
870 0
976 0
930 0
752 0
514 0
318 0
239 0
316 0
511 0
746 0
929 0
976 0
873 0
660 0
430 0
272 0
255 0
384 0
610 0
834 0
966 0
960 0
800 0
568 0
353 0
246 0
288 0
465 0
701 0
901 0
977 0
904 0
711 0
474 0
294 0
241 0
343 0
555 0
790 0
951 0
972 0
843 0
622 0
400 0
260 0
269 0
421 0
655 0
867 0
977 0
935 0
763 0
523 0
325 0
240 0
308 0
503 0
740 0
922 0
978 0
878 0
668 0
439 0
277 0
253 0
380 0
600 0
828 0
964 0
962 0
809 0
577 0
361 0
248 0
285 0
456 0
694 0
893 0
980 0
911 0
722 0
479 0
297 0
239 0
338 0
545 0
781 0
945 0
974 0
851 0
629 0
401 0
262 0
267 0
414 0
646 0
860 0
975 0
940 0
768 0
533 0
330 0
242 0
307 0
495 0
735 0
920 0
979 0
886 0
675 0
443 0
276 0
249 0
371 0
590 0
818 0
961 0
965 0
818 0
588 0
368 0
253 0
281 0
452 0
690 0
891 0
979 0
918 0
730 0
490 0
304 0
238 0
333 0
539 0
772 0
942 0
974 0
854 0
636 0
408 0
265 0
262 0
409 0
638 0
856 0
975 0
945 0
777 0
544 0
335 0
245 0
302 0
490 0
725 0
917 0
980 0
887 0
683 0
449 0
281 0
247 0
365 0
582 0
811 0
958 0
966 0
819 0
593 0
373 0
253 0
281 0
447 0
679 0
888 0
978 0
924 0
738 0
500 0
308 0
240 0
328 0
529 0
765 0
934 0
973 0
856 0
641 0
413 0
262 0
257 0
400 0
628 0
848 0
972 0
948 0
788 0
553 0
341 0
245 0
299 0
483 0
718 0
911 0
978 0
896 0
692 0
457 0
282 0
241 0
357 0
572 0
801 0
955 0
964 0
825 0
601 0
380 0
255 0
276 0
438 0
675 0
881 0
979 0
928 0
745 0
507 0
314 0
240 0
325 0
522 0
757 0
933 0
977 0
864 0
648 0
417 0
265 0
255 0
391 0
619 0
840 0
968 0
953 0
793 0
559 0
348 0
246 0
295 0
475 0
711 0
908 0
982 0
901 0
701 0
468 0
288 0
244 0
351 0
566 0
795 0
951 0
968 0
835 0
608 0
383 0
254 0
269 0
432 0
664 0
876 0
979 0
934 0
755 0
515 0
318 0
243 0
319 0
516 0
753 0
927 0
979 0
870 0
656 0
428 0
268 0
252 0
383 0
611 0
833 0
966 0
954 0
800 0
569 0
356 0
247 0
295 0
469 0
706 0
904 0
980 0
905 0
708 0
471 0
292 0
241 0
345 0
558 0
788 0
946 0
969 0
836 0
613 0
390 0
256 0
266 0
423 0
654 0
871 0
977 0
937 0
762 0
524 0
325 0
243 0
316 0
508 0
744 0
924 0
978 0
874 0
664 0
432 0
270 0
250 0
377 0
599 0
828 0
962 0
955 0
804 0
571 0
358 0
249 0
287 0
463 0
698 0
903 0
980 0
911 0
718 0
483 0
297 0
243 0
341 0
549 0
782 0
943 0
969 0
842 0
620 0
394 0
258 0
261 0
413 0
645 0
861 0
975 0
938 0
770 0
530 0
332 0
242 0
313 0
500 0
738 0
922 0
981 0
885 0
675 0
441 0
276 0
246 0
369 0
592 0
821 0
959 0
960 0
812 0
581 0
364 0
249 0
281 0
456 0
689 0
894 0
983 0
917 0
729 0
491 0
303 0
242 0
336 0
542 0
776 0
942 0
974 0
854 0
633 0
400 0
261 0
257 0
406 0
635 0
853 0
972 0
941 0
774 0
540 0
336 0
243 0
308 0
494 0
732 0
918 0
982 0
889 0
683 0
451 0
283 0
248 0
367 0
587 0
813 0
957 0
958 0
817 0
588 0
367 0
248 0
280 0
445 0
680 0
889 0
980 0
923 0
735 0
498 0
308 0
242 0
333 0
536 0
768 0
939 0
976 0
857 0
638 0
409 0
261 0
256 0
398 0
626 0
847 0
968 0
942 0
782 0
545 0
339 0
243 0
300 0
489 0
723 0
913 0
980 0
893 0
693 0
458 0
284 0
244 0
359 0
578 0
806 0
955 0
962 0
824 0
595 0
374 0
249 0
272 0
436 0
671 0
884 0
978 0
926 0
741 0
506 0
313 0
243 0
326 0
531 0
764 0
937 0
976 0
865 0
648 0
416 0
265 0
256 0
391 0
618 0
842 0
966 0
946 0
786 0
552 0
343 0
244 0
295 0
478 0
716 0
910 0
985 0
902 0
701 0
467 0
292 0
247 0
357 0
572 0
804 0
951 0
964 0
831 0
603 0
379 0
251 0
268 0
428 0
663 0
876 0
979 0
928 0
749 0
515 0
317 0
244 0
321 0
520 0
757 0
934 0
982 0
873 0
659 0
424 0
271 0
255 0
387 0
613 0
837 0
963 0
949 0
794 0
560 0
347 0
242 0
289 0
469 0
705 0
902 0
982 0
905 0
710 0
473 0
294 0
245 0
349 0
562 0
796 0
951 0
968 0
838 0
613 0
388 0
256 0
266 0
421 0
652 0
869 0
974 0
931 0
753 0
518 0
320 0
241 0
316 0
513 0
750 0
930 0
983 0
877 0
665 0
432 0
273 0
252 0
380 0
604 0
832 0
959 0
939 0
780 0
546 0
339 0
237 0
284 0
467 0
704 0
904 0
990 0
918 0
723 0
487 0
304 0
248 0
346 0
560 0
789 0
947 0
972 0
847 0
620 0
393 0
256 0
262 0
413 0
645 0
861 0
970 0
932 0
761 0
524 0
326 0
240 0
310 0
504 0
741 0
924 0
982 0
882 0
673 0
439 0
276 0
251 0
376 0
596 0
824 0
960 0
956 0
809 0
578 0
359 0
244 0
282 0
454 0
687 0
892 0
983 0
915 0
722 0
489 0
303 0
244 0
341 0
550 0
783 0
948 0
975 0
852 0
630 0
401 0
259 0
261 0
411 0
641 0
857 0
975 0
939 0
769 0
533 0
328 0
240 0
306 0
494 0
735 0
920 0
985 0
893 0
682 0
448 0
281 0
248 0
370 0
589 0
818 0
958 0
959 0
817 0
587 0
367 0
247 0
278 0
444 0
682 0
884 0
975 0
915 0
729 0
494 0
307 0
242 0
332 0
542 0
776 0
942 0
974 0
861 0
638 0
408 0
263 0
258 0
402 0
632 0
853 0
970 0
944 0
777 0
542 0
336 0
242 0
298 0
486 0
725 0
912 0
981 0
891 0
688 0
454 0
283 0
250 0
364 0
581 0
812 0
958 0
962 0
826 0
593 0
372 0
251 0
274 0
440 0
675 0
882 0
980 0
921 0
736 0
500 0
310 0
240 0
326 0
531 0
767 0
937 0
980 0
866 0
648 0
419 0
268 0
258 0
397 0
625 0
847 0
970 0
948 0
783 0
552 0
341 0
242 0
295 0
477 0
714 0
907 0
982 0
897 0
697 0
460 0
288 0
247 0
358 0
575 0
808 0
958 0
967 0
833 0
604 0
379 0
251 0
273 0
436 0
667 0
882 0
981 0
928 0
748 0
510 0
313 0
240 0
321 0
523 0
763 0
933 0
978 0
872 0
654 0
423 0
271 0
259 0
391 0
617 0
841 0
974 0
952 0
791 0
560 0
347 0
243 0
292 0
473 0
709 0
904 0
982 0
903 0
706 0
466 0
289 0
245 0
352 0
569 0
798 0
956 0
972 0
841 0
613 0
387 0
254 0
270 0
426 0
661 0
872 0
978 0
931 0
752 0
517 0
319 0
238 0
314 0
512 0
747 0
927 0
978 0
875 0
663 0
430 0
273 0
256 0
388 0
612 0
836 0
968 0
954 0
800 0
568 0
353 0
245 0
287 0
464 0
701 0
898 0
982 0
906 0
716 0
473 0
294 0
245 0
343 0
555 0
797 0
951 0
974 0
851 0
621 0
395 0
259 0
271 0
421 0
654 0
866 0
979 0
936 0
763 0
525 0
322 0
240 0
311 0
505 0
745 0
922 0
977 0
881 0
669 0
435 0
275 0
250 0
378 0
605 0
831 0
967 0
962 0
808 0
578 0
362 0
245 0
287 0
458 0
695 0
893 0
986 0
916 0
719 0
483 0
297 0
239 0
338 0
546 0
786 0
948 0
973 0
850 0
629 0
402 0
261 0
269 0
416 0
647 0
862 0
982 0
943 0
767 0
535 0
332 0
240 0
307 0
498 0
738 0
923 0
978 0
886 0
677 0
441 0
276 0
248 0
373 0
592 0
823 0
966 0
962 0
816 0
588 0
367 0
251 0
282 0
451 0
687 0
889 0
981 0
918 0
725 0
489 0
302 0
239 0
332 0
540 0
775 0
939 0
972 0
854 0
636 0
407 0
264 0
263 0
408 0
642 0
860 0
976 0
948 0
778 0
542 0
336 0
242 0
303 0
491 0
728 0
917 0
980 0
892 0
686 0
449 0
280 0
245 0
364 0
583 0
817 0
959 0
968 0
822 0
594 0
374 0
250 0
279 0
446 0
680 0
885 0
981 0
922 0
735 0
496 0
306 0
239 0
327 0
530 0
770 0
936 0
975 0
861 0
641 0
412 0
263 0
259 0
401 0
627 0
849 0
976 0
949 0
783 0
547 0
339 0
244 0
299 0
486 0
720 0
913 0
981 0
897 0
694 0
458 0
283 0
242 0
356 0
573 0
805 0
954 0
964 0
828 0
600 0
380 0
252 0
273 0
439 0
672 0
880 0
980 0
928 0
745 0
505 0
313 0
241 0
323 0
525 0
763 0
933 0
977 0
867 0
648 0
418 0
265 0
255 0
394 0
621 0
845 0
972 0
952 0
790 0
557 0
347 0
245 0
295 0
476 0
714 0
907 0
981 0
903 0
699 0
463 0
288 0
244 0
349 0
565 0
800 0
952 0
965 0
831 0
610 0
384 0
256 0
272 0
431 0
665 0
873 0
980 0
932 0
750 0
512 0
318 0
240 0
317 0
517 0
751 0
930 0
974 0
872 0
659 0
423 0
268 0
250 0
383 0
609 0
834 0
968 0
953 0
800 0
567 0
354 0
245 0
290 0
469 0
704 0
902 0
979 0
907 0
707 0
470 0
294 0
245 0
348 0
558 0
792 0
947 0
968 0
838 0
614 0
390 0
254 0
268 0
423 0
656 0
872 0
982 0
934 0
760 0
520 0
321 0
240 0
313 0
508 0
748 0
924 0
979 0
878 0
664 0
431 0
271 0
250 0
377 0
600 0
825 0
963 0
954 0
803 0
571 0
357 0
248 0
286 0
461 0
697 0
897 0
980 0
914 0
717 0
479 0
297 0
243 0
341 0
553 0
786 0
947 0
968 0
843 0
622 0
393 0
256 0
260 0
413 0
647 0
863 0
979 0
942 0
767 0
531 0
331 0
242 0
310 0
503 0
741 0
924 0
979 0
886 0
675 0
439 0
277 0
250 0
371 0
592 0
819 0
962 0
957 0
807 0
579 0
363 0
246 0
285 0
456 0
691 0
892 0
980 0
919 0
726 0
488 0
301 0
241 0
337 0
542 0
780 0
945 0
971 0
849 0
631 0
402 0
259 0
257 0
407 0
635 0
855 0
976 0
943 0
773 0
538 0
334 0
243 0
304 0
495 0
733 0
918 0
979 0
888 0
683 0
446 0
278 0
246 0
366 0
584 0
814 0
960 0
960 0
814 0
584 0
367 0
246 0
277 0
446 0
681 0
887 0
980 0
924 0
732 0
498 0
307 0
243 0
333 0
536 0
772 0
938 0
972 0
857 0
640 0
409 0
260 0
254 0
400 0
627 0
849 0
971 0
942 0
779 0
544 0
339 0
245 0
300 0
487 0
727 0
913 0
980 0
897 0
693 0
457 0
283 0
245 0
360 0
578 0
807 0
957 0
963 0
821 0
595 0
373 0
248 0
271 0
436 0
672 0
882 0
981 0
928 0
743 0
504 0
313 0
244 0
325 0
527 0
766 0
938 0
976 0
864 0
651 0
420 0
268 0
256 0
395 0
623 0
842 0
971 0
947 0
786 0
551 0
342 0
243 0
295 0
480 0
721 0
912 0
986 0
899 0
698 0
461 0
289 0
245 0
353 0
569 0
800 0
955 0
967 0
828 0
604 0
379 0
249 0
268 0
429 0
663 0
872 0
978 0
929 0
748 0
510 0
318 0
243 0
322 0
520 0
759 0
935 0
977 0
869 0
658 0
422 0
267 0
251 0
389 0
611 0
835 0
967 0
951 0
790 0
560 0
348 0
242 0
289 0
470 0
709 0
907 0
982 0
905 0
709 0
471 0
292 0
245 0
350 0
561 0
795 0
952 0
968 0
835 0
610 0
387 0
253 0
269 0
426 0
655 0
868 0
974 0
931 0
753 0
517 0
319 0
240 0
315 0
513 0
752 0
931 0
979 0
877 0
664 0
430 0
271 0
250 0
383 0
604 0
830 0
963 0
956 0
801 0
567 0
352 0
244 0
283 0
460 0
700 0
900 0
979 0
911 0
717 0
477 0
297 0
243 0
344 0
553 0
789 0
950 0
973 0
844 0
620 0
395 0
255 0
266 0
418 0
648 0
862 0
972 0
937 0
762 0
525 0
324 0
243 0
312 0
505 0
745 0
926 0
983 0
884 0
676 0
439 0
276 0
251 0
377 0
600 0
823 0
961 0
958 0
807 0
575 0
360 0
245 0
280 0
455 0
689 0
890 0
979 0
911 0
722 0
487 0
302 0
244 0
341 0
547 0
781 0
947 0
972 0
849 0
627 0
402 0
257 0
261 0
410 0
641 0
858 0
973 0
941 0
769 0
530 0
330 0
239 0
303 0
495 0
734 0
920 0
982 0
887 0
683 0
447 0
280 0
249 0
369 0
590 0
817 0
962 0
962 0
812 0
585 0
369 0
247 0
278 0
445 0
682 0
886 0
977 0
916 0
728 0
491 0
304 0
242 0
335 0
540 0
772 0
942 0
975 0
856 0
636 0
409 0
261 0
260 0
403 0
632 0
853 0
970 0
947 0
776 0
539 0
334 0
239 0
297 0
487 0
724 0
915 0
979 0
892 0
692 0
453 0
286 0
248 0
363 0
582 0
811 0
958 0
964 0
822 0
593 0
374 0
249 0
276 0
440 0
677 0
882 0
977 0
920 0
735 0
497 0
305 0
238 0
326 0
530 0
765 0
941 0
977 0
862 0
645 0
415 0
265 0
259 0
399 0
625 0
849 0
970 0
949 0
786 0
550 0
341 0
241 0
293 0
478 0
719 0
911 0
980 0
896 0
697 0
462 0
287 0
245 0
359 0
574 0
804 0
956 0
967 0
830 0
600 0
381 0
253 0
270 0
432 0
666 0
877 0
978 0
925 0
744 0
507 0
313 0
237 0
320 0
520 0
757 0
936 0
979 0
869 0
653 0
423 0
268 0
254 0
390 0
617 0
839 0
969 0
952 0
789 0
558 0
347 0
242 0
291 0
473 0
710 0
907 0
979 0
900 0
703 0
467 0
289 0
245 0
352 0
567 0
797 0
954 0
970 0
837 0
612 0
386 0
254 0
271 0
428 0
661 0
871 0
976 0
933 0
755 0
515 0
317 0
242 0
316 0
511 0
749 0
929 0
976 0
875 0
664 0
430 0
272 0
252 0
386 0
612 0
832 0
967 0
957 0
796 0
565 0
351 0
244 0
286 0
467 0
701 0
903 0
977 0
904 0
716 0
493 0
347 0
343 0
476 0
654 0
774 0
767 0
642 0
484 0
399 1
445 1
592 1
753 1
827 1
774 1
616 1
464 1
412 1
491 1
649 1
790 1
821 1
723 1
554 1
423 1
411 1
527 1
692 1
810 1
799 1
669 1
504 1
406 1
438 1
580 1
739 1
820 1
768 1
615 1
460 1
401 1
473 1
632 1
777 1
818 1
726 1
559 1
427 1
410 1
519 1
684 1
803 1
798 1
675 1
511 1
410 1
433 1
573 1
737 1
823 1
773 1
626 1
470 1
402 1
466 1
622 1
772 1
818 1
734 1
570 1
432 1
407 1
508 1
676 1
797 1
802 1
683 1
517 1
408 1
429 1
561 1
729 1
817 1
780 1
636 1
474 1
402 1
461 1
617 1
764 1
818 1
740 1
582 1
438 1
407 1
501 1
665 1
794 1
805 1
695 1
525 1
411 1
422 1
553 1
715 1
815 1
787 1
647 1
484 1
402 1
454 1
604 1
758 1
819 1
749 1
588 1
443 1
402 1
494 1
659 1
793 1
812 1
702 1
535 1
418 1
417 1
542 1
706 1
811 1
792 1
653 1
490 1
403 1
448 1
595 1
753 1
820 1
755 1
597 1
449 1
404 1
487 1
648 1
787 1
815 1
712 1
546 1
422 1
415 1
534 1
699 1
809 1
792 1
660 1
498 1
404 1
441 1
585 1
747 1
824 1
761 1
609 1
458 1
401 1
478 1
641 1
782 1
816 1
721 1
556 1
425 1
412 1
525 1
694 1
807 1
799 1
672 1
505 1
405 1
436 1
577 1
740 1
821 1
771 1
623 1
466 1
401 1
473 1
631 1
776 1
817 1
729 1
565 1
431 1
409 1
517 1
683 1
800 1
799 1
679 1
511 1
406 1
428 1
567 1
728 1
820 1
780 1
628 1
474 1
402 1
466 1
621 1
770 1
822 1
738 1
574 1
435 1
409 1
507 1
673 1
800 1
807 1
687 1
522 1
411 1
427 1
554 1
719 1
815 1
781 1
635 1
478 1
402 1
458 1
612 1
765 1
823 1
744 1
584 1
441 1
404 1
497 1
662 1
796 1
808 1
699 1
534 1
418 1
421 1
547 1
714 1
812 1
786 1
643 1
485 1
401 1
450 1
602 1
764 1
822 1
752 1
598 1
447 1
402 1
492 1
657 1
791 1
811 1
706 1
539 1
419 1
416 1
539 1
704 1
811 1
789 1
654 1
491 1
401 1
442 1
592 1
751 1
823 1
759 1
606 1
453 1
401 1
484 1
644 1
783 1
815 1
717 1
549 1
423 1
413 1
532 1
699 1
812 1
798 1
668 1
500 1
404 1
439 1
581 1
739 1
819 1
768 1
614 1
462 1
403 1
476 1
636 1
779 1
820 1
727 1
559 1
427 1
413 1
520 1
685 1
806 1
801 1
674 1
508 1
406 1
434 1
571 1
732 1
818 1
769 1
619 1
466 1
402 1
469 1
627 1
776 1
821 1
731 1
569 1
436 1
408 1
513 1
678 1
803 1
803 1
684 1
518 1
411 1
427 1
563 1
729 1
815 1
777 1
627 1
474 1
400 1
459 1
616 1
770 1
821 1
742 1
580 1
439 1
405 1
504 1
670 1
797 1
807 1
693 1
528 1
415 1
423 1
555 1
717 1
814 1
781 1
640 1
478 1
398 1
450 1
605 1
760 1
819 1
751 1
589 1
447 1
405 1
499 1
661 1
796 1
811 1
705 1
535 1
416 1
419 1
545 1
712 1
815 1
788 1
649 1
489 1
401 1
446 1
594 1
751 1
819 1
752 1
598 1
449 1
406 1
491 1
652 1
789 1
819 1
712 1
544 1
421 1
418 1
535 1
700 1
811 1
790 1
661 1
494 1
403 1
442 1
587 1
744 1
821 1
759 1
607 1
456 1
401 1
480 1
642 1
784 1
819 1
719 1
555 1
429 1
415 1
526 1
697 1
809 1
799 1
670 1
504 1
406 1
437 1
578 1
742 1
819 1
766 1
613 1
459 1
398 1
472 1
632 1
781 1
820 1
727 1
565 1
430 1
411 1
518 1
686 1
802 1
801 1
678 1
510 1
406 1
429 1
569 1
729 1
816 1
772 1
627 1
467 1
397 1
464 1
621 1
769 1
820 1
739 1
572 1
434 1
410 1
512 1
679 1
801 1
810 1
689 1
521 1
411 1
429 1
558 1
725 1
817 1
780 1
635 1
475 1
398 1
457 1
610 1
763 1
821 1
742 1
580 1
439 1
405 1
501 1
667 1
797 1
812 1
699 1
531 1
417 1
423 1
549 1
715 1
814 1
783 1
643 1
481 1
403 1
450 1
603 1
757 1
819 1
747 1
589 1
445 1
403 1
492 1
658 1
794 1
812 1
707 1
541 1
420 1
420 1
541 1
708 1
814 1
790 1
652 1
491 1
401 1
445 1
591 1
751 1
818 1
755 1
600 1
451 1
401 1
485 1
648 1
788 1
815 1
715 1
550 1
425 1
417 1
535 1
698 1
810 1
796 1
665 1
499 1
406 1
442 1
584 1
742 1
818 1
763 1
609 1
457 1
400 1
476 1
638 1
780 1
818 1
724 1
557 1
429 1
412 1
523 1
691 1
809 1
803 1
675 1
507 1
409 1
438 1
575 1
736 1
820 1
771 1
619 1
465 1
400 1
472 1
627 1
772 1
817 1
727 1
565 1
430 1
410 1
516 1
683 1
805 1
806 1
686 1
517 1
411 1
431 1
566 1
728 1
818 1
774 1
629 1
471 1
400 1
463 1
618 1
771 1
819 1
735 1
574 1
435 1
405 1
505 1
673 1
802 1
809 1
693 1
526 1
414 1
425 1
554 1
721 1
820 1
783 1
638 1
478 1
400 1
457 1
611 1
763 1
820 1
744 1
586 1
441 1
402 1
496 1
662 1
795 1
810 1
702 1
534 1
416 1
422 1
549 1
713 1
814 1
789 1
649 1
485 1
403 1
451 1
599 1
756 1
818 1
756 1
594 1
446 1
402 1
489 1
652 1
787 1
815 1
707 1
541 1
421 1
417 1
538 1
705 1
815 1
795 1
661 1
495 1
404 1
446 1
589 1
748 1
822 1
758 1
604 1
453 1
400 1
481 1
641 1
782 1
817 1
717 1
550 1
422 1
412 1
528 1
695 1
814 1
803 1
670 1
505 1
406 1
438 1
582 1
745 1
819 1
766 1
612 1
462 1
400 1
474 1
634 1
779 1
817 1
723 1
559 1
427 1
409 1
518 1
690 1
806 1
803 1
678 1
512 1
407 1
436 1
571 1
735 1
819 1
774 1
624 1
467 1
399 1
465 1
623 1
773 1
817 1
732 1
570 1
433 1
406 1
510 1
676 1
799 1
805 1
689 1
520 1
414 1
431 1
566 1
725 1
816 1
778 1
635 1
475 1
401 1
461 1
615 1
767 1
818 1
742 1
579 1
437 1
405 1
501 1
664 1
796 1
808 1
692 1
527 1
415 1
423 1
553 1
719 1
816 1
787 1
644 1
481 1
403 1
454 1
605 1
761 1
821 1
747 1
588 1
442 1
402 1
494 1
659 1
791 1
812 1
703 1
534 1
416 1
418 1
541 1
711 1
819 1
791 1
653 1
490 1
408 1
447 1
598 1
754 1
822 1
754 1
597 1
450 1
401 1
485 1
648 1
789 1
814 1
710 1
545 1
418 1
413 1
531 1
703 1
812 1
794 1
666 1
499 1
405 1
444 1
590 1
746 1
820 1
761 1
610 1
456 1
402 1
479 1
640 1
783 1
816 1
721 1
557 1
426 1
411 1
525 1
691 1
806 1
803 1
673 1
504 1
405 1
437 1
577 1
739 1
819 1
771 1
621 1
463 1
400 1
473 1
631 1
777 1
818 1
729 1
565 1
431 1
408 1
514 1
680 1
803 1
803 1
679 1
513 1
409 1
432 1
570 1
731 1
821 1
777 1
628 1
469 1
401 1
466 1
622 1
769 1
819 1
735 1
574 1
436 1
407 1
507 1
674 1
802 1
805 1
690 1
522 1
410 1
425 1
558 1
723 1
821 1
783 1
639 1
482 1
402 1
458 1
611 1
767 1
821 1
743 1
583 1
440 1
402 1
498 1
663 1
794 1
809 1
696 1
531 1
414 1
418 1
546 1
715 1
814 1
787 1
651 1
487 1
403 1
453 1
603 1
758 1
821 1
751 1
596 1
446 1
404 1
491 1
655 1
789 1
812 1
707 1
538 1
417 1
415 1
539 1
702 1
810 1
788 1
657 1
493 1
407 1
447 1
593 1
752 1
822 1
761 1
602 1
454 1
402 1
484 1
647 1
784 1
816 1
717 1
549 1
422 1
412 1
529 1
695 1
808 1
796 1
663 1
499 1
404 1
439 1
583 1
745 1
824 1
769 1
614 1
460 1
404 1
479 1
637 1
779 1
820 1
726 1
558 1
427 1
413 1
521 1
687 1
807 1
800 1
673 1
507 1
405 1
431 1
572 1
734 1
823 1
774 1
622 1
470 1
401 1
471 1
627 1
774 1
818 1
731 1
570 1
431 1
408 1
511 1
679 1
801 1
802 1
682 1
517 1
410 1
425 1
561 1
726 1
815 1
776 1
635 1
475 1
402 1
462 1
620 1
770 1
822 1
739 1
579 1
438 1
406 1
504 1
670 1
797 1
809 1
693 1
525 1
412 1
421 1
553 1
719 1
812 1
783 1
640 1
479 1
400 1
456 1
608 1
763 1
822 1
750 1
588 1
443 1
406 1
496 1
661 1
796 1
814 1
702 1
535 1
415 1
420 1
545 1
708 1
813 1
787 1
648 1
485 1
400 1
446 1
599 1
753 1
825 1
755 1
596 1
450 1
402 1
487 1
652 1
790 1
814 1
710 1
543 1
422 1
414 1
537 1
701 1
812 1
793 1
657 1
495 1
404 1
441 1
586 1
749 1
822 1
763 1
607 1
458 1
405 1
484 1
645 1
785 1
815 1
718 1
554 1
425 1
411 1
527 1
695 1
807 1
798 1
670 1
503 1
406 1
436 1
577 1
742 1
819 1
767 1
618 1
462 1
402 1
474 1
635 1
779 1
817 1
728 1
564 1
430 1
410 1
521 1
683 1
803 1
801 1
679 1
511 1
406 1
430 1
568 1
729 1
816 1
773 1
624 1
466 1
399 1
465 1
624 1
772 1
823 1
739 1
573 1
436 1
408 1
511 1
675 1
799 1
807 1
686 1
519 1
410 1
427 1
558 1
724 1
821 1
778 1
632 1
474 1
398 1
455 1
612 1
765 1
822 1
747 1
583 1
445 1
405 1
502 1
667 1
797 1
808 1
695 1
528 1
413 1
421 1
551 1
716 1
816 1
785 1
645 1
481 1
400 1
450 1
602 1
757 1
821 1
750 1
594 1
448 1
404 1
495 1
658 1
794 1
815 1
705 1
541 1
419 1
420 1
540 1
707 1
813 1
790 1
656 1
488 1
402 1
443 1
592 1
748 1
819 1
754 1
600 1
451 1
401 1
486 1
648 1
787 1
815 1
718 1
551 1
421 1
414 1
533 1
698 1
809 1
797 1
663 1
498 1
403 1
440 1
584 1
745 1
817 1
766 1
608 1
455 1
400 1
479 1
639 1
785 1
822 1
726 1
558 1
427 1
415 1
525 1
692 1
811 1
800 1
673 1
506 1
407 1
435 1
574 1
735 1
822 1
770 1
618 1
461 1
397 1
468 1
626 1
776 1
820 1
731 1
568 1
434 1
411 1
515 1
681 1
805 1
804 1
683 1
515 1
411 1
429 1
564 1
730 1
818 1
776 1
631 1
471 1
399 1
460 1
620 1
769 1
817 1
736 1
577 1
435 1
408 1
506 1
674 1
801 1
807 1
693 1
525 1
413 1
424 1
558 1
720 1
816 1
780 1
639 1
477 1
401 1
456 1
608 1
759 1
819 1
745 1
586 1
439 1
404 1
498 1
662 1
796 1
812 1
704 1
535 1
417 1
422 1
549 1
712 1
814 1
790 1
647 1
483 1
400 1
449 1
597 1
755 1
822 1
753 1
592 1
444 1
400 1
490 1
652 1
790 1
818 1
709 1
544 1
421 1
420 1
539 1
705 1
816 1
791 1
662 1
494 1
403 1
444 1
589 1
747 1
821 1
757 1
602 1
451 1
397 1
480 1
641 1
784 1
818 1
717 1
550 1
425 1
413 1
532 1
700 1
810 1
799 1
668 1
503 1
407 1
439 1
580 1
745 1
823 1
767 1
613 1
459 1
398 1
471 1
633 1
777 1
814 1
724 1
560 1
427 1
409 1
520 1
688 1
807 1
805 1
679 1
512 1
407 1
435 1
574 1
735 1
819 1
769 1
623 1
466 1
398 1
466 1
626 1
770 1
818 1
733 1
565 1
431 1
407 1
511 1
677 1
801 1
808 1
688 1
520 1
412 1
428 1
564 1
727 1
817 1
780 1
633 1
471 1
399 1
462 1
613 1
766 1
820 1
740 1
578 1
437 1
405 1
502 1
666 1
797 1
810 1
695 1
529 1
415 1
425 1
554 1
719 1
820 1
784 1
641 1
480 1
400 1
452 1
604 1
761 1
821 1
747 1
587 1
443 1
401 1
491 1
655 1
792 1
810 1
702 1
538 1
419 1
421 1
544 1
712 1
816 1
792 1
653 1
489 1
402 1
447 1
597 1
756 1
820 1
755 1
597 1
448 1
399 1
485 1
649 1
784 1
813 1
711 1
545 1
421 1
413 1
537 1
703 1
810 1
796 1
667 1
500 1
404 1
442 1
591 1
746 1
822 1
763 1
609 1
455 1
401 1
480 1
639 1
782 1
814 1
719 1
553 1
425 1
412 1
524 1
693 1
810 1
803 1
675 1
506 1
408 1
439 1
580 1
741 1
823 1
770 1
616 1
463 1
400 1
472 1
630 1
777 1
821 1
726 1
561 1
427 1
407 1
513 1
680 1
804 1
803 1
682 1
516 1
414 1
431 1
570 1
732 1
820 1
775 1
629 1
473 1
401 1
467 1
623 1
773 1
826 1
735 1
574 1
435 1
405 1
505 1
670 1
796 1
805 1
687 1
522 1
411 1
427 1
560 1
727 1
819 1
783 1
639 1
478 1
404 1
458 1
614 1
763 1
821 1
743 1
582 1
438 1
404 1
497 1
663 1
791 1
807 1
698 1
529 1
411 1
420 1
549 1
714 1
817 1
787 1
648 1
486 1
403 1
453 1
602 1
757 1
822 1
752 1
594 1
446 1
401 1
491 1
654 1
790 1
812 1
703 1
537 1
416 1
414 1
539 1
703 1
810 1
793 1
656 1
493 1
404 1
450 1
594 1
750 1
824 1
760 1
602 1
452 1
403 1
486 1
644 1
784 1
817 1
714 1
547 1
422 1
411 1
529 1
694 1
808 1
796 1
664 1
500 1
409 1
441 1
585 1
746 1
822 1
766 1
613 1
459 1
401 1
477 1
636 1
783 1
816 1
722 1
556 1
425 1
410 1
521 1
688 1
807 1
800 1
672 1
511 1
409 1
433 1
573 1
738 1
822 1
771 1
623 1
466 1
401 1
471 1
629 1
776 1
820 1
730 1
567 1
430 1
406 1
513 1
679 1
799 1
801 1
682 1
514 1
408 1
427 1
564 1
730 1
819 1
781 1
634 1
472 1
401 1
464 1
620 1
768 1
821 1
740 1
576 1
435 1
404 1
505 1
671 1
796 1
811 1
690 1
521 1
409 1
422 1
554 1
720 1
816 1
787 1
642 1
481 1
406 1
459 1
612 1
762 1
826 1
747 1
588 1
444 1
404 1
496 1
660 1
799 1
813 1
700 1
534 1
414 1
417 1
544 1
707 1
812 1
786 1
648 1
488 1
401 1
449 1
600 1
760 1
824 1
755 1
598 1
449 1
401 1
490 1
653 1
790 1
814 1
710 1
545 1
420 1
415 1
534 1
703 1
809 1
791 1
655 1
495 1
401 1
442 1
589 1
751 1
822 1
762 1
608 1
457 1
402 1
480 1
644 1
786 1
816 1
720 1
554 1
423 1
410 1
528 1
694 1
808 1
798 1
668 1
500 1
403 1
435 1
577 1
740 1
821 1
772 1
618 1
462 1
402 1
477 1
634 1
779 1
819 1
726 1
563 1
428 1
412 1
522 1
685 1
803 1
802 1
676 1
508 1
405 1
430 1
567 1
730 1
818 1
773 1
625 1
469 1
401 1
468 1
625 1
773 1
825 1
736 1
572 1
435 1
408 1
512 1
677 1
804 1
805 1
686 1
520 1
409 1
426 1
556 1
722 1
817 1
777 1
633 1
475 1
400 1
461 1
614 1
769 1
823 1
745 1
583 1
441 1
406 1
503 1
668 1
797 1
807 1
694 1
528 1
414 1
421 1
550 1
718 1
813 1
784 1
644 1
479 1
400 1
453 1
607 1
759 1
820 1
750 1
595 1
447 1
405 1
497 1
660 1
794 1
814 1
706 1
539 1
416 1
417 1
543 1
708 1
810 1
787 1
650 1
487 1
398 1
444 1
593 1
748 1
820 1
758 1
601 1
453 1
403 1
488 1
651 1
790 1
819 1
715 1
547 1
421 1
415 1
531 1
702 1
813 1
795 1
662 1
497 1
404 1
438 1
581 1
741 1
821 1
762 1
607 1
458 1
400 1
480 1
640 1
787 1
822 1
725 1
558 1
429 1
413 1
523 1
690 1
809 1
800 1
671 1
508 1
406 1
433 1
574 1
737 1
819 1
768 1
617 1
464 1
397 1
468 1
630 1
777 1
819 1
731 1
567 1
433 1
411 1
516 1
685 1
808 1
811 1
687 1
516 1
410 1
430 1
567 1
731 1
816 1
773 1
627 1
467 1
397 1
461 1
618 1
769 1
818 1
740 1
576 1
438 1
410 1
509 1
675 1
800 1
808 1
692 1
524 1
411 1
423 1
556 1
722 1
817 1
785 1
637 1
474 1
398 1
456 1
610 1
759 1
820 1
745 1
583 1
441 1
406 1
502 1
668 1
799 1
816 1
702 1
534 1
416 0
423 0
547 0
715 0
817 0
787 0
649 0
483 0
401 0
449 0
595 0
752 0
820 0
752 0
593 0
447 0
402 0
494 0
656 0
796 0
818 0
711 0
543 0
423 0
417 0
539 0
704 0
813 0
793 0
658 0
493 0
401 0
441 0
589 0
748 0
821 0
756 0
601 0
453 0
398 0
483 0
647 0
787 0
819 0
720 0
555 0
426 0
417 0
534 0
700 0
813 0
799 0
667 0
501 0
403 0
437 0
590 0
774 0
901 0
899 0
757 0
531 0
322 0
213 0
252 0
430 0
674 0
887 0
986 0
927 0
742 0
505 0
316 0
256 0
345 0
550 0
785 0
952 0
983 0
861 0
638 0
408 0
262 0
258 0
402 0
632 0
852 0
972 0
943 0
775 0
540 0
332 0
241 0
304 0
491 0
731 0
920 0
986 0
897 0
690 0
453 0
283 0
247 0
364 0
582 0
810 0
960 0
962 0
820 0
591 0
369 0
247 0
273 0
440 0
676 0
886 0
978 0
923 0
739 0
502 0
310 0
243 0
328 0
533 0
770 0
939 0
981 0
863 0
646 0
414 0
264 0
256 0
396 0
623 0
846 0
968 0
946 0
783 0
546 0
337 0
240 0
295 0
482 0
718 0
915 0
984 0
900 0
697 0
461 0
287 0
246 0
357 0
574 0
806 0
955 0
964 0
832 0
598 0
376 0
248 0
269 0
432 0
665 0
878 0
975 0
925 0
742 0
507 0
312 0
241 0
324 0
529 0
763 0
938 0
981 0
871 0
654 0
420 0
267 0
254 0
392 0
616 0
843 0
967 0
950 0
791 0
554 0
341 0
240 0
290 0
474 0
710 0
907 0
983 0
906 0
704 0
469 0
294 0
248 0
355 0
569 0
802 0
954 0
971 0
839 0
608 0
386 0
251 0
269 0
425 0
657 0
872 0
978 0
931 0
750 0
512 0
314 0
238 0
315 0
515 0
752 0
931 0
985 0
877 0
663 0
429 0
272 0
254 0
384 0
610 0
834 0
966 0
955 0
797 0
564 0
350 0
243 0
285 0
465 0
703 0
902 0
980 0
908 0
709 0
472 0
295 0
246 0
348 0
560 0
792 0
952 0
970 0
841 0
616 0
393 0
256 0
267 0
420 0
651 0
867 0
975 0
932 0
758 0
521 0
319 0
240 0
310 0
506 0
744 0
926 0
982 0
883 0
670 0
436 0
275 0
252 0
378 0
602 0
829 0
965 0
956 0
804 0
571 0
355 0
243 0
283 0
456 0
693 0
897 0
980 0
911 0
717 0
479 0
297 0
242 0
339 0
551 0
789 0
950 0
976 0
852 0
625 0
398 0
257 0
261 0
413 0
645 0
861 0
976 0
939 0
766 0
528 0
324 0
238 0
305 0
498 0
735 0
921 0
983 0
886 0
676 0
443 0
281 0
249 0
372 0
594 0
825 0
964 0
963 0
816 0
581 0
363 0
245 0
279 0
451 0
688 0
891 0
981 0
919 0
724 0
485 0
301 0
239 0
333 0
543 0
778 0
945 0
978 0
859 0
635 0
408 0
263 0
261 0
408 0
639 0
858 0
975 0
942 0
773 0
539 0
332 0
238 0
299 0
489 0
726 0
913 0
980 0
890 0
682 0
447 0
282 0
246 0
365 0
584 0
820 0
963 0
964 0
823 0
591 0
371 0
248 0
276 0
444 0
679 0
884 0
984 0
921 0
731 0
494 0
303 0
236 0
325 0
532 0
768 0
941 0
973 0
862 0
643 0
412 0
264 0
262 0
403 0
631 0
853 0
972 0
947 0
781 0
549 0
338 0
240 0
296 0
483 0
718 0
908 0
981 0
892 0
688 0
453 0
282 0
245 0
357 0
575 0
808 0
957 0
966 0
827 0
599 0
378 0
251 0
274 0
437 0
672 0
879 0
981 0
924 0
741 0
502 0
309 0
239 0
320 0
523 0
761 0
933 0
975 0
867 0
648 0
417 0
265 0
256 0
393 0
621 0
846 0
970 0
951 0
790 0
558 0
346 0
243 0
294 0
479 0
715 0
907 0
982 0
899 0
696 0
460 0
285 0
242 0
350 0
567 0
803 0
954 0
969 0
834 0
609 0
384 0
254 0
272 0
433 0
665 0
875 0
984 0
930 0
749 0
510 0
313 0
239 0
314 0
518 0
755 0
928 0
978 0
873 0
655 0
423 0
268 0
252 0
385 0
616 0
839 0
971 0
956 0
798 0
565 0
349 0
243 0
290 0
468 0
704 0
901 0
981 0
905 0
705 0
467 0
289 0
241 0
343 0
558 0
792 0
951 0
968 0
837 0
616 0
391 0
256 0
270 0
424 0
657 0
871 0
980 0
935 0
755 0
520 0
321 0
239 0
312 0
510 0
747 0
925 0
975 0
877 0
663 0
429 0
269 0
249 0
378 0
603 0
832 0
967 0
957 0
806 0
573 0
359 0
247 0
286 0
463 0
698 0
899 0
982 0
914 0
715 0
476 0
293 0
238 0
338 0
551 0
784 0
946 0
971 0
843 0
619 0
393 0
255 0
263 0
415 0
648 0
865 0
980 0
939 0
766 0
531 0
326 0
241 0
309 0
502 0
741 0
922 0
976 0
884 0
673 0
435 0
272 0
245 0
369 0
595 0
824 0
963 0
958 0
811 0
582 0
365 0
249 0
284 0
456 0
692 0
896 0
984 0
916 0
724 0
485 0
300 0
242 0
334 0
541 0
780 0
942 0
971 0
849 0
628 0
400 0
259 0
260 0
410 0
640 0
858 0
979 0
946 0
775 0
538 0
332 0
241 0
303 0
496 0
733 0
920 0
982 0
889 0
679 0
444 0
276 0
244 0
363 0
585 0
815 0
962 0
961 0
817 0
588 0
367 0
250 0
279 0
448 0
683 0
891 0
980 0
925 0
731 0
494 0
306 0
240 0
331 0
534 0
771 0
938 0
972 0
854 0
636 0
407 0
259 0
256 0
403 0
633 0
851 0
975 0
947 0
780 0
548 0
340 0
242 0
301 0
488 0
726 0
917 0
981 0
895 0
688 0
451 0
280 0
243 0
358 0
576 0
810 0
958 0
961 0
823 0
592 0
373 0
247 0
276 0
442 0
677 0
885 0
982 0
927 0
741 0
502 0
311 0
239 0
323 0
526 0
765 0
935 0
974 0
863 0
646 0
414 0
263 0
252 0
392 0
620 0
844 0
970 0
947 0
785 0
552 0
342 0
243 0
298 0
482 0
720 0
911 0
983 0
902 0
698 0
461 0
286 0
244 0
354 0
569 0
801 0
952 0
962 0
827 0
604 0
379 0
249 0
271 0
434 0
666 0
879 0
980 0
933 0
748 0
512 0
317 0
241 0
321 0
524 0
761 0
934 0
978 0
868 0
652 0
421 0
267 0
250 0
385 0
610 0
834 0
969 0
951 0
791 0
557 0
347 0
243 0
291 0
473 0
712 0
907 0
985 0
909 0
707 0
470 0
291 0
243 0
348 0
562 0
797 0
952 0
967 0
832 0
610 0
383 0
252 0
264 0
422 0
656 0
868 0
975 0
936 0
754 0
517 0
320 0
241 0
316 0
515 0
754 0
931 0
979 0
877 0
665 0
429 0
270 0
249 0
380 0
602 0
830 0
963 0
952 0
796 0
565 0
351 0
244 0
285 0
466 0
702 0
905 0
983 0
914 0
715 0
478 0
297 0
244 0
343 0
558 0
789 0
949 0
970 0
841 0
617 0
392 0
252 0
262 0
415 0
647 0
864 0
974 0
940 0
759 0
523 0
326 0
241 0
311 0
507 0
745 0
927 0
981 0
884 0
674 0
437 0
276 0
249 0
376 0
596 0
822 0
963 0
955 0
805 0
571 0
359 0
246 0
280 0
455 0
693 0
895 0
980 0
918 0
725 0
485 0
301 0
246 0
342 0
549 0
783 0
949 0
974 0
849 0
627 0
399 0
258 0
258 0
409 0
639 0
856 0
972 0
939 0
767 0
531 0
330 0
240 0
306 0
498 0
740 0
926 0
981 0
890 0
681 0
444 0
281 0
249 0
370 0
589 0
819 0
966 0
959 0
813 0
582 0
363 0
245 0
276 0
448 0
685 0
889 0
980 0
921 0
729 0
491 0
305 0
243 0
335 0
541 0
777 0
948 0
978 0
859 0
638 0
407 0
261 0
258 0
403 0
632 0
855 0
971 0
944 0
774 0
538 0
331 0
239 0
300 0
492 0
729 0
920 0
981 0
894 0
692 0
456 0
284 0
249 0
365 0
584 0
813 0
964 0
964 0
822 0
592 0
368 0
245 0
271 0
439 0
675 0
882 0
980 0
926 0
736 0
499 0
309 0
242 0
331 0
536 0
772 0
942 0
982 0
863 0
649 0
417 0
265 0
255 0
398 0
626 0
848 0
970 0
951 0
784 0
547 0
340 0
242 0
294 0
482 0
723 0
912 0
982 0
900 0
697 0
464 0
287 0
247 0
363 0
576 0
808 0
964 0
970 0
833 0
599 0
376 0
250 0
272 0
435 0
668 0
878 0
979 0
931 0
748 0
507 0
314 0
242 0
324 0
525 0
763 0
940 0
980 0
871 0
658 0
424 0
269 0
257 0
392 0
619 0
847 0
970 0
952 0
791 0
554 0
344 0
240 0
288 0
471 0
713 0
906 0
980 0
902 0
704 0
465 0
288 0
245 0
353 0
571 0
801 0
961 0
971 0
835 0
611 0
388 0
253 0
268 0
427 0
663 0
873 0
978 0
931 0
750 0
512 0
317 0
239 0
315 0
517 0
751 0
934 0
981 0
873 0
663 0
429 0
274 0
255 0
388 0
614 0
838 0
969 0
960 0
799 0
566 0
349 0
245 0
285 0
464 0
702 0
903 0
978 0
907 0
713 0
473 0
291 0
244 0
348 0
561 0
792 0
956 0
973 0
843 0
618 0
392 0
256 0
266 0
421 0
654 0
866 0
974 0
934 0
756 0
518 0
318 0
238 0
310 0
504 0
742 0
926 0
980 0
878 0
669 0
435 0
275 0
251 0
380 0
603 0
832 0
969 0
961 0
808 0
575 0
358 0
246 0
283 0
457 0
696 0
894 0
978 0
909 0
717 0
479 0
296 0
241 0
341 0
552 0
784 0
952 0
978 0
848 0
629 0
401 0
258 0
266 0
414 0
645 0
863 0
975 0
941 0
767 0
528 0
326 0
239 0
303 0
496 0
734 0
920 0
977 0
883 0
678 0
442 0
276 0
248 0
371 0
590 0
820 0
962 0
962 0
813 0
584 0
368 0
250 0
282 0
451 0
690 0
892 0
980 0
914 0
722 0
485 0
300 0
239 0
333 0
540 0
775 0
943 0
973 0
852 0
632 0
405 0
263 0
265 0
411 0
640 0
856 0
974 0
946 0
772 0
536 0
333 0
242 0
300 0
488 0
727 0
917 0
980 0
890 0
683 0
447 0
279 0
244 0
367 0
589 0
815 0
962 0
967 0
820 0
590 0
373 0
249 0
277 0
445 0
682 0
885 0
978 0
920 0
733 0
492 0
302 0
239 0
325 0
531 0
768 0
938 0
974 0
860 0
641 0
412 0
263 0
259 0
403 0
634 0
854 0
972 0
948 0
782 0
546 0
337 0
241 0
297 0
483 0
720 0
912 0
978 0
892 0
689 0
454 0
283 0
242 0
359 0
576 0
807 0
959 0
968 0
827 0
600 0
377 0
251 0
276 0
439 0
674 0
884 0
979 0
927 0
743 0
503 0
310 0
239 0
321 0
524 0
760 0
936 0
978 0
863 0
650 0
419 0
265 0
256 0
395 0
625 0
846 0
978 0
960 0
796 0
560 0
345 0
245 0
295 0
479 0
714 0
908 0
979 0
899 0
701 0
461 0
285 0
241 0
351 0
564 0
800 0
950 0
966 0
830 0
607 0
382 0
254 0
273 0
434 0
669 0
877 0
979 0
933 0
750 0
516 0
317 0
241 0
319 0
517 0
752 0
931 0
973 0
867 0
652 0
420 0
265 0
253 0
385 0
615 0
836 0
969 0
958 0
799 0
564 0
352 0
248 0
290 0
470 0
708 0
907 0
980 0
913 0
711 0
470 0
289 0
240 0
346 0
559 0
790 0
946 0
970 0
835 0
612 0
390 0
255 0
268 0
424 0
659 0
880 0
981 0
935 0
759 0
525 0
322 0
240 0
314 0
509 0
745 0
932 0
978 0
872 0
661 0
431 0
270 0
249 0
378 0
604 0
829 0
966 0
958 0
804 0
572 0
357 0
246 0
290 0
464 0
701 0
902 0
989 0
911 0
717 0
477 0
293 0
240 0
342 0
550 0
789 0
944 0
970 0
848 0
620 0
396 0
255 0
263 0
416 0
651 0
868 0
982 0
941 0
769 0
535 0
328 0
244 0
309 0
509 0
739 0
923 0
980 0
882 0
671 0
438 0
274 0
247 0
369 0
594 0
821 0
960 0
960 0
809 0
577 0
363 0
246 0
282 0
457 0
694 0
896 0
983 0
916 0
728 0
487 0
300 0
240 0
336 0
544 0
780 0
942 0
969 0
849 0
628 0
398 0
257 0
259 0
408 0
639 0
856 0
973 0
943 0
775 0
538 0
333 0
245 0
306 0
495 0
732 0
920 0
979 0
887 0
678 0
444 0
277 0
244 0
363 0
586 0
814 0
961 0
962 0
815 0
586 0
366 0
248 0
279 0
448 0
683 0
892 0
982 0
924 0
734 0
493 0
305 0
239 0
330 0
537 0
769 0
938 0
977 0
853 0
636 0
405 0
258 0
254 0
400 0
631 0
851 0
972 0
946 0
783 0
543 0
338 0
243 0
302 0
491 0
728 0
917 0
983 0
894 0
687 0
454 0
282 0
244 0
361 0
578 0
806 0
954 0
965 0
820 0
591 0
370 0
247 0
271 0
438 0
676 0
884 0
980 0
926 0
744 0
502 0
311 0
243 0
327 0
532 0
765 0
939 0
979 0
864 0
645 0
415 0
262 0
253 0
392 0
624 0
844 0
968 0
948 0
786 0
553 0
341 0
244 0
298 0
482 0
719 0
914 0
985 0
899 0
698 0
462 0
286 0
243 0
353 0
571 0
803 0
953 0
964 0
828 0
597 0
376 0
247 0
268 0
430 0
667 0
878 0
977 0
929 0
749 0
512 0
315 0
241 0
324 0
522 0
759 0
933 0
977 0
871 0
655 0
423 0
269 0
252 0
387 0
613 0
837 0
966 0
948 0
791 0
559 0
345 0
241 0
290 0
471 0
709 0
909 0
984 0
904 0
706 0
469 0
292 0
242 0
350 0
565 0
796 0
953 0
968 0
834 0
605 0
383 0
250 0
265 0
422 0
656 0
870 0
977 0
932 0
754 0
516 0
321 0
240 0
317 0
519 0
753 0
931 0
981 0
877 0
664 0
430 0
270 0
249 0
382 0
607 0
831 0
964 0
951 0
798 0
566 0
351 0
241 0
288 0
463 0
702 0
901 0
984 0
909 0
714 0
479 0
296 0
245 0
343 0
558 0
790 0
949 0
971 0
842 0
619 0
390 0
255 0
262 0
416 0
646 0
864 0
973 0
935 0
761 0
525 0
324 0
241 0
312 0
509 0
745 0
929 0
984 0
886 0
675 0
437 0
277 0
248 0
375 0
598 0
829 0
961 0
955 0
804 0
572 0
357 0
243 0
281 0
455 0
691 0
896 0
983 0
912 0
721 0
484 0
300 0
245 0
339 0
552 0
783 0
946 0
977 0
851 0
626 0
398 0
257 0
261 0
410 0
639 0
857 0
973 0
938 0
