7 0
349 0
365 0
497 0
660 0
755 0
719 0
575 0
414 0
340 0
397 0
7 0
338 0
402 0
556 0
707 0
753 0
670 0
506 0
369 0
341 0
442 0
608 0
734 0
741 0
622 0
457 0
349 0
365 0
497 0
660 0
755 0
719 0
575 0
414 0
340 0
397 0
338 0
402 0
556 0
707 0
753 0
670 0
506 0
369 0
341 0
442 0
608 0
734 0
741 0
622 0
457 0
349 0
365 0
497 0
660 0
755 0
719 0
575 0
414 0
340 0
397 0
750 0
750 0
751 0
750 0
750 0
748 0
748 0
746 0
743 0
742 0
740 0
737 0
736 0
697 0
544 0
394 0
336 0
411 0
570 0
717 0
755 0
661 0
497 0
366 0
349 0
460 0
625 0
742 0
736 0
611 0
446 0
345 0
369 0
506 0
667 0
752 0
703 0
556 0
400 0
336 0
402 0
558 0
709 0
755 0
668 0
505 0
371 0
347 0
450 0
614 0
748 0
742 0
620 0
455 0
347 0
365 0
494 0
657 0
748 0
710 0
561 0
406 0
335 0
393 0
546 0
697 0
755 0
674 0
511 0
373 0
347 0
444 0
603 0
732 0
746 0
627 0
461 0
351 0
359 0
488 0
650 0
749 0
713 0
572 0
413 0
336 0
385 0
536 0
693 0
750 0
677 0
519 0
380 0
338 0
429 0
592 0
730 0
744 0
635 0
473 0
352 0
355 0
477 0
647 0
751 0
721 0
584 0
425 0
337 0
383 0
528 0
684 0
750 0
684 0
531 0
386 0
336 0
421 0
586 0
721 0
746 0
643 0
480 0
357 0
353 0
473 0
638 0
742 0
726 0
596 0
430 0
340 0
377 0
519 0
677 0
750 0
695 0
541 0
387 0
333 0
415 0
570 0
711 0
746 0
649 0
487 0
360 0
350 0
465 0
626 0
742 0
737 0
603 0
440 0
342 0
373 0
511 0
671 0
751 0
704 0
548 0
395 0
337 0
404 0
563 0
707 0
751 0
657 0
495 0
363 0
347 0
451 0
618 0
742 0
738 0
613 0
449 0
347 0
367 0
503 0
664 0
754 0
706 0
558 0
405 0
334 0
397 0
551 0
704 0
749 0
663 0
503 0
370 0
340 0
441 0
608 0
733 0
740 0
622 0
460 0
349 0
363 0
494 0
660 0
750 0
714 0
571 0
413 0
337 0
392 0
546 0
695 0
749 0
672 0
516 0
371 0
338 0
434 0
599 0
727 0
741 0
632 0
466 0
352 0
359 0
486 0
647 0
746 0
718 0
578 0
418 0
337 0
386 0
535 0
686 0
749 0
681 0
521 0
377 0
337 0
424 0
586 0
719 0
741 0
637 0
471 0
353 0
355 0
476 0
639 0
746 0
724 0
588 0
427 0
339 0
381 0
526 0
680 0
753 0
688 0
532 0
385 0
335 0
415 0
575 0
712 0
742 0
642 0
479 0
356 0
349 0
464 0
630 0
742 0
728 0
598 0
436 0
342 0
375 0
516 0
675 0
752 0
694 0
542 0
391 0
334 0
408 0
567 0
710 0
745 0
650 0
486 0
359 0
343 0
453 0
620 0
735 0
730 0
605 0
445 0
344 0
370 0
508 0
669 0
749 0
701 0
552 0
397 0
335 0
402 0
560 0
707 0
747 0
658 0
498 0
365 0
341 0
446 0
610 0
732 0
733 0
615 0
451 0
345 0
365 0
499 0
661 0
750 0
711 0
562 0
405 0
336 0
396 0
550 0
698 0
749 0
669 0
506 0
369 0
338 0
436 0
600 0
727 0
737 0
623 0
457 0
347 0
362 0
489 0
654 0
749 0
718 0
575 0
415 0
338 0
392 0
540 0
691 0
753 0
675 0
517 0
375 0
336 0
427 0
589 0
723 0
739 0
630 0
464 0
349 0
354 0
478 0
643 0
749 0
720 0
583 0
424 0
341 0
385 0
532 0
687 0
752 0
683 0
525 0
381 0
335 0
420 0
581 0
716 0
740 0
637 0
474 0
353 0
349 0
468 0
634 0
743 0
724 0
590 0
432 0
340 0
381 0
525 0
681 0
755 0
692 0
538 0
388 0
335 0
414 0
574 0
715 0
744 0
647 0
482 0
356 0
344 0
458 0
622 0
736 0
725 0
600 0
435 0
341 0
373 0
515 0
674 0
753 0
700 0
549 0
396 0
336 0
408 0
565 0
708 0
747 0
656 0
491 0
360 0
342 0
448 0
613 0
732 0
732 0
607 0
442 0
341 0
367 0
503 0
665 0
753 0
706 0
559 0
403 0
337 0
401 0
554 0
702 0
752 0
664 0
502 0
367 0
340 0
441 0
606 0
731 0
734 0
615 0
451 0
345 0
361 0
493 0
655 0
748 0
710 0
568 0
411 0
338 0
395 0
548 0
699 0
750 0
672 0
512 0
373 0
339 0
434 0
598 0
725 0
738 0
623 0
459 0
346 0
356 0
482 0
647 0
745 0
714 0
575 0
417 0
337 0
388 0
539 0
690 0
752 0
679 0
523 0
379 0
338 0
428 0
591 0
721 0
741 0
634 0
467 0
348 0
350 0
472 0
635 0
740 0
717 0
583 0
422 0
337 0
383 0
529 0
685 0
754 0
690 0
533 0
385 0
337 0
420 0
578 0
718 0
744 0
641 0
477 0
353 0
347 0
463 0
627 0
736 0
723 0
591 0
428 0
338 0
376 0
519 0
679 0
754 0
695 0
543 0
392 0
338 0
413 0
570 0
712 0
747 0
651 0
484 0
357 0
344 0
454 0
618 0
735 0
728 0
600 0
437 0
340 0
370 0
508 0
669 0
750 0
701 0
552 0
399 0
338 0
407 0
563 0
709 0
750 0
660 0
498 0
364 0
344 0
447 0
613 0
733 0
731 0
608 0
445 0
341 0
362 0
496 0
658 0
747 0
704 0
561 0
406 0
336 0
400 0
556 0
703 0
753 0
670 0
508 0
370 0
341 0
441 0
605 0
728 0
736 0
620 0
454 0
342 0
356 0
486 0
648 0
744 0
712 0
567 0
410 0
335 0
393 0
545 0
696 0
752 0
680 0
517 0
377 0
341 0
433 0
594 0
723 0
740 0
627 0
462 0
347 0
354 0
477 0
641 0
743 0
714 0
575 0
415 0
336 0
384 0
531 0
688 0
754 0
684 0
526 0
383 0
339 0
426 0
587 0
724 0
746 0
638 0
473 0
354 0
350 0
470 0
635 0
741 0
720 0
585 0
424 0
336 0
375 0
520 0
681 0
749 0
689 0
535 0
388 0
337 0
418 0
579 0
719 0
747 0
647 0
484 0
357 0
348 0
462 0
626 0
737 0
725 0
596 0
433 0
337 0
370 0
512 0
670 0
750 0
695 0
545 0
394 0
337 0
410 0
569 0
712 0
749 0
656 0
490 0
360 0
343 0
452 0
617 0
734 0
730 0
606 0
441 0
340 0
365 0
501 0
662 0
747 0
702 0
553 0
399 0
335 0
403 0
557 0
705 0
751 0
663 0
501 0
366 0
343 0
446 0
609 0
733 0
737 0
615 0
449 0
345 0
362 0
495 0
656 0
748 0
707 0
560 0
405 0
334 0
393 0
547 0
698 0
751 0
671 0
512 0
375 0
343 0
439 0
602 0
731 0
740 0
624 0
459 0
347 0
356 0
483 0
649 0
744 0
710 0
569 0
412 0
332 0
386 0
536 0
691 0
749 0
679 0
522 0
380 0
340 0
431 0
595 0
726 0
745 0
634 0
469 0
351 0
353 0
475 0
639 0
741 0
715 0
581 0
419 0
333 0
380 0
527 0
682 0
750 0
685 0
528 0
382 0
337 0
423 0
586 0
722 0
747 0
646 0
478 0
355 0
351 0
470 0
633 0
742 0
725 0
592 0
427 0
336 0
374 0
515 0
673 0
746 0
689 0
536 0
386 0
335 0
413 0
572 0
714 0
750 0
651 0
489 0
361 0
349 0
461 0
625 0
739 0
730 0
599 0
437 0
340 0
369 0
508 0
668 0
750 0
696 0
545 0
392 0
334 0
405 0
561 0
709 0
748 0
659 0
496 0
366 0
346 0
451 0
616 0
738 0
733 0
611 0
447 0
343 0
366 0
501 0
663 0
750 0
703 0
555 0
401 0
332 0
396 0
552 0
699 0
748 0
665 0
505 0
369 0
343 0
444 0
609 0
733 0
738 0
620 0
455 0
347 0
360 0
492 0
656 0
747 0
710 0
568 0
407 0
332 0
389 0
542 0
692 0
748 0
673 0
512 0
374 0
339 0
435 0
598 0
727 0
743 0
631 0
465 0
350 0
358 0
482 0
645 0
745 0
716 0
574 0
414 0
335 0
384 0
531 0
686 0
750 0
679 0
520 0
377 0
337 0
424 0
588 0
724 0
745 0
640 0
473 0
355 0
356 0
475 0
639 0
746 0
723 0
585 0
424 0
337 0
379 0
522 0
679 0
749 0
685 0
529 0
382 0
334 0
416 0
577 0
719 0
746 0
646 0
482 0
359 0
353 0
466 0
633 0
742 0
727 0
596 0
433 0
337 0
373 0
515 0
673 0
748 0
691 0
539 0
389 0
332 0
407 0
567 0
709 0
745 0
651 0
489 0
362 0
346 0
458 0
625 0
741 0
734 0
608 0
441 0
344 0
369 0
507 0
669 0
750 0
699 0
551 0
395 0
332 0
401 0
555 0
703 0
746 0
660 0
498 0
364 0
343 0
448 0
612 0
735 0
739 0
615 0
450 0
345 0
364 0
498 0
659 0
747 0
708 0
559 0
404 0
334 0
393 0
548 0
696 0
749 0
666 0
505 0
368 0
339 0
437 0
602 0
728 0
740 0
624 0
459 0
350 0
361 0
490 0
652 0
752 0
714 0
571 0
411 0
336 0
388 0
539 0
692 0
749 0
674 0
514 0
373 0
335 0
428 0
591 0
723 0
741 0
630 0
467 0
353 0
356 0
480 0
648 0
747 0
720 0
581 0
421 0
337 0
382 0
529 0
685 0
750 0
682 0
527 0
379 0
335 0
419 0
583 0
718 0
742 0
638 0
475 0
352 0
351 0
472 0
636 0
743 0
726 0
592 0
430 0
339 0
377 0
522 0
680 0
751 0
692 0
537 0
386 0
335 0
413 0
573 0
713 0
745 0
649 0
483 0
357 0
348 0
463 0
626 0
740 0
734 0
600 0
437 0
344 0
374 0
514 0
674 0
752 0
698 0
546 0
394 0
334 0
407 0
564 0
708 0
749 0
655 0
492 0
360 0
342 0
449 0
614 0
737 0
733 0
609 0
446 0
345 0
370 0
504 0
667 0
752 0
704 0
556 0
402 0
335 0
399 0
555 0
703 0
750 0
663 0
501 0
366 0
340 0
442 0
608 0
731 0
738 0
617 0
455 0
346 0
364 0
496 0
660 0
752 0
712 0
566 0
409 0
334 0
394 0
546 0
696 0
749 0
671 0
513 0
370 0
339 0
434 0
598 0
726 0
738 0
628 0
461 0
347 0
357 0
485 0
650 0
749 0
718 0
578 0
417 0
339 0
389 0
539 0
690 0
751 0
681 0
522 0
377 0
336 0
429 0
587 0
721 0
742 0
633 0
468 0
349 0
352 0
475 0
639 0
744 0
724 0
587 0
425 0
339 0
384 0
529 0
685 0
754 0
689 0
531 0
382 0
337 0
418 0
578 0
716 0
744 0
639 0
475 0
352 0
347 0
463 0
629 0
741 0
725 0
593 0
432 0
343 0
378 0
521 0
681 0
759 0
697 0
542 0
392 0
336 0
412 0
570 0
713 0
746 0
650 0
485 0
356 0
343 0
454 0
621 0
737 0
729 0
601 0
438 0
341 0
372 0
511 0
675 0
755 0
704 0
555 0
399 0
336 0
405 0
562 0
706 0
748 0
659 0
495 0
362 0
340 0
448 0
611 0
731 0
733 0
611 0
446 0
343 0
364 0
500 0
661 0
750 0
709 0
562 0
405 0
337 0
400 0
554 0
703 0
750 0
671 0
508 0
369 0
341 0
441 0
603 0
729 0
738 0
619 0
453 0
344 0
359 0
488 0
653 0
747 0
716 0
569 0
412 0
338 0
393 0
545 0
697 0
754 0
676 0
515 0
375 0
340 0
431 0
594 0
725 0
741 0
625 0
462 0
347 0
353 0
478 0
643 0
747 0
716 0
578 0
420 0
338 0
386 0
535 0
691 0
755 0
684 0
525 0
381 0
337 0
423 0
585 0
720 0
741 0
635 0
471 0
351 0
348 0
469 0
635 0
741 0
720 0
586 0
425 0
338 0
379 0
526 0
684 0
754 0
692 0
537 0
388 0
336 0
417 0
576 0
714 0
745 0
645 0
481 0
355 0
346 0
461 0
625 0
736 0
725 0
595 0
432 0
337 0
373 0
516 0
674 0
751 0
700 0
545 0
394 0
337 0
411 0
569 0
711 0
748 0
655 0
490 0
360 0
345 0
452 0
617 0
734 0
731 0
602 0
438 0
338 0
366 0
503 0
663 0
750 0
701 0
554 0
401 0
338 0
404 0
559 0
706 0
752 0
662 0
500 0
367 0
343 0
445 0
608 0
731 0
732 0
611 0
446 0
340 0
359 0
491 0
657 0
748 0
709 0
563 0
408 0
338 0
397 0
551 0
702 0
753 0
671 0
511 0
372 0
340 0
438 0
602 0
730 0
739 0
622 0
458 0
346 0
356 0
484 0
649 0
743 0
712 0
571 0
412 0
334 0
388 0
540 0
692 0
751 0
678 0
521 0
379 0
340 0
432 0
592 0
724 0
743 0
633 0
467 0
351 0
352 0
475 0
638 0
741 0
716 0
579 0
418 0
335 0
382 0
528 0
684 0
752 0
687 0
530 0
383 0
338 0
423 0
584 0
721 0
747 0
644 0
477 0
353 0
350 0
467 0
631 0
739 0
721 0
587 0
426 0
336 0
374 0
517 0
676 0
751 0
691 0
538 0
390 0
337 0
416 0
576 0
717 0
749 0
650 0
485 0
359 0
347 0
458 0
623 0
739 0
728 0
598 0
433 0
337 0
367 0
507 0
669 0
747 0
697 0
546 0
396 0
337 0
407 0
565 0
713 0
749 0
658 0
496 0
363 0
343 0
450 0
616 0
735 0
731 0
608 0
445 0
340 0
364 0
500 0
659 0
747 0
702 0
556 0
401 0
334 0
399 0
557 0
704 0
754 0
670 0
507 0
369 0
342 0
446 0
609 0
730 0
738 0
621 0
452 0
344 0
360 0
489 0
652 0
745 0
708 0
564 0
407 0
333 0
393 0
