819 0
714 0
546 0
424 0
425 0
543 0
709 0
818 0
795 0
661 0
497 0
407 0
449 0
595 0
752 0
824 0
762 0
827 0
757 0
597 0
451 0
408 0
496 0
660 0
795 0
819 0
714 0
546 0
424 0
425 0
543 0
709 0
818 0
795 0
661 0
497 0
407 0
449 0
595 0
752 0
824 0
762 0
409 0
410 0
408 0
414 0
416 0
419 0
421 0
425 0
429 0
436 0
441 0
442 0
446 0
493 0
656 0
792 0
822 0
716 0
551 0
426 0
421 0
540 0
705 0
816 0
794 0
661 0
501 0
409 0
447 0
592 0
752 0
827 0
765 0
613 0
463 0
410 0
485 0
649 0
790 0
821 0
725 0
557 0
430 0
418 0
532 0
699 0
815 0
806 0
674 0
509 0
413 0
443 0
586 0
745 0
824 0
783 0
626 0
465 0
403 0
480 0
636 0
777 0
816 0
730 0
563 0
432 0
411 0
525 0
686 0
804 0
802 0
682 0
513 0
411 0
437 0
569 0
732 0
816 0
779 0
625 0
470 0
403 0
469 0
623 0
769 0
822 0
733 0
573 0
436 0
412 0
511 0
679 0
801 0
809 0
686 0
522 0
415 0
431 0
562 0
724 0
822 0
782 0
637 0
477 0
405 0
461 0
613 0
763 0
821 0
742 0
583 0
445 0
406 0
502 0
667 0
798 0
808 0
695 0
532 0
418 0
426 0
553 0
719 0
813 0
784 0
644 0
486 0
404 0
455 0
606 0
762 0
818 0
752 0
596 0
447 0
407 0
493 0
657 0
792 0
808 0
702 0
540 0
419 0
421 0
540 0
707 0
812 0
790 0
656 0
493 0
405 0
450 0
597 0
752 0
818 0
756 0
601 0
452 0
404 0
490 0
651 0
785 0
812 0
718 0
548 0
422 0
416 0
535 0
698 0
807 0
798 0
665 0
498 0
407 0
446 0
588 0
747 0
818 0
763 0
612 0
459 0
406 0
482 0
640 0
781 0
824 0
722 0
558 0
431 0
417 0
526 0
690 0
804 0
800 0
670 0
509 0
410 0
437 0
575 0
735 0
820 0
768 0
618 0
466 0
406 0
472 0
629 0
778 0
819 0
730 0
567 0
436 0
411 0
516 0
680 0
802 0
802 0
682 0
520 0
410 0
432 0
567 0
731 0
816 0
775 0
627 0
474 0
402 0
464 0
620 0
768 0
816 0
733 0
575 0
440 0
407 0
508 0
675 0
797 0
804 0
693 0
524 0
414 0
428 0
559 0
722 0
813 0
780 0
639 0
480 0
406 0
459 0
614 0
765 0
820 0
746 0
589 0
444 0
405 0
503 0
662 0
792 0
812 0
701 0
532 0
417 0
424 0
547 0
713 0
812 0
786 0
652 0
489 0
403 0
457 0
602 0
755 0
824 0
754 0
595 0
451 0
407 0
492 0
653 0
790 0
812 0
707 0
541 0
422 0
418 0
542 0
703 0
810 0
793 0
655 0
494 0
408 0
445 0
591 0
748 0
820 0
758 0
605 0
457 0
406 0
484 0
644 0
784 0
815 0
717 0
551 0
424 0
414 0
531 0
697 0
812 0
794 0
668 0
503 0
408 0
439 0
581 0
740 0
818 0
767 0
615 0
461 0
404 0
477 0
638 0
776 0
815 0
722 0
562 0
431 0
410 0
521 0
689 0
804 0
798 0
676 0
509 0
409 0
435 0
574 0
733 0
816 0
772 0
624 0
467 0
402 0
469 0
624 0
773 0
816 0
731 0
569 0
433 0
410 0
514 0
676 0
797 0
805 0
684 0
518 0
411 0
431 0
563 0
727 0
814 0
777 0
633 0
475 0
401 0
460 0
614 0
765 0
819 0
740 0
578 0
438 0
407 0
504 0
667 0
794 0
807 0
694 0
528 0
415 0
426 0
552 0
719 0
814 0
781 0
641 0
481 0
402 0
457 0
607 0
760 0
817 0
744 0
589 0
446 0
405 0
495 0
658 0
790 0
808 0
704 0
537 0
421 0
421 0
545 0
710 0
814 0
788 0
652 0
491 0
406 0
452 0
596 0
753 0
820 0
753 0
600 0
450 0
402 0
490 0
649 0
785 0
812 0
709 0
548 0
422 0
419 0
538 0
702 0
809 0
793 0
664 0
500 0
406 0
443 0
586 0
746 0
818 0
762 0
610 0
455 0
403 0
481 0
643 0
782 0
815 0
722 0
557 0
427 0
414 0
527 0
693 0
807 0
801 0
669 0
507 0
408 0
438 0
578 0
737 0
818 0
768 0
617 0
463 0
405 0
474 0
631 0
775 0
816 0
729 0
566 0
431 0
412 0
518 0
684 0
802 0
799 0
678 0
514 0
411 0
434 0
569 0
730 0
819 0
774 0
625 0
473 0
402 0
465 0
622 0
769 0
821 0
734 0
573 0
436 0
408 0
508 0
674 0
798 0
805 0
687 0
525 0
415 0
428 0
560 0
723 0
813 0
778 0
636 0
475 0
403 0
457 0
613 0
761 0
815 0
743 0
583 0
441 0
407 0
500 0
666 0
793 0
807 0
698 0
531 0
417 0
424 0
553 0
715 0
813 0
786 0
648 0
485 0
403 0
453 0
602 0
755 0
819 0
750 0
591 0
448 0
402 0
494 0
655 0
789 0
811 0
705 0
542 0
419 0
421 0
542 0
703 0
810 0
791 0
657 0
492 0
403 0
447 0
592 0
751 0
821 0
761 0
603 0
452 0
405 0
484 0
646 0
783 0
814 0
713 0
549 0
422 0
416 0
531 0
697 0
809 0
795 0
666 0
502 0
408 0
442 0
584 0
743 0
822 0
763 0
612 0
463 0
401 0
479 0
636 0
777 0
815 0
721 0
560 0
428 0
415 0
522 0
690 0
806 0
799 0
674 0
510 0
410 0
436 0
572 0
736 0
817 0
769 0
624 0
465 0
403 0
471 0
629 0
776 0
816 0
728 0
569 0
434 0
409 0
517 0
677 0
798 0
802 0
683 0
518 0
411 0
430 0
568 0
728 0
816 0
778 0
629 0
473 0
401 0
468 0
618 0
767 0
817 0
742 0
578 0
440 0
409 0
505 0
671 0
804 0
811 0
700 0
531 0
413 0
427 0
555 0
721 0
815 0
786 0
642 0
484 0
404 0
460 0
612 0
762 0
821 0
745 0
587 0
444 0
406 0
500 0
661 0
794 0
813 0
700 0
541 0
423 0
428 0
551 0
716 0
817 0
788 0
651 0
490 0
405 0
451 0
600 0
757 0
821 0
754 0
598 0
449 0
403 0
490 0
652 0
788 0
812 0
709 0
545 0
423 0
418 0
542 0
705 0
812 0
792 0
660 0
498 0
408 0
444 0
589 0
747 0
822 0
760 0
607 0
460 0
405 0
485 0
642 0
782 0
814 0
720 0
555 0
428 0
418 0
530 0
696 0
808 0
797 0
673 0
504 0
410 0
442 0
581 0
738 0
816 0
768 0
616 0
463 0
402 0
478 0
636 0
777 0
818 0
725 0
561 0
428 0
413 0
521 0
685 0
803 0
800 0
677 0
512 0
409 0
435 0
570 0
739 0
818 0
773 0
624 0
469 0
401 0
468 0
623 0
768 0
819 0
733 0
570 0
435 0
407 0
510 0
674 0
798 0
802 0
684 0
521 0
413 0
429 0
561 0
726 0
815 0
777 0
634 0
478 0
403 0
460 0
614 0
766 0
817 0
743 0
580 0
441 0
405 0
501 0
667 0
795 0
805 0
694 0
529 0
414 0
425 0
553 0
717 0
811 0
782 0
642 0
482 0
402 0
454 0
604 0
758 0
820 0
748 0
591 0
444 0
406 0
495 0
657 0
788 0
808 0
704 0
539 0
417 0
419 0
542 0
704 0
810 0
789 0
652 0
489 0
402 0
447 0
594 0
750 0
820 0
758 0
600 0
450 0
403 0
486 0
645 0
784 0
813 0
713 0
547 0
423 0
415 0
532 0
697 0
808 0
792 0
661 0
497 0
407 0
441 0
587 0
743 0
819 0
761 0
607 0
460 0
404 0
478 0
637 0
782 0
815 0
720 0
556 0
427 0
415 0
524 0
690 0
807 0
797 0
671 0
504 0
408 0
436 0
575 0
738 0
816 0
767 0
617 0
466 0
402 0
471 0
627 0
776 0
815 0
728 0
569 0
432 0
410 0
515 0
683 0
799 0
799 0
680 0
515 0
410 0
432 0
567 0
726 0
816 0
774 0
627 0
470 0
401 0
463 0
621 0
767 0
818 0
737 0
577 0
437 0
407 0
510 0
671 0
797 0
804 0
691 0
522 0
412 0
425 0
558 0
720 0
813 0
781 0
639 0
477 0
404 0
459 0
610 0
762 0
817 0
744 0
583 0
442 0
408 0
500 0
662 0
792 0
809 0
698 0
534 0
415 0
422 0
550 0
712 0
815 0
788 0
648 0
488 0
406 0
453 0
599 0
756 0
820 0
749 0
594 0
448 0
404 0
491 0
654 0
789 0
813 0
707 0
542 0
420 0
419 0
539 0
705 0
809 0
788 0
656 0
496 0
405 0
445 0
591 0
750 0
820 0
757 0
602 0
458 0
402 0
483 0
647 0
786 0
816 0
714 0
552 0
425 0
414 0
532 0
696 0
810 0
795 0
666 0
504 0
406 0
441 0
582 0
742 0
818 0
764 0
613 0
460 0
401 0
478 0
635 0
780 0
814 0
727 0
559 0
429 0
415 0
523 0
690 0
803 0
798 0
676 0
510 0
410 0
436 0
574 0
730 0
817 0
772 0
621 0
467 0
403 0
471 0
624 0
770 0
818 0
729 0
568 0
433 0
409 0
514 0
676 0
800 0
804 0
686 0
518 0
411 0
434 0
563 0
727 0
815 0
776 0
632 0
473 0
405 0
462 0
614 0
765 0
818 0
743 0
578 0
443 0
406 0
506 0
670 0
796 0
808 0
691 0
528 0
416 0
425 0
556 0
719 0
814 0
784 0
640 0
482 0
402 0
455 0
606 0
759 0
818 0
746 0
589 0
446 0
404 0
497 0
659 0
793 0
809 0
702 0
536 0
416 0
420 0
545 0
713 0
814 0
785 0
651 0
489 0
405 0
452 0
603 0
754 0
823 0
754 0
599 0
454 0
407 0
491 0
653 0
789 0
814 0
714 0
547 0
423 0
419 0
540 0
698 0
808 0
799 0
662 0
497 0
407 0
446 0
589 0
750 0
819 0
760 0
610 0
456 0
404 0
485 0
642 0
782 0
820 0
720 0
554 0
428 0
414 0
527 0
694 0
810 0
800 0
671 0
508 0
411 0
440 0
580 0
739 0
821 0
770 0
615 0
465 0
401 0
472 0
630 0
777 0
820 0
726 0
564 0
434 0
411 0
517 0
687 0
804 0
800 0
678 0
515 0
409 0
432 0
567 0
733 0
815 0
770 0
627 0
471 0
401 0
467 0
623 0
772 0
822 0
735 0
574 0
438 0
410 0
510 0
680 0
799 0
804 0
692 0
521 0
413 0
427 0
562 0
722 0
818 0
780 0
637 0
478 0
404 0
458 0
614 0
769 0
816 0
743 0
585 0
440 0
406 0
505 0
666 0
795 0
811 0
698 0
531 0
418 0
424 0
551 0
717 0
812 0
786 0
648 0
485 0
406 0
454 0
606 0
755 0
820 0
752 0
592 0
447 0
404 0
493 0
658 0
791 0
812 0
706 0
541 0
421 0
419 0
541 0
705 0
813 0
791 0
653 0
493 0
405 0
448 0
594 0
754 0
822 0
756 0
604 0
453 0
404 0
485 0
645 0
785 0
813 0
715 0
547 0
425 0
414 0
532 0
699 0
809 0
795 0
661 0
503 0
406 0
442 0
584 0
744 0
821 0
764 0
612 0
461 0
405 0
481 0
642 0
779 0
816 0
723 0
562 0
429 0
412 0
524 0
689 0
804 0
796 0
672 0
507 0
406 0
435 0
575 0
736 0
819 0
769 0
623 0
466 0
401 0
471 0
627 0
774 0
815 0
730 0
566 0
431 0
409 0
514 0
678 0
801 0
804 0
680 0
517 0
412 0
432 0
564 0
726 0
815 0
775 0
627 0
472 0
402 0
463 0
619 0
768 0
820 0
736 0
576 0
437 0
409 0
507 0
671 0
797 0
807 0
690 0
526 0
416 0
428 0
556 0
718 0
815 0
780 0
637 0
479 0
401 0
457 0
609 0
760 0
818 0
744 0
585 0
444 0
404 0
497 0
660 0
794 0
808 0
698 0
537 0
417 0
421 0
546 0
712 0
814 0
785 0
649 0
489 0
402 0
450 0
599 0
755 0
818 0
751 0
597 0
450 0
403 0
489 0
651 0
787 0
809 0
705 0
542 0
422 0
415 0
538 0
703 0
810 0
792 0
660 0
495 0
404 0
444 0
588 0
747 0
818 0
759 0
608 0
455 0
404 0
484 0
640 0
781 0
812 0
716 0
553 0
426 0
414 0
528 0
693 0
805 0
796 0
667 0
504 0
407 0
439 0
579 0
742 0
817 0
767 0
613 0
461 0
402 0
475 0
632 0
775 0
816 0
725 0
563 0
432 0
411 0
520 0
687 0
806 0
801 0
676 0
510 0
409 0
433 0
572 0
732 0
817 0
771 0
625 0
469 0
403 0
467 0
623 0
772 0
816 0
731 0
570 0
437 0
408 0
512 0
675 0
798 0
803 0
685 0
519 0
413 0
427 0
561 0
724 0
813 0
776 0
631 0
474 0
402 0
460 0
614 0
764 0
819 0
739 0
581 0
440 0
407 0
503 0
673 0
799 0
806 0
694 0
531 0
415 0
425 0
