27 0
123 0
634 0
657 0
112 0
450 0
739 0
117 0
356 0
797 0
265 0
262 0
806 0
469 0
179 0
774 0
564 0
121 0
628 0
658 0
111 0
448 0
742 0
118 0
354 0
799 0
377 0
401 0
426 0
451 0
471 0
497 0
525 0
546 0
593 0
648 0
689 0
742 0
791 0
894 0
499 0
289 0
870 0
625 0
220 0
774 0
720 0
197 0
569 0
801 0
198 0
460 0
868 0
291 0
365 0
888 0
500 0
281 0
863 0
622 0
212 0
762 0
717 0
192 0
557 0
798 0
193 0
453 0
864 0
292 0
357 0
884 0
501 0
274 0
858 0
619 0
206 0
753 0
715 0
186 0
548 0
795 0
188 0
447 0
861 0
293 0
350 0
878 0
502 0
267 0
853 0
616 0
200 0
743 0
712 0
182 0
537 0
791 0
184 0
439 0
857 0
294 0
342 0
874 0
503 0
260 0
846 0
613 0
193 0
732 0
709 0
176 0
526 0
788 0
179 0
432 0
853 0
295 0
334 0
867 0
501 0
251 0
839 0
609 0
185 0
720 0
705 0
169 0
519 0
785 0
173 0
423 0
848 0
293 0
326 0
861 0
502 0
244 0
831 0
606 0
179 0
708 0
701 0
163 0
510 0
781 0
168 0
415 0
845 0
293 0
319 0
854 0
500 0
236 0
824 0
602 0
172 0
698 0
698 0
159 0
503 0
778 0
163 0
408 0
843 0
296 0
312 0
853 0
501 0
230 0
819 0
599 0
168 0
689 0
695 0
156 0
497 0
777 0
160 0
402 0
838 0
298 0
307 0
845 0
503 0
225 0
813 0
599 0
162 0
678 0
693 0
153 0
491 0
774 0
157 0
397 0
834 0
300 0
303 0
845 0
503 0
219 0
810 0
599 0
160 0
669 0
695 0
151 0
487 0
775 0
156 0
392 0
833 0
306 0
298 0
840 0
503 0
213 0
806 0
599 0
157 0
662 0
692 0
149 0
483 0
778 0
154 0
388 0
831 0
310 0
294 0
838 0
504 0
208 0
803 0
600 0
154 0
653 0
694 0
147 0
479 0
778 0
156 0
383 0
833 0
314 0
291 0
838 0
504 0
205 0
801 0
602 0
152 0
645 0
695 0
144 0
476 0
780 0
153 0
379 0
830 0
317 0
287 0
834 0
505 0
198 0
800 0
603 0
151 0
639 0
694 0
143 0
471 0
780 0
153 0
374 0
829 0
321 0
283 0
832 0
506 0
195 0
794 0
604 0
149 0
631 0
695 0
142 0
467 0
782 0
156 0
369 0
827 0
325 0
279 0
831 0
508 0
192 0
790 0
607 0
147 0
625 0
698 0
141 0
463 0
782 0
156 0
365 0
827 0
328 0
274 0
828 0
508 0
186 0
785 0
606 0
144 0
619 0
696 0
138 0
458 0
785 0
159 0
360 0
825 0
331 0
270 0
826 0
510 0
183 0
781 0
607 0
140 0
613 0
697 0
137 0
454 0
783 0
161 0
356 0
824 0
334 0
267 0
824 0
510 0
179 0
776 0
609 0
139 0
607 0
699 0
137 0
450 0
784 0
161 0
352 0
824 0
338 0
263 0
822 0
512 0
177 0
772 0
610 0
137 0
602 0
699 0
134 0
446 0
785 0
164 0
349 0
823 0
340 0
260 0
821 0
514 0
173 0
767 0
611 0
135 0
596 0
700 0
132 0
442 0
785 0
166 0
344 0
823 0
342 0
256 0
820 0
515 0
171 0
762 0
612 0
133 0
592 0
702 0
130 0
438 0
784 0
167 0
342 0
822 0
346 0
253 0
816 0
516 0
168 0
757 0
613 0
132 0
587 0
702 0
131 0
434 0
785 0
170 0
338 0
821 0
349 0
249 0
815 0
519 0
167 0
752 0
615 0
129 0
582 0
703 0
130 0
430 0
785 0
173 0
335 0
820 0
352 0
246 0
814 0
520 0
164 0
749 0
616 0
130 0
576 0
705 0
129 0
426 0
785 0
176 0
331 0
820 0
356 0
243 0
812 0
522 0
163 0
746 0
618 0
127 0
571 0
706 0
127 0
422 0
786 0
179 0
329 0
819 0
360 0
240 0
812 0
525 0
160 0
742 0
620 0
127 0
565 0
707 0
126 0
419 0
786 0
181 0
325 0
820 0
364 0
238 0
810 0
527 0
159 0
738 0
622 0
126 0
558 0
709 0
125 0
415 0
786 0
182 0
322 0
819 0
369 0
234 0
807 0
529 0
157 0
734 0
623 0
126 0
554 0
710 0
124 0
411 0
788 0
186 0
320 0
818 0
373 0
231 0
806 0
533 0
154 0
731 0
625 0
122 0
547 0
711 0
125 0
408 0
787 0
188 0
316 0
818 0
379 0
229 0
806 0
534 0
153 0
726 0
627 0
123 0
540 0
713 0
123 0
404 0
787 0
191 0
313 0
817 0
384 0
226 0
802 0
536 0
152 0
723 0
628 0
123 0
533 0
714 0
123 0
401 0
788 0
195 0
310 0
816 0
389 0
223 0
801 0
538 0
150 0
719 0
630 0
120 0
527 0
716 0
122 0
398 0
789 0
197 0
307 0
816 0
396 0
221 0
801 0
540 0
148 0
716 0
632 0
121 0
521 0
717 0
122 0
396 0
789 0
200 0
304 0
816 0
402 0
218 0
797 0
542 0
147 0
711 0
634 0
120 0
517 0
720 0
122 0
393 0
791 0
204 0
302 0
815 0
408 0
217 0
797 0
544 0
146 0
708 0
636 0
120 0
509 0
721 0
123 0
391 0
791 0
207 0
299 0
815 0
412 0
215 0
797 0
545 0
145 0
704 0
639 0
120 0
504 0
722 0
123 0
390 0
791 0
210 0
297 0
815 0
418 0
212 0
795 0
547 0
144 0
701 0
640 0
121 0
499 0
725 0
123 0
388 0
794 0
213 0
294 0
816 0
423 0
210 0
794 0
548 0
140 0
697 0
643 0
117 0
494 0
726 0
121 0
385 0
795 0
216 0
290 0
817 0
426 0
207 0
794 0
549 0
137 0
693 0
646 0
115 0
487 0
728 0
118 0
383 0
796 0
218 0
287 0
818 0
431 0
203 0
793 0
551 0
135 0
689 0
647 0
115 0
482 0
730 0
117 0
381 0
799 0
223 0
284 0
818 0
437 0
202 0
792 0
553 0
133 0
684 0
651 0
113 0
478 0
733 0
118 0
379 0
800 0
229 0
282 0
819 0
442 0
200 0
792 0
555 0
133 0
679 0
654 0
115 0
472 0
735 0
119 0
378 0
802 0
235 0
280 0
818 0
448 0
198 0
790 0
558 0
132 0
674 0
656 0
116 0
470 0
738 0
120 0
376 0
804 0
242 0
279 0
819 0
454 0
197 0
789 0
561 0
131 0
670 0
658 0
116 0
468 0
739 0
121 0
374 0
804 0
248 0
277 0
818 0
458 0
196 0
790 0
563 0
131 0
663 0
661 0
117 0
466 0
741 0
121 0
372 0
805 0
253 0
275 0
818 0
463 0
193 0
786 0
565 0
130 0
658 0
662 0
117 0
464 0
743 0
121 0
369 0
806 0
259 0
272 0
815 0
468 0
191 0
786 0
568 0
128 0
651 0
664 0
118 0
462 0
745 0
123 0
367 0
806 0
265 0
271 0
818 0
472 0
189 0
785 0
569 0
128 0
646 0
666 0
118 0
460 0
748 0
122 0
365 0
807 0
270 0
269 0
818 0
475 0
185 0
786 0
573 0
126 0
642 0
669 0
117 0
459 0
751 0
123 0
363 0
809 0
275 0
269 0
817 0
477 0
185 0
783 0
575 0
127 0
636 0
669 0
118 0
457 0
754 0
125 0
361 0
809 0
280 0
266 0
817 0
478 0
182 0
782 0
577 0
126 0
630 0
670 0
117 0
455 0
755 0
126 0
357 0
808 0
285 0
264 0
816 0
480 0
178 0
781 0
578 0
125 0
626 0
671 0
117 0
452 0
758 0
127 0
355 0
810 0
290 0
262 0
815 0
482 0
176 0
780 0
580 0
124 0
621 0
672 0
116 0
451 0
759 0
127 0
353 0
810 0
293 0
261 0
814 0
484 0
174 0
779 0
582 0
125 0
617 0
674 0
116 0
448 0
761 0
127 0
351 0
809 0
298 0
259 0
815 0
485 0
171 0
779 0
584 0
124 0
614 0
675 0
116 0
446 0
764 0
129 0
348 0
813 0
302 0
257 0
813 0
487 0
169 0
775 0
586 0
123 0
609 0
677 0
116 0
444 0
765 0
132 0
346 0
810 0
305 0
255 0
815 0
489 0
167 0
773 0
588 0
122 0
605 0
679 0
116 0
441 0
767 0
133 0
344 0
810 0
309 0
253 0
812 0
491 0
165 0
770 0
590 0
122 0
602 0
681 0
116 0
439 0
769 0
136 0
341 0
812 0
312 0
251 0
812 0
493 0
163 0
767 0
591 0
120 0
598 0
682 0
115 0
436 0
769 0
140 0
338 0
810 0
316 0
249 0
810 0
495 0
161 0
764 0
594 0
120 0
594 0
684 0
115 0
434 0
770 0
142 0
336 0
810 0
319 0
246 0
810 0
497 0
159 0
761 0
595 0
119 0
590 0
685 0
114 0
431 0
772 0
145 0
334 0
812 0
323 0
245 0
810 0
500 0
159 0
758 0
598 0
118 0
586 0
688 0
114 0
429 0
773 0
147 0
332 0
812 0
326 0
243 0
811 0
502 0
157 0
755 0
600 0
117 0
582 0
690 0
116 0
427 0
775 0
150 0
330 0
814 0
329 0
241 0
809 0
505 0
155 0
753 0
603 0
118 0
580 0
692 0
115 0
425 0
775 0
153 0
328 0
815 0
333 0
239 0
809 0
507 0
154 0
749 0
604 0
116 0
576 0
693 0
115 0
423 0
776 0
156 0
326 0
814 0
337 0
237 0
809 0
509 0
154 0
748 0
607 0
117 0
574 0
696 0
114 0
420 0
777 0
159 0
324 0
814 0
340 0
236 0
808 0
511 0
152 0
746 0
608 0
116 0
570 0
697 0
115 0
418 0
778 0
162 0
322 0
816 0
343 0
234 0
808 0
513 0
152 0
742 0
610 0
116 0
567 0
698 0
115 0
416 0
779 0
164 0
320 0
815 0
346 0
232 0
807 0
515 0
151 0
741 0
612 0
117 0
564 0
701 0
115 0
414 0
780 0
167 0
319 0
815 0
350 0
231 0
807 0
518 0
150 0
738 0
613 0
115 0
560 0
702 0
116 0
411 0
783 0
170 0
317 0
817 0
354 0
229 0
806 0
521 0
149 0
736 0
615 0
114 0
557 0
703 0
115 0
409 0
782 0
172 0
316 0
816 0
358 0
227 0
807 0
523 0
147 0
735 0
617 0
114 0
552 0
706 0
115 0
406 0
783 0
173 0
314 0
816 0
361 0
225 0
804 0
524 0
146 0
731 0
618 0
115 0
548 0
705 0
114 0
403 0
783 0
177 0
312 0
816 0
365 0
224 0
803 0
527 0
146 0
728 0
619 0
115 0
543 0
707 0
115 0
401 0
783 0
179 0
309 0
815 0
369 0
222 0
803 0
528 0
145 0
725 0
621 0
113 0
539 0
709 0
116 0
399 0
784 0
180 0
308 0
816 0
373 0
220 0
801 0
530 0
144 0
723 0
622 0
115 0
534 0
710 0
114 0
397 0
786 0
184 0
306 0
815 0
378 0
218 0
800 0
533 0
144 0
720 0
625 0
112 0
530 0
712 0
115 0
396 0
786 0
187 0
304 0
815 0
384 0
217 0
800 0
535 0
143 0
717 0
627 0
115 0
525 0
714 0
116 0
394 0
786 0
189 0
303 0
815 0
389 0
215 0
799 0
537 0
142 0
714 0
629 0
115 0
521 0
717 0
115 0
392 0
789 0
192 0
301 0
816 0
393 0
214 0
797 0
539 0
142 0
712 0
631 0
114 0
516 0
717 0
116 0
390 0
788 0
196 0
298 0
816 0
399 0
212 0
798 0
540 0
140 0
709 0
633 0
114 0
511 0
719 0
116 0
389 0
789 0
198 0
296 0
816 0
403 0
211 0
796 0
542 0
140 0
707 0
635 0
115 0
508 0
720 0
117 0
388 0
791 0
201 0
295 0
816 0
409 0
211 0
797 0
544 0
140 0
703 0
637 0
114 0
504 0
721 0
117 0
387 0
791 0
205 0
293 0
816 0
413 0
209 0
795 0
544 0
139 0
702 0
640 0
115 0
499 0
724 0
117 0
385 0
791 0
206 0
292 0
815 0
416 0
208 0
794 0
546 0
138 0
698 0
640 0
115 0
495 0
723 0
118 0
384 0
793 0
210 0
289 0
815 0
420 0
207 0
793 0
547 0
137 0
695 0
643 0
114 0
491 0
725 0
118 0
383 0
794 0
213 0
288 0
815 0
424 0
206 0
794 0
548 0
136 0
691 0
645 0
115 0
488 0
726 0
119 0
382 0
794 0
216 0
286 0
815 0
428 0
204 0
792 0
550 0
136 0
689 0
646 0
116 0
485 0
728 0
119 0
381 0
797 0
221 0
285 0
816 0
432 0
204 0
792 0
551 0
134 0
687 0
648 0
115 0
480 0
729 0
119 0
380 0
797 0
226 0
283 0
816 0
436 0
203 0
793 0
553 0
134 0
683 0
650 0
116 0
476 0
730 0
118 0
378 0
798 0
229 0
282 0
816 0
439 0
201 0
790 0
554 0
133 0
679 0
651 0
116 0
473 0
730 0
119 0
377 0
799 0
233 0
281 0
