0 0
0 0
0 0
0 0
0 0
85 0
117 0
0 0
0 0
0 0
0 0
0 0
84 0
118 0
0 0
0 0
0 0
0 0
0 0
83 0
119 0
0 0
0 0
0 0
0 0
0 0
88 0
117 0
0 0
0 0
0 0
0 0
0 0
85 0
117 0
0 0
0 0
0 0
0 0
0 0
85 0
117 0
0 0
0 0
0 0
0 0
0 0
84 0
118 0
0 0
0 0
0 0
0 0
0 0
83 0
119 0
0 0
0 0
0 0
0 0
0 0
88 0
112 0
115 0
118 0
120 0
120 0
121 0
121 0
121 0
119 0
118 0
116 0
114 0
110 0
71 0
0 0
0 0
0 0
0 0
46 0
120 0
45 0
0 0
0 0
0 0
0 0
72 0
120 0
13 0
0 0
0 0
0 0
14 0
111 0
74 0
0 0
0 0
0 0
0 0
45 0
120 0
46 0
0 0
0 0
0 0
0 0
72 0
120 0
16 0
0 0
0 0
0 0
12 0
112 0
75 0
0 0
0 0
0 0
0 0
43 0
120 0
48 0
0 0
0 0
0 0
0 0
73 0
127 0
18 0
0 0
0 0
0 0
63 0
582 0
403 0
0 0
0 0
0 0
0 0
369 0
592 0
0 0
0 0
0 0
0 0
57 0
574 0
406 0
0 0
0 0
0 0
0 0
362 0
593 0
0 0
0 0
0 0
0 0
51 0
571 0
408 0
0 0
0 0
0 0
0 0
356 0
593 0
0 0
0 0
0 0
0 0
47 0
566 0
409 0
0 0
0 0
0 0
0 0
351 0
594 0
0 0
0 0
0 0
0 0
40 0
563 0
416 0
0 0
0 0
0 0
0 0
349 0
598 0
0 0
0 0
0 0
0 0
34 0
560 0
420 0
0 0
0 0
0 0
0 0
341 0
597 0
0 0
0 0
0 0
0 0
28 0
561 0
423 0
0 0
0 0
0 0
0 0
337 0
599 0
0 0
0 0
0 0
0 0
23 0
555 0
426 0
0 0
0 0
0 0
0 0
333 0
600 0
0 0
0 0
0 0
0 0
17 0
555 0
431 0
0 0
0 0
0 0
0 0
327 0
607 0
0 0
0 0
0 0
0 0
11 0
551 0
437 0
0 0
0 0
0 0
0 0
324 0
604 0
0 0
0 0
0 0
0 0
7 0
448 0
543 0
0 0
0 0
0 0
0 0
166 0
630 0
158 0
0 0
0 0
0 0
164 0
628 0
161 0
0 0
0 0
0 0
160 0
629 0
163 0
0 0
0 0
0 0
158 0
628 0
165 0
0 0
0 0
0 0
158 0
628 0
168 0
0 0
0 0
0 0
152 0
629 0
172 0
0 0
0 0
0 0
149 0
628 0
174 0
0 0
0 0
0 0
146 0
628 0
177 0
0 0
0 0
0 0
144 0
628 0
181 0
0 0
0 0
0 0
56 0
150 0
70 0
0 0
0 0
0 0
0 0
128 0
210 0
13 0
0 0
0 0
0 0
136 0
631 0
187 0
0 0
0 0
0 0
133 0
631 0
191 0
0 0
0 0
0 0
130 0
629 0
192 0
0 0
0 0
0 0
127 0
626 0
195 0
0 0
0 0
0 0
124 0
627 0
198 0
0 0
0 0
0 0
122 0
626 0
201 0
0 0
0 0
0 0
119 0
628 0
204 0
0 0
0 0
0 0
116 0
627 0
206 0
0 0
0 0
0 0
113 0
625 0
209 0
0 0
0 0
0 0
110 0
627 0
211 0
0 0
0 0
0 0
108 0
627 0
214 0
0 0
0 0
0 0
105 0
624 0
216 0
0 0
0 0
0 0
102 0
624 0
219 0
0 0
0 0
0 0
99 0
586 0
366 0
0 0
0 0
0 0
0 0
393 0
575 0
0 0
0 0
0 0
0 0
93 0
585 0
371 0
0 0
0 0
0 0
0 0
389 0
577 0
0 0
0 0
0 0
0 0
87 0
583 0
375 0
0 0
0 0
0 0
0 0
384 0
578 0
0 0
0 0
0 0
0 0
82 0
580 0
381 0
0 0
0 0
0 0
0 0
380 0
580 0
0 0
0 0
0 0
0 0
77 0
579 0
384 0
0 0
0 0
0 0
0 0
375 0
584 0
0 0
0 0
0 0
0 0
29 0
142 0
88 0
0 0
0 0
0 0
0 0
48 0
131 0
50 0
0 0
0 0
0 0
0 0
84 0
138 0
23 0
0 0
0 0
0 0
13 0
133 0
91 0
0 0
0 0
0 0
0 0
48 0
141 0
57 0
0 0
0 0
0 0
0 0
73 0
127 0
19 0
0 0
0 0
0 0
8 0
93 0
114 0
0 0
0 0
0 0
0 0
8 0
92 0
113 0
0 0
0 0
0 0
0 0
7 0
91 0
113 0
0 0
0 0
0 0
0 0
7 0
90 0
112 0
0 0
0 0
0 0
0 0
7 0
92 0
115 0
0 0
0 0
0 0
0 0
6 0
90 0
114 0
0 0
0 0
0 0
0 0
5 0
90 0
114 0
0 0
0 0
0 0
0 0
5 0
89 0
114 0
0 0
0 0
0 0
0 0
3 0
89 0
115 0
0 0
0 0
0 0
0 0
3 0
89 0
114 0
0 0
0 0
0 0
0 0
3 0
88 0
115 0
0 0
0 0
0 0
0 0
2 0
88 0
115 0
0 0
0 0
0 0
0 0
2 0
89 0
115 0
0 0
0 0
0 0
0 0
2 0
88 0
116 0
0 0
0 0
0 0
0 0
1 0
88 0
119 0
0 0
0 0
0 0
0 0
1 0
88 0
126 0
0 0
0 0
0 0
0 0
8 0
451 0
542 0
0 0
0 0
0 0
0 0
169 0
158 0
32 0
0 0
0 0
0 0
0 0
232 0
258 0
0 0
0 0
0 0
0 0
163 0
628 0
160 0
0 0
0 0
0 0
110 0
280 0
60 0
0 0
0 0
0 0
0 0
103 0
112 0
0 0
0 0
0 0
0 0
28 0
120 0
62 0
0 0
0 0
0 0
0 0
59 0
123 0
33 0
0 0
0 0
0 0
0 0
84 0
117 0
0 0
0 0
0 0
0 0
0 0
83 0
119 0
1 0
0 0
0 0
0 0
0 0
84 0
118 0
1 0
0 0
0 0
0 0
0 0
85 0
124 0
3 0
0 0
0 0
0 0
0 0
134 0
155 0
0 0
0 0
0 0
0 0
26 0
118 0
66 0
0 0
0 0
0 0
0 0
54 0
121 0
35 0
0 0
0 0
0 0
0 0
80 0
117 0
6 0
0 0
0 0
0 0
0 0
79 0
118 0
4 0
0 0
0 0
0 0
0 0
79 0
117 0
5 0
0 0
0 0
0 0
0 0
79 0
118 0
6 0
0 0
0 0
0 0
0 0
79 0
120 0
5 0
0 0
0 0
0 0
0 0
78 0
120 0
7 0
0 0
0 0
0 0
0 0
76 0
119 0
7 0
0 0
0 0
0 0
0 0
76 0
118 0
7 0
0 0
0 0
0 0
0 0
75 0
118 0
9 0
0 0
0 0
0 0
0 0
76 0
118 0
10 0
0 0
0 0
0 0
18 0
113 0
69 0
0 0
0 0
0 0
0 0
47 0
119 0
40 0
0 0
0 0
0 0
0 0
75 0
119 0
12 0
0 0
0 0
0 0
16 0
113 0
70 0
0 0
0 0
0 0
0 0
47 0
120 0
44 0
0 0
0 0
0 0
0 0
74 0
125 0
20 0
0 0
0 0
0 0
85 0
581 0
379 0
0 0
0 0
0 0
0 0
383 0
581 0
0 0
0 0
0 0
0 0
79 0
581 0
383 0
0 0
0 0
0 0
0 0
377 0
582 0
0 0
0 0
0 0
0 0
74 0
578 0
387 0
0 0
0 0
0 0
0 0
373 0
585 0
0 0
0 0
0 0
0 0
68 0
160 0
81 0
0 0
0 0
0 0
0 0
43 0
121 0
48 0
0 0
0 0
0 0
0 0
70 0
121 0
17 0
0 0
0 0
0 0
10 0
110 0
76 0
0 0
0 0
0 0
0 0
41 0
120 0
49 0
0 0
0 0
0 0
0 0
69 0
121 0
18 0
0 0
0 0
0 0
8 0
92 0
113 0
0 0
0 0
0 0
0 0
6 0
92 0
115 0
0 0
0 0
0 0
0 0
7 0
92 0
116 0
0 0
0 0
0 0
0 0
41 0
565 0
411 0
0 0
0 0
0 0
0 0
347 0
596 0
0 0
0 0
0 0
0 0
37 0
561 0
416 0
0 0
0 0
0 0
0 0
343 0
596 0
0 0
0 0
0 0
0 0
31 0
560 0
420 0
0 0
0 0
0 0
0 0
338 0
597 0
0 0
0 0
0 0
0 0
25 0
557 0
425 0
0 0
0 0
0 0
0 0
334 0
599 0
0 0
0 0
0 0
0 0
19 0
553 0
428 0
0 0
0 0
0 0
0 0
328 0
602 0
0 0
0 0
0 0
0 0
14 0
551 0
432 0
0 0
0 0
0 0
0 0
324 0
605 0
0 0
0 0
0 0
0 0
8 0
450 0
539 0
0 0
0 0
0 0
0 0
168 0
629 0
155 0
0 0
0 0
0 0
165 0
627 0
158 0
0 0
0 0
0 0
163 0
627 0
160 0
0 0
0 0
0 0
160 0
627 0
162 0
0 0
0 0
0 0
157 0
627 0
166 0
0 0
0 0
0 0
155 0
630 0
169 0
0 0
0 0
0 0
152 0
629 0
171 0
0 0
0 0
0 0
150 0
630 0
175 0
0 0
0 0
0 0
147 0
630 0
177 0
0 0
0 0
0 0
145 0
631 0
181 0
0 0
0 0
0 0
141 0
633 0
183 0
0 0
0 0
0 0
140 0
638 0
186 0
0 0
0 0
0 0
137 0
637 0
187 0
0 0
0 0
0 0
134 0
627 0
190 0
0 0
0 0
0 0
131 0
628 0
192 0
0 0
0 0
0 0
128 0
628 0
197 0
0 0
0 0
0 0
125 0
627 0
200 0
0 0
0 0
0 0
121 0
631 0
202 0
0 0
0 0
0 0
120 0
630 0
206 0
0 0
0 0
0 0
117 0
631 0
208 0
0 0
0 0
0 0
114 0
634 0
210 0
0 0
0 0
0 0
111 0
633 0
214 0
0 0
0 0
0 0
109 0
633 0
216 0
0 0
0 0
0 0
105 0
626 0
217 0
0 0
0 0
0 0
103 0
625 0
221 0
0 0
0 0
0 0
100 0
626 0
222 0
0 0
0 0
0 0
97 0
587 0
370 0
0 0
0 0
0 0
0 0
392 0
575 0
0 0
0 0
0 0
0 0
91 0
584 0
373 0
0 0
0 0
0 0
0 0
389 0
578 0
0 0
0 0
0 0
0 0
85 0
585 0
381 0
0 0
0 0
0 0
0 0
383 0
580 0
0 0
0 0
0 0
0 0
80 0
581 0
382 0
0 0
0 0
0 0
0 0
379 0
586 0
0 0
0 0
0 0
0 0
75 0
578 0
387 0
0 0
0 0
0 0
0 0
374 0
584 0
0 0
0 0
0 0
0 0
69 0
575 0
393 0
0 0
0 0
0 0
0 0
373 0
586 0
0 0
0 0
0 0
0 0
62 0
576 0
397 0
0 0
0 0
0 0
0 0
364 0
587 0
0 0
0 0
0 0
0 0
57 0
571 0
401 0
0 0
0 0
0 0
0 0
359 0
589 0
0 0
0 0
0 0
0 0
51 0
569 0
404 0
0 0
0 0
0 0
0 0
355 0
592 0
0 0
0 0
0 0
0 0
46 0
565 0
408 0
0 0
0 0
0 0
0 0
350 0
595 0
0 0
0 0
0 0
0 0
40 0
562 0
413 0
0 0
0 0
0 0
0 0
347 0
594 0
0 0
0 0
0 0
0 0
35 0
561 0
417 0
0 0
0 0
0 0
0 0
342 0
602 0
0 0
0 0
0 0
0 0
28 0
558 0
422 0
0 0
0 0
0 0
0 0
337 0
598 0
0 0
0 0
0 0
0 0
23 0
556 0
425 0
0 0
0 0
0 0
0 0
332 0
602 0
0 0
0 0
0 0
0 0
2 0
109 0
125 0
0 0
0 0
0 0
0 0
39 0
141 0
66 0
0 0
0 0
0 0
0 0
68 0
132 0
29 0
0 0
0 0
0 0
0 0
96 0
128 0
0 0
0 0
0 0
0 0
0 0
92 0
125 0
0 0
0 0
0 0
0 0
0 0
112 0
205 0
0 0
0 0
0 0
0 0
163 0
627 0
159 0
0 0
0 0
0 0
161 0
629 0
162 0
0 0
0 0
0 0
159 0
630 0
165 0
0 0
0 0
0 0
155 0
627 0
168 0
0 0
0 0
0 0
152 0
627 0
171 0
0 0
0 0
0 0
149 0
627 0
174 0
0 0
0 0
0 0
147 0
627 0
176 0
0 0
0 0
0 0
144 0
629 0
179 0
0 0
0 0
0 0
141 0
628 0
181 0
0 0
0 0
0 0
138 0
628 0
184 0
0 0
0 0
0 0
136 0
629 0
187 0
0 0
0 0
0 0
133 0
626 0
190 0
0 0
0 0
0 0
130 0
627 0
192 0
0 0
0 0
0 0
127 0
626 0
195 0
0 0
0 0
0 0
124 0
626 0
197 0
0 0
0 0
0 0
121 0
626 0
201 0
0 0
0 0
0 0
119 0
627 0
204 0
0 0
0 0
0 0
116 0
626 0
206 0
0 0
0 0
0 0
113 0
627 0
208 0
0 0
0 0
0 0
110 0
627 0
211 0
0 0
0 0
0 0
108 0
627 0
214 0
0 0
0 0
0 0
104 0
624 0
216 0
0 0
0 0
0 0
102 0
625 0
219 0
0 0
0 0
0 0
98 0
586 0
366 0
0 0
0 0
0 0
0 0
393 0
574 0
0 0
0 0
0 0
0 0
93 0
584 0
371 0
0 0
0 0
0 0
0 0
390 0
576 0
0 0
0 0
0 0
0 0
88 0
584 0
375 0
0 0
0 0
0 0
0 0
384 0
578 0
0 0
0 0
0 0
0 0
83 0
583 0
383 0
0 0
0 0
0 0
0 0
81 0
129 0
15 0
0 0
0 0
0 0
14 0
113 0
74 0
0 0
0 0
0 0
0 0
44 0
121 0
46 0
0 0
0 0
0 0
0 0
72 0
121 0
16 0
0 0
0 0
0 0
11 0
112 0
75 0
0 0
0 0
0 0
0 0
42 0
120 0
47 0
0 0
0 0
0 0
0 0
70 0
120 0
18 0
0 0
0 0
0 0
9 0
93 0
113 0
0 0
0 0
0 0
0 0
10 0
109 0
77 0
0 0
0 0
0 0
0 0
40 0
119 0
50 0
0 0
0 0
0 0
0 0
68 0
121 0
20 0
0 0
0 0
0 0
8 0
96 0
120 0
0 0
0 0
0 0
0 0
10 0
131 0
113 0
0 0
0 0
0 0
0 0
350 0
594 0
0 0
0 0
0 0
0 0
40 0
563 0
413 0
0 0
0 0
0 0
0 0
346 0
594 0
0 0
0 0
0 0
0 0
34 0
561 0
418 0
0 0
0 0
0 0
0 0
341 0
597 0
0 0
0 0
0 0
0 0
28 0
557 0
421 0
0 0
0 0
0 0
0 0
336 0
598 0
0 0
0 0
0 0
0 0
23 0
556 0
426 0
0 0
0 0
0 0
0 0
331 0
602 0
0 0
0 0
0 0
0 0
17 0
552 0
430 0
0 0
0 0
0 0
0 0
326 0
601 0
0 0
0 0
0 0
0 0
11 0
549 0
434 0
0 0
0 0
0 0
0 0
322 0
603 0
0 0
0 0
0 0
0 0
6 0
450 0
540 0
0 0
0 0
0 0
0 0
166 0
627 0
157 0
0 0
0 0
0 0
163 0
628 0
160 0
0 0
0 0
0 0
160 0
627 0
162 0
0 0
0 0
0 0
158 0
627 0
165 0
0 0
0 0
0 0
154 0
627 0
168 0
0 0
0 0
0 0
153 0
628 0
171 0
0 0
0 0
0 0
149 0
627 0
175 0
0 0
0 0
0 0
146 0
628 0
176 0
0 0
0 0
0 0
143 0
628 0
179 0
0 0
0 0
0 0
141 0
628 0
181 0
0 0
0 0
0 0
138 0
628 0
184 0
0 0
0 0
0 0
135 0
626 0
187 0
0 0
0 0
0 0
133 0
629 0
191 0
0 0
0 0
0 0
130 0
626 0
192 0
0 0
0 0
0 0
23 0
116 0
66 0
0 0
0 0
0 0
0 0
53 0
122 0
37 0
0 0
0 0
0 0
0 0
79 0
119 0
5 0
0 0
0 0
0 0
0 0
79 0
119 0
6 0
0 0
0 0
0 0
0 0
78 0
119 0
7 0
0 0
0 0
0 0
0 0
77 0
119 0
7 0
0 0
0 0
0 0
0 0
406 0
568 0
0 0
0 0
0 0
0 0
107 0
625 0
86 0
0 0
0 0
0 0
0 0
90 0
138 0
12 0
0 0
0 0
0 0
29 0
149 0
82 0
0 0
0 0
0 0
0 0
51 0
127 0
43 0
0 0
0 0
0 0
0 0
79 0
125 0
11 0
0 0
0 0
0 0
17 0
116 0
72 0
0 0
0 0
0 0
0 0
47 0
121 0
43 0
0 0
0 0
0 0
0 0
75 0
120 0
12 0
0 0
0 0
0 0
14 0
113 0
72 0
0 0
0 0
0 0
0 0
45 0
120 0
44 0
0 0
0 0
0 0
0 0
73 0
120 0
14 0
0 0
0 0
0 0
13 0
111 0
74 0
0 0
0 0
0 0
0 0
43 0
119 0
47 0
0 0
0 0
0 0
0 0
71 0
120 0
16 0
0 0
0 0
0 0
11 0
110 0
75 0
0 0
0 0
0 0
0 0
41 0
119 0
47 0
0 0
0 0
0 0
0 0
70 0
120 0
17 0
0 0
0 0
0 0
9 0
92 0
113 0
0 0
0 0
0 0
0 0
14 0
141 0
85 0
0 0
0 0
0 0
0 0
46 0
134 0
56 0
0 0
0 0
0 0
0 0
78 0
145 0
24 0
0 0
0 0
0 0
19 0
144 0
100 0
0 0
0 0
0 0
0 0
79 0
142 0
24 0
0 0
0 0
0 0
8 0
106 0
117 0
0 0
0 0
0 0
0 0
43 0
137 0
60 0
0 0
0 0
0 0
0 0
75 0
138 0
25 0
0 0
0 0
0 0
6 0
102 0
114 0
0 0
0 0
0 0
0 0
193 0
163 0
28 0
0 0
0 0
0 0
10 0
559 0
421 0
0 0
0 0
0 0
0 0
336 0
598 0
0 0
0 0
0 0
0 0
22 0
177 0
99 0
0 0
0 0
0 0
0 0
51 0
206 0
96 0
0 0
0 0
0 0
0 0
329 0
603 0
0 0
0 0
0 0
0 0
1 0
110 0
150 0
0 0
0 0
0 0
0 0
45 0
166 0
70 0
0 0
0 0
0 0
0 0
74 0
160 0
33 0
0 0
0 0
0 0
0 0
103 0
125 0
0 0
0 0
0 0
0 0
37 0
142 0
69 0
0 0
0 0
0 0
0 0
71 0
146 0
35 0
0 0
0 0
0 0
0 0
101 0
126 0
0 0
0 0
0 0
0 0
34 0
143 0
73 0
0 0
0 0
0 0
0 0
73 0
165 0
37 0
0 0
0 0
0 0
0 0
436 0
549 0
0 0
0 0
0 0
0 0
149 0
628 0
173 0
0 0
0 0
0 0
147 0
628 0
177 0
0 0
0 0
0 0
143 0
628 0
179 0
0 0
0 0
0 0
140 0
628 0
181 0
0 0
0 0
0 0
138 0
628 0
184 0
0 0
0 0
0 0
135 0
627 0
187 0
0 0
0 0
0 0
51 0
148 0
89 0
0 0
0 0
0 0
0 0
70 0
148 0
46 0
0 0
0 0
0 0
0 0
112 0
140 0
0 0
0 0
0 0
0 0
26 0
133 0
78 0
0 0
0 0
0 0
0 0
54 0
127 0
40 0
0 0
0 0
0 0
0 0
93 0
148 0
42 0
0 0
0 0
0 0
115 0
627 0
206 0
0 0
0 0
0 0
112 0
627 0
209 0
0 0
0 0
0 0
110 0
625 0
211 0
0 0
0 0
0 0
108 0
626 0
214 0
0 0
0 0
0 0
105 0
625 0
217 0
0 0
0 0
0 0
102 0
626 0
219 0
0 0
0 0
0 0
99 0
588 0
367 0
0 0
0 0
0 0
0 0
397 0
574 0
0 0
0 0
0 0
0 0
93 0
585 0
371 0
0 0
0 0
0 0
0 0
389 0
577 0
0 0
0 0
0 0
0 0
21 0
157 0
88 0
0 0
0 0
0 0
0 0
51 0
133 0
49 0
0 0
0 0
0 0
0 0
81 0
132 0
16 0
0 0
0 0
0 0
18 0
136 0
87 0
0 0
0 0
0 0
0 0
49 0
131 0
49 0
0 0
0 0
0 0
0 0
78 0
130 0
16 0
0 0
0 0
0 0
13 0
119 0
81 0
0 0
0 0
0 0
0 0
49 0
139 0
57 0
0 0
0 0
0 0
0 0
80 0
127 0
18 0
0 0
0 0
0 0
9 0
100 0
101 0
0 0
0 0
0 0
0 0
41 0
121 0
49 0
0 0
0 0
0 0
0 0
71 0
123 0
19 0
0 0
0 0
0 0
9 0
96 0
118 0
0 0
0 0
0 0
0 0
7 0
98 0
120 0
0 0
0 0
0 0
0 0
8 0
100 0
106 0
0 0
0 0
0 0
0 0
41 0
128 0
54 0
0 0
0 0
0 0
0 0
73 0
128 0
23 0
0 0
0 0
0 0
7 0
96 0
121 0
0 0
0 0
0 0
0 0
6 0
93 0
118 0
0 0
0 0
0 0
0 0
4 0
92 0
118 0
0 0
0 0
0 0
0 0
4 0
92 0
118 0
0 0
0 0
0 0
0 0
4 0
92 0
119 0
0 0
0 0
0 0
0 0
2 0
91 0
118 0
0 0
0 0
0 0
0 0
2 0
90 0
118 0
0 0
0 0
0 0
0 0
2 0
90 0
118 0
0 0
0 0
0 0
0 0
1 0
92 0
122 0
0 0
0 0
0 0
0 0
1 0
97 0
126 0
0 0
0 0
0 0
0 0
1 0
117 0
146 0
0 0
0 0
0 0
0 0
171 0
629 0
152 0
0 0
0 0
0 0
169 0
628 0
155 0
0 0
0 0
0 0
166 0
627 0
157 0
0 0
0 0
0 0
163 0
627 0
160 0
0 0
0 0
0 0
160 0
627 0
162 0
0 0
0 0
0 0
158 0
629 0
165 0
0 0
0 0
0 0
155 0
628 0
169 0
0 0
0 0
0 0
152 0
628 0
171 0
0 0
0 0
0 0
149 0
629 0
175 0
0 0
0 0
0 0
146 0
631 0
178 0
0 0
0 0
0 0
143 0
629 0
179 0
0 0
0 0
0 0
140 0
631 0
182 0
0 0
0 0
0 0
138 0
632 0
185 0
0 0
0 0
0 0
136 0
628 0
187 0
0 0
0 0
0 0
133 0
163 0
42 0
0 0
0 0
0 0
0 0
92 0
135 0
5 0
0 0
0 0
0 0
0 0
92 0
137 0
6 0
0 0
0 0
0 0
0 0
90 0
137 0
7 0
0 0
0 0
0 0
0 0
95 0
139 0
7 0
0 0
0 0
0 0
0 0
90 0
133 0
8 0
0 0
0 0
0 0
0 0
82 0
125 0
7 0
0 0
0 0
0 0
0 0
82 0
125 0
8 0
0 0
0 0
0 0
0 0
83 0
125 0
9 0
0 0
0 0
0 0
0 0
80 0
124 0
9 0
0 0
0 0
0 0
0 0
97 0
171 0
16 0
0 0
0 0
0 0
102 0
626 0
219 0
0 0
0 0
0 0
99 0
587 0
366 0
0 0
0 0
0 0
0 0
394 0
574 0
0 0
0 0
0 0
0 0
94 0
585 0
372 0
0 0
0 0
0 0
0 0
389 0
577 0
0 0
0 0
0 0
0 0
88 0
586 0
377 0
0 0
0 0
0 0
0 0
390 0
581 0
0 0
0 0
0 0
0 0
81 0
581 0
380 0
0 0
0 0
0 0
0 0
381 0
582 0
0 0
0 0
0 0
0 0
77 0
578 0
384 0
0 0
0 0
0 0
0 0
375 0
584 0
0 0
0 0
0 0
0 0
71 0
575 0
390 0
0 0
0 0
0 0
0 0
372 0
585 0
0 0
0 0
0 0
0 0
65 0
574 0
394 0
0 0
0 0
0 0
0 0
366 0
587 0
0 0
0 0
0 0
0 0
60 0
572 0
398 0
0 0
0 0
0 0
0 0
362 0
588 0
0 0
0 0
0 0
0 0
55 0
569 0
403 0
0 0
0 0
0 0
0 0
358 0
592 0
0 0
0 0
0 0
0 0
9 0
98 0
120 0
0 0
0 0
0 0
0 0
7 0
96 0
120 0
0 0
0 0
0 0
0 0
6 0
95 0
119 0
0 0
0 0
0 0
0 0
5 0
94 0
118 0
0 0
0 0
0 0
0 0
5 0
92 0
117 0
0 0
0 0
0 0
0 0
5 0
91 0
116 0
0 0
0 0
0 0
0 0
5 0
90 0
116 0
0 0
0 0
0 0
0 0
4 0
89 0
116 0
0 0
0 0
0 0
0 0
3 0
89 0
116 0
0 0
0 0
0 0
0 0
2 0
96 0
127 0
0 0
0 0
0 0
0 0
2 0
94 0
123 0
0 0
0 0
0 0
0 0
2 0
89 0
117 0
0 0
0 0
0 0
0 0
1 0
88 0
117 0
0 0
0 0
0 0
0 0
0 0
88 0
118 0
0 0
0 0
0 0
0 0
0 0
87 0
118 0
0 0
0 0
0 0
0 0
0 0
87 0
117 0
0 0
0 0
0 0
0 0
0 0
87 0
118 0
0 0
0 0
0 0
0 0
0 0
86 0
119 0
0 0
0 0
0 0
0 0
0 0
86 0
118 0
0 0
0 0
0 0
0 0
0 0
87 0
119 0
0 0
0 0
0 0
0 0
0 0
85 0
119 0
0 0
0 0
0 0
0 0
0 0
85 0
120 0
0 0
0 0
0 0
0 0
0 0
439 0
554 0
0 0
0 0
0 0
0 0
146 0
632 0
177 0
0 0
0 0
0 0
144 0
634 0
180 0
0 0
0 0
0 0
141 0
628 0
182 0
0 0
0 0
0 0
138 0
219 0
64 0
0 0
0 0
0 0
0 0
102 0
144 0
0 0
0 0
0 0
0 0
34 0
169 0
115 0
0 0
0 0
0 0
0 0
116 0
165 0
0 0
0 0
0 0
0 0
28 0
158 0
81 0
0 0
0 0
0 0
0 0
54 0
123 0
38 0
0 0
0 0
0 0
0 0
81 0
120 0
6 0
0 0
0 0
0 0
0 0
82 0
128 0
8 0
0 0
0 0
0 0
0 0
83 0
124 0
7 0
0 0
0 0
0 0
0 0
78 0
120 0
7 0
0 0
0 0
0 0
0 0
83 0
126 0
8 0
0 0
0 0
0 0
0 0
79 0
121 0
8 0
0 0
0 0
0 0
0 0
77 0
121 0
9 0
0 0
0 0
0 0
0 0
76 0
120 0
10 0
0 0
0 0
0 0
18 0
113 0
70 0
0 0
0 0
0 0
0 0
48 0
121 0
41 0
0 0
0 0
0 0
0 0
75 0
122 0
12 0
0 0
0 0
0 0
16 0
113 0
72 0
0 0
0 0
0 0
0 0
48 0
124 0
45 0
0 0
0 0
0 0
0 0
76 0
123 0
12 0
0 0
0 0
0 0
14 0
115 0
74 0
0 0
0 0
0 0
0 0
45 0
122 0
45 0
0 0
0 0
0 0
0 0
76 0
127 0
15 0
0 0
0 0
0 0
14 0
222 0
387 0
0 0
0 0
0 0
0 0
373 0
585 0
0 0
0 0
0 0
0 0
67 0
575 0
392 0
0 0
0 0
0 0
0 0
372 0
586 0
0 0
0 0
0 0
0 0
63 0
575 0
396 0
0 0
0 0
0 0
0 0
365 0
587 0
0 0
0 0
0 0
0 0
58 0
573 0
400 0
0 0
0 0
0 0
0 0
360 0
132 0
0 0
0 0
0 0
0 0
9 0
96 0
115 0
0 0
0 0
0 0
0 0
7 0
92 0
115 0
0 0
0 0
0 0
0 0
6 0
93 0
117 0
0 0
0 0
0 0
0 0
7 0
91 0
115 0
0 0
0 0
0 0
0 0
5 0
90 0
115 0
0 0
0 0
0 0
0 0
5 0
89 0
114 0
0 0
0 0
0 0
0 0
6 0
130 0
173 0
0 0
0 0
0 0
0 0
51 0
141 0
61 0
0 0
0 0
0 0
0 0
73 0
139 0
28 0
0 0
0 0
0 0
4 0
95 0
122 0
0 0
0 0
0 0
0 0
3 0
91 0
118 0
0 0
0 0
0 0
0 0
3 0
93 0
145 0
0 0
0 0
0 0
0 0
2 0
64 0
130 0
0 0
0 0
0 0
0 0
14 0
552 0
433 0
0 0
0 0
0 0
0 0
323 0
604 0
0 0
0 0
0 0
0 0
8 0
452 0
538 0
0 0
0 0
0 0
0 0
169 0
629 0
154 0
0 0
0 0
0 0
166 0
628 0
157 0
0 0
0 0
0 0
163 0
629 0
160 0
0 0
0 0
0 0
160 0
629 0
163 0
0 0
0 0
0 0
159 0
630 0
166 0
0 0
0 0
0 0
29 0
119 0
63 0
0 0
0 0
0 0
0 0
72 0
136 0
36 0
0 0
0 0
0 0
0 0
93 0
128 0
0 0
0 0
0 0
0 0
0 0
85 0
125 0
1 0
0 0
0 0
0 0
0 0
88 0
125 0
1 0
0 0
0 0
0 0
0 0
82 0
118 0
1 0
0 0
0 0
0 0
0 0
82 0
118 0
3 0
0 0
0 0
0 0
0 0
424 0
558 0
0 0
0 0
0 0
0 0
133 0
627 0
189 0
0 0
0 0
0 0
129 0
629 0
193 0
