225 0
422 0
419 0
419 0
415 0
416 0
416 0
416 0
419 0
421 0
423 0
426 0
428 0
428 0
420 0
425 0
427 0
429 0
434 0
434 0
435 0
433 0
432 0
430 0
427 0
425 0
422 0
419 0
419 0
415 0
416 0
416 0
416 0
419 0
421 0
423 0
426 0
428 0
428 0
420 0
425 0
427 0
429 0
434 0
434 0
435 0
433 0
432 0
430 0
427 0
425 0
422 0
419 0
419 0
415 0
416 0
416 0
416 0
419 0
421 0
423 0
426 0
428 0
428 0
427 0
426 0
428 0
428 0
427 0
426 0
427 0
425 0
426 0
425 0
425 0
425 0
427 0
427 0
424 0
425 0
424 0
425 0
420 0
422 0
422 0
420 0
419 0
418 0
420 0
419 0
422 0
422 0
425 0
425 0
425 0
427 0
424 0
426 0
427 0
426 0
426 0
425 0
427 0
425 0
422 0
422 0
423 0
423 0
420 0
424 0
425 0
424 0
420 0
420 0
422 0
419 0
417 0
416 0
416 0
416 0
415 0
418 0
416 0
416 0
417 0
424 0
422 0
424 0
422 0
425 0
424 0
423 0
428 0
423 0
422 0
423 0
422 0
418 0
416 0
415 0
416 0
413 0
414 0
417 0
417 0
418 0
418 0
423 0
424 0
425 0
426 0
429 0
428 0
428 0
428 0
430 0
430 0
430 0
435 0
429 0
426 0
424 0
424 0
423 0
421 0
419 0
418 0
420 0
421 0
423 0
424 0
424 0
422 0
423 0
421 0
420 0
419 0
417 0
417 0
415 0
420 0
416 0
417 0
416 0
417 0
415 0
416 0
416 0
419 0
419 0
420 0
422 0
420 0
422 0
419 0
425 0
422 0
423 0
424 0
429 0
428 0
427 0
428 0
430 0
428 0
431 0
430 0
429 0
426 0
426 0
424 0
425 0
423 0
421 0
424 0
417 0
419 0
417 0
413 0
413 0
412 0
416 0
415 0
417 0
416 0
421 0
421 0
422 0
424 0
425 0
424 0
424 0
426 0
421 0
419 0
417 0
419 0
417 0
414 0
415 0
413 0
414 0
413 0
421 0
419 0
422 0
423 0
429 0
428 0
429 0
429 0
431 0
431 0
429 0
431 0
430 0
426 0
427 0
427 0
421 0
418 0
416 0
418 0
412 0
411 0
411 0
409 0
409 0
412 0
416 0
417 0
421 0
425 0
430 0
432 0
433 0
438 0
433 0
430 0
428 0
427 0
420 0
416 0
411 0
411 0
408 0
408 0
411 0
413 0
414 0
416 0
419 0
421 0
422 0
424 0
423 0
423 0
422 0
422 0
420 0
420 0
418 0
420 0
419 0
417 0
420 0
419 0
420 0
423 0
423 0
426 0
425 0
427 0
428 0
428 0
427 0
426 0
423 0
424 0
422 0
419 0
419 0
418 0
416 0
416 0
418 0
415 0
418 0
418 0
417 0
419 0
420 0
423 0
421 0
421 0
420 0
420 0
420 0
422 0
421 0
422 0
419 0
419 0
421 0
418 0
417 0
418 0
418 0
417 0
419 0
420 0
418 0
419 0
418 0
421 0
423 0
420 0
422 0
425 0
424 0
424 0
429 0
426 0
429 0
429 0
428 0
429 0
425 0
426 0
423 0
422 0
421 0
420 0
419 0
414 0
415 0
414 0
412 0
411 0
411 0
411 0
409 0
412 0
411 0
413 0
416 0
417 0
421 0
421 0
423 0
425 0
425 0
424 0
424 0
422 0
421 0
422 0
419 0
421 0
419 0
417 0
418 0
417 0
417 0
416 0
417 0
421 0
419 0
420 0
422 0
423 0
425 0
426 0
427 0
426 0
428 0
424 0
424 0
424 0
423 0
421 0
420 0
418 0
419 0
419 0
417 0
419 0
418 0
418 0
420 0
424 0
421 0
422 0
423 0
423 0
423 0
422 0
424 0
420 0
419 0
420 0
418 0
422 0
422 0
421 0
420 0
423 0
419 0
421 0
420 0
418 0
418 0
418 0
417 0
416 0
417 0
416 0
418 0
420 0
419 0
420 0
421 0
422 0
419 0
419 0
422 0
420 0
419 0
421 0
423 0
422 0
423 0
421 0
423 0
419 0
421 0
422 0
420 0
420 0
422 0
423 0
420 0
421 0
421 0
418 0
417 0
416 0
419 0
418 0
420 0
420 0
421 0
421 0
423 0
424 0
423 0
424 0
423 0
425 0
424 0
422 0
421 0
421 0
419 0
417 0
420 0
417 0
416 0
416 0
415 0
415 0
413 0
416 0
421 0
420 0
423 0
424 0
427 0
426 0
426 0
429 0
427 0
426 0
422 0
422 0
418 0
418 0
415 0
414 0
413 0
411 0
412 0
413 0
414 0
416 0
419 0
420 0
422 0
420 0
422 0
423 0
423 0
423 0
423 0
420 0
422 0
425 0
424 0
424 0
426 0
425 0
424 0
426 0
425 0
426 0
423 0
419 0
421 0
418 0
418 0
416 0
413 0
412 0
411 0
413 0
414 0
415 0
420 0
423 0
422 0
424 0
427 0
428 0
429 0
430 0
429 0
427 0
424 0
425 0
423 0
419 0
420 0
420 0
416 0
413 0
411 0
412 0
413 0
412 0
413 0
416 0
417 0
417 0
420 0
423 0
424 0
427 0
426 0
428 0
427 0
430 0
429 0
424 0
422 0
420 0
420 0
417 0
412 0
411 0
413 0
413 0
412 0
413 0
416 0
415 0
418 0
421 0
424 0
421 0
424 0
425 0
426 0
428 0
430 0
430 0
427 0
425 0
427 0
421 0
420 0
415 0
415 0
411 0
410 0
412 0
412 0
412 0
415 0
416 0
417 0
420 0
421 0
426 0
428 0
429 0
428 0
432 0
429 0
424 0
425 0
421 0
421 0
418 0
415 0
416 0
412 0
412 0
416 0
414 0
414 0
414 0
416 0
419 0
416 0
419 0
420 0
420 0
422 0
425 0
424 0
423 0
428 0
427 0
428 0
430 0
427 0
427 0
427 0
423 0
421 0
418 0
418 0
417 0
414 0
414 0
413 0
414 0
415 0
417 0
416 0
422 0
422 0
425 0
427 0
428 0
430 0
429 0
429 0
427 0
425 0
421 0
419 0
414 0
409 0
405 0
405 0
404 0
406 0
406 0
409 0
413 0
414 0
417 0
420 0
425 0
427 0
429 0
431 0
433 0
429 0
433 0
428 0
427 0
429 0
422 0
422 0
418 0
417 0
417 0
413 0
416 0
416 0
415 0
417 0
419 0
421 0
420 0
424 0
427 0
425 0
428 0
427 0
426 0
426 0
425 0
425 0
425 0
420 0
420 0
420 0
419 0
419 0
417 0
418 0
419 0
418 0
420 0
422 0
422 0
420 0
423 0
421 0
420 0
423 0
423 0
420 0
420 0
419 0
419 0
416 0
416 0
417 0
414 0
413 0
413 0
415 0
414 0
413 0
414 0
417 0
415 0
418 0
419 0
419 0
421 0
423 0
427 0
429 0
429 0
433 0
434 0
432 0
431 0
430 0
426 0
421 0
419 0
415 0
414 0
410 0
409 0
411 0
410 0
410 0
413 0
414 0
416 0
420 0
424 0
430 0
433 0
433 0
439 0
435 0
437 0
439 0
434 0
431 0
428 0
424 0
421 0
414 0
409 0
407 0
404 0
400 0
402 0
403 0
405 0
405 0
412 0
415 0
418 0
420 0
427 0
429 0
431 0
434 0
433 0
432 0
435 0
433 0
429 0
427 0
425 0
422 0
419 0
417 0
412 0
410 0
411 0
409 0
407 0
410 0
409 0
413 0
417 0
416 0
420 0
424 0
428 0
429 0
430 0
431 0
429 0
428 0
427 0
426 0
422 0
423 0
419 0
419 0
419 0
418 0
414 0
415 0
416 0
416 0
417 0
416 0
418 0
420 0
419 0
418 0
421 0
420 0
423 0
422 0
424 0
423 0
426 0
424 0
421 0
421 0
416 0
419 0
414 0
417 0
413 0
413 0
414 0
415 0
418 0
418 0
419 0
418 0
420 0
422 0
424 0
425 0
423 0
426 0
426 0
426 0
424 0
423 0
422 0
423 0
421 0
421 0
420 0
419 0
416 0
416 0
416 0
415 0
415 0
416 0
417 0
419 0
420 0
422 0
422 0
424 0
429 0
427 0
428 0
429 0
428 0
427 0
428 0
427 0
426 0
421 0
419 0
418 0
416 0
411 0
412 0
409 0
409 0
408 0
410 0
416 0
414 0
418 0
423 0
423 0
427 0
431 0
432 0
434 0
435 0
435 0
430 0
426 0
423 0
421 0
415 0
411 0
408 0
405 0
405 0
403 0
404 0
408 0
407 0
410 0
416 0
418 0
424 0
427 0
431 0
434 0
439 0
437 0
438 0
436 0
433 0
433 0
428 0
424 0
424 0
419 0
416 0
413 0
408 0
410 0
408 0
408 0
412 0
411 0
413 0
417 0
418 0
422 0
425 0
426 0
429 0
425 0
427 0
426 0
423 0
421 0
423 0
420 0
420 0
422 0
420 0
423 0
423 0
424 0
426 0
424 0
426 0
425 0
427 0
425 0
425 0
426 0
425 0
420 0
418 0
417 0
414 0
410 0
407 0
406 0
404 0
402 0
403 0
405 0
406 0
409 0
415 0
419 0
421 0
422 0
426 0
428 0
430 0
432 0
432 0
431 0
426 0
426 0
423 0
419 0
416 0
415 0
411 0
410 0
412 0
413 0
415 0
414 0
418 0
418 0
419 0
421 0
423 0
428 0
428 0
428 0
434 0
434 0
432 0
431 0
430 0
427 0
428 0
427 0
422 0
422 0
421 0
418 0
419 0
414 0
415 0
414 0
412 0
416 0
418 0
418 0
422 0
424 0
428 0
428 0
428 0
428 0
430 0
426 0
426 0
428 0
424 0
424 0
422 0
420 0
419 0
416 0
416 0
417 0
417 0
418 0
419 0
419 0
419 0
418 0
419 0
419 0
416 0
418 0
418 0
415 0
413 0
414 0
415 0
415 0
415 0
416 0
418 0
422 0
421 0
425 0
423 0
424 0
421 0
423 0
421 0
417 0
417 0
418 0
414 0
413 0
414 0
411 0
411 0
412 0
414 0
416 0
417 0
421 0
425 0
427 0
431 0
433 0
433 0
433 0
433 0
433 0
432 0
427 0
425 0
424 0
421 0
418 0
417 0
417 0
414 0
415 0
418 0
416 0
416 0
418 0
419 0
418 0
421 0
420 0
421 0
422 0
421 0
420 0
419 0
418 0
417 0
417 0
415 0
416 0
413 0
414 0
413 0
412 0
413 0
412 0
413 0
415 0
415 0
417 0
416 0
417 0
419 0
421 0
423 0
426 0
430 0
433 0
433 0
433 0
432 0
433 0
429 0
429 0
427 0
425 0
426 0
425 0
424 0
421 0
422 0
423 0
420 0
423 0
424 0
423 0
423 0
424 0
423 0
422 0
421 0
423 0
423 0
420 0
419 0
417 0
416 0
415 0
415 0
414 0
414 0
412 0
414 0
413 0
413 0
415 0
417 0
418 0
419 0
422 0
422 0
426 0
424 0
426 0
427 0
425 0
424 0
423 0
421 0
420 0
417 0
417 0
414 0
412 0
414 0
415 0
414 0
416 0
419 0
419 0
420 0
421 0
424 0
421 0
420 0
422 0
421 0
419 0
420 0
419 0
419 0
420 0
421 0
421 0
419 0
419 0
418 0
418 0
412 0
410 0
412 0
409 0
410 0
411 0
416 0
417 0
422 0
425 0
429 0
430 0
433 0
433 0
435 0
432 0
432 0
431 0
425 0
424 0
419 0
417 0
414 0
412 0
412 0
410 0
409 0
409 0
411 0
413 0
413 0
416 0
422 0
422 0
425 0
427 0
429 0
429 0
429 0
432 0
428 0
427 0
425 0
424 0
422 0
421 0
418 0
416 0
414 0
412 0
414 0
413 0
411 0
414 0
417 0
419 0
416 0
417 0
422 0
420 0
424 0
423 0
425 0
427 0
427 0
427 0
426 0
427 0
424 0
427 0
425 0
420 0
421 0
420 0
415 0
415 0
416 0
414 0
414 0
414 0
419 0
418 0
419 0
421 0
425 0
424 0
426 0
425 0
426 0
425 0
426 0
426 0
423 0
423 0
425 0
425 0
426 0
423 0
420 0
416 0
414 0
411 0
410 0
406 0
406 0
406 0
411 0
408 0
411 0
416 0
419 0
424 0
431 0
434 0
438 0
440 0
441 0
439 0
437 0
433 0
430 0
428 0
421 0
416 0
411 0
407 0
403 0
403 0
403 0
404 0
407 0
410 0
415 0
417 0
422 0
427 0
430 0
433 0
434 0
435 0
433 0
435 0
432 0
428 0
423 0
419 0
416 0
414 0
414 0
411 0
410 0
408 0
410 0
410 0
414 0
415 0
417 0
417 0
421 0
422 0
424 0
427 0
429 0
429 0
428 0
427 0
428 0
428 0
426 0
427 0
423 0
422 0
420 0
416 0
415 0
411 0
411 0
405 0
405 0
406 0
408 0
410 0
413 0
414 0
419 0
422 0
426 0
432 0
433 0
437 0
434 0
435 0
435 0
432 0
427 0
425 0
421 0
416 0
415 0
412 0
406 0
406 0
405 0
404 0
406 0
406 0
412 0
416 0
419 0
423 0
428 0
432 0
433 0
436 0
435 0
434 0
433 0
431 0
427 0
423 0
419 0
416 0
411 0
409 0
409 0
408 0
409 0
413 0
412 0
414 0
417 0
422 0
424 0
424 0
426 0
427 0
429 0
431 0
431 0
429 0
429 0
426 0
422 0
421 0
417 0
416 0
416 0
411 0
409 0
411 0
413 0
410 0
410 0
414 0
415 0
417 0
420 0
423 0
424 0
426 0
427 0
429 0
429 0
428 0
428 0
427 0
423 0
423 0
422 0
418 0
417 0
416 0
416 0
412 0
414 0
415 0
415 0
417 0
417 0
417 0
420 0
422 0
421 0
425 0
425 0
423 0
426 0
428 0
427 0
428 0
427 0
427 0
423 0
421 0
422 0
418 0
414 0
414 0
414 0
413 0
412 0
414 0
416 0
415 0
417 0
420 0
421 0
422 0
423 0
424 0
425 0
424 0
425 0
426 0
427 0
423 0
423 0
422 0
420 0
419 0
420 0
420 0
416 0
414 0
415 0
413 0
414 0
416 0
417 0
418 0
420 0
419 0
422 0
422 0
421 0
423 0
424 0
423 0
423 0
425 0
427 0
425 0
426 0
427 0
423 0
423 0
422 0
420 0
419 0
415 0
414 0
415 0
413 0
413 0
413 0
416 0
416 0
417 0
418 0
421 0
421 0
426 0
425 0
423 0
428 0
429 0
427 0
424 0
425 0
424 0
424 0
421 0
420 0
418 0
418 0
414 0
417 0
412 0
414 0
415 0
417 0
419 0
420 0
423 0
423 0
422 0
423 0
426 0
425 0
426 0
428 0
426 0
425 0
422 0
422 0
420 0
416 0
414 0
415 0
413 0
412 0
412 0
410 0
414 0
412 0
412 0
410 0
409 0
413 0
422 0
424 0
428 0
435 0
435 0
436 0
441 0
438 0
435 0
434 0
432 0
429 0
421 0
419 0
415 0
412 0
410 0
408 0
408 0
410 0
409 0
409 0
415 0
415 0
417 0
422 0
423 0
422 0
423 0
426 0
427 0
428 0
428 0
430 0
427 0
426 0
428 0
424 0
422 0
422 0
420 0
420 0
415 0
413 0
414 0
411 0
412 0
413 0
412 0
415 0
416 0
417 0
418 0
422 0
422 0
427 0
428 0
426 0
428 0
428 0
429 0
429 0
426 0
422 0
420 0
418 0
417 0
416 0
414 0
412 0
413 0
412 0
409 0
412 0
415 0
416 0
416 0
420 0
424 0
427 0
428 0
433 0
434 0
434 0
434 0
432 0
426 0
421 0
417 0
414 0
410 0
410 0
405 0
407 0
409 0
410 0
415 0
418 0
421 0
425 0
429 0
429 0
431 0
433 0
432 0
432 0
428 0
427 0
424 0
419 0
416 0
415 0
412 0
414 0
411 0
410 0
411 0
413 0
415 0
417 0
416 0
417 0
423 0
421 0
425 0
425 0
424 0
424 0
426 0
428 0
426 0
422 0
421 0
420 0
419 0
420 0
420 0
419 0
420 0
418 0
421 0
423 0
422 0
424 0
423 0
423 0
421 0
420 0
420 0
419 0
419 0
417 0
416 0
414 0
413 0
414 0
416 0
414 0
414 0
415 0
415 0
415 0
418 0
421 0
423 0
424 0
427 0
427 0
430 0
428 0
432 0
429 0
431 0
430 0
428 0
424 0
421 0
422 0
417 0
412 0
411 0
410 0
409 0
409 0
410 0
410 0
414 0
417 0
420 0
420 0
422 0
424 0
427 0
425 0
429 0
428 0
428 0
425 0
424 0
425 0
425 0
420 0
421 0
418 0
418 0
416 0
417 0
416 0
415 0
414 0
415 0
417 0
419 0
422 0
425 0
426 0
425 0
426 0
431 0
428 0
426 0
428 0
429 0
424 0
422 0
422 0
419 0
416 0
415 0
416 0
413 0
411 0
413 0
413 0
413 0
415 0
417 0
420 0
422 0
420 0
425 0
427 0
426 0
428 0
430 0
428 0
428 0
429 0
426 0
423 0
424 0
421 0
421 0
416 0
418 0
416 0
416 0
416 0
417 0
419 0
420 0
422 0
421 0
422 0
425 0
422 0
426 0
422 0
422 0
424 0
419 0
421 0
417 0
419 0
419 0
422 0
420 0
419 0
422 0
419 0
419 0
423 0
423 0
424 0
426 0
426 0
424 0
426 0
426 0
423 0
422 0
420 0
420 0
417 0
417 0
417 0
415 0
413 0
415 0
416 0
417 0
416 0
420 0
420 0
419 0
421 0
421 0
426 0
423 0
424 0
426 0
424 0
425 0
421 0
420 0
421 0
416 0
418 0
416 0
415 0
413 0
413 0
415 0
414 0
416 0
417 0
417 0
421 0
420 0
424 0
425 0
425 0
428 0
425 0
428 0
427 0
427 0
424 0
423 0
418 0
417 0
416 0
413 0
415 0
412 0
412 0
414 0
418 0
417 0
418 0
418 0
421 0
424 0
427 0
427 0
424 0
427 0
422 0
426 0
421 0
420 0
420 0
419 0
423 0
421 0
424 0
425 0
425 0
427 0
427 0
431 0
427 0
428 0
428 0
427 0
428 0
428 0
429 0
428 0
427 0
428 0
427 0
427 0
423 0
426 0
419 0
419 0
420 0
414 0
411 0
408 0
408 0
410 0
409 0
411 0
413 0
412 0
415 0
417 0
421 0
422 0
424 0
