
25
56
31
0
13
51
51
0
0
36
62
13
0
24
56
31
0
12
50
51
0
0
32
58ÿ18
15
12
8
5
2
1
0
0
0
0
0
0
0
0
0
0
0
0
0
0
0
0
25
56
34
0
11
49
53
0
0
32
59
13
0
21
53
33
0
12
51
54
0
0
30
57
13
0
19
53
33
0
8
40
63
0
0
19
52
33
0
4
37
60
0
0
19
54
35
0
7
39
62
1
0
21
55
37
0
7
40
64
0
0
18
53
39
0
7
40
63
2
0
20
54
38
0
9
42
64
2
0
17
51
37
0
5
39
62
4
0
19
53
39
0
5
38
62
3
0
17
52
40
0
6
40
64
7
0
17
52
39
0
3
37
63
5
0
19
54
42
0
2
36
60
3
0
16
51
42
0
3
37
61
7
0
19
55
45
0
4
37
62
6
0
16
52
43
0
1
36
60
5
0
13
49
43
0
0
35
60
5
0
14
50
44
0
2
37
62
8
0
13
50
44
0
0
36
60
9
0
16
53
48
0
1
37
61
8
0
11
48
44
0
0
33
59
9
0
14
52
47
0
0
33
59
9
0
13
50
48
0
0
36
62
12
0
26
57
30
0
10
48
51
0
0
32
59
12
0
24
55
31
0
11
49
49
0
0
32
58
14
0
27
56
31
0
8
39
61
0
0
21
54
32
0
10
49
54
0
0
34
60
14
0
19
52
29
0
9
41
62
4
0
24
56
35
0
11
51
54
0
0
30
58
15
0
23
57
36
0
10
49
54
0
0
31
59
18
0
21
53
36
0
6
38
61
1
0
19
53
36
0
6
39
62
1
0
19
52
36
0
5
37
61
1
0
19
54
37
0
10
50
60
0
0
30
58
19
0
18
53
39
0
8
40
64
3
0
17
51
39
0
4
36
60
2
0
17
51
40
0
7
40
63
5
0
16
50
39
0
2
35
59
2
0
15
50
40
0
2
36
60
6
0
19
54
42
0
1
35
59
2
0
16
51
42
0
2
36
60
7
0
17
52
45
0
1
35
59
3
0
14
50
43
0
1
35
60
8
0
17
53
48
0
2
36
61
6
0
12
49
43
0
0
33
58
7
0
13
49
44
0
0
34
59
10
0
23
54
25
0
13
49
46
0
1
36
61
11
0
23
53
26
0
13
50
48
0
2
37
62
11
0
21
52
27
0
9
40
60
0
0
24
56
31
0
15
51
51
0
0
33
59
11
0
23
54
31
0
15
51
52
0
0
32
58
12
0
20
52
29
0
7
39
60
0
0
24
56
36
0
12
48
52
0
0
31
58
10
0
21
53
34
0
12
51
55
0
0
35
61
17
0
19
52
33
0
7
39
61
0
0
21
53
35
0
10
49
54
0
0
29
57
16
0
18
51
34
0
7
39
62
2
0
21
53
36
0
7
39
62
1
0
17
50
36
0
7
40
63
4
0
20
53
39
0
9
40
63
3
0
19
52
38
0
4
37
61
2
0
17
52
39
0
7
40
63
5
0
19
53
40
0
4
37
60
4
0
17
50
39
0
6
39
63
10
0
29
57
21
0
16
54
44
0
7
40
64
7
0
15
51
41
0
3
37
60
8
0
17
52
44
0
1
35
60
6
0
15
50
45
0
6
40
65
10
0
27
56
24
0
15
51
45
0
4
38
62
10
0
25
55
25
0
15
52
47
0
4
38
62
10
0
23
53
25
0
14
50
47
0
3
38
62
12
0
24
53
24
0
11
48
46
0
1
36
61
11
0
23
54
26
0
11
48
47
0
0
35
60
13
0
25
55
30
0
11
47
47
0
0
31
57
11
0
24
54
29
0
9
39
60
0
0
20
53
32
0
11
49
51
0
0
30
57
11
0
20
51
32
0
11
48
54
0
0
32
58
14
0
20
51
32
0
9
40
65
1
0
23
54
36
0
7
38
61
0
0
22
54
37
0
12
49
54
0
0
31
57
18
0
22
54
36
0
12
50
58
0
0
32
58
18
0
17
50
34
0
6
38
59
2
0
20
52
36
0
4
36
59
1
0
19
51
38
0
8
39
60
3
0
17
49
36
0
5
37
60
5
0
21
52
40
0
5
36
57
3
0
16
49
39
0
6
37
59
5
0
17
49
39
0
4
36
58
5
0
19
52
43
0
5
37
59
6
0
17
50
43
0
5
36
59
5
0
14
47
39
0
2
35
57
7
0
17
50
42
0
2
34
57
5
0
14
48
41
0
2
34
58
10
0
27
55
24
0
15
48
42
0
3
36
58
8
0
13
48
43
0
1
34
57
9
0
14
48
44
0
1
34
58
9
0
13
48
44
0
0
35
57
10
0
24
53
24
0
12
47
45
0
0
32
56
8
0
13
48
47
0
0
34
58
12
0
25
53
29
0
12
48
46
0
0
34
58
12
0
23
52
29
0
11
45
46
0
0
31
55
11
0
23
52
29
0
12
47
47
0
0
32
57
14
0
21
51
28
0
11
47
49
0
0
31
56
13
0
22
52
31
0
10
47
50
0
0
33
57
16
0
21
52
32
0
9
39
60
0
0
20
51
33
0
9
40
61
1
0
20
50
33
0
7
38
58
1
0
20
51
38
0
9
39
61
3
0
19
50
36
0
9
39
61
1
0
20
50
34
0
7
39
60
3
0
20
51
36
0
8
39
60
5
0
21
51
37
0
7
39
60
3
0
18
50
36
0
6
37
59
4
0
18
49
39
0
7
38
60
4
0
18
49
37
0
5
37
60
5
0
17
49
37
0
5
37
58
5
0
17
49
39
0
5
37
59
5
0
19
51
41
0
6
38
59
6
0
17
50
41
0
4
37
59
10
0
27
54
22
0
16
48
42
0
3
35
57
3
0
16
48
42
0
3
35
59
7
0
16
49
43
0
3
36
58
8
0
13
47
42
0
1
33
57
8
0
14
48
44
0
2
34
58
8
0
14
48
44
0
0
33
57
9
0
14
49
45
0
0
34
57
10
0
25
54
26
0
13
47
43
0
0
34
58
12
0
25
54
29
0
13
49
47
0
0
33
57
12
0
23
52
29
0
11
46
46
0
0
33
57
13
0
24
53
29
0
12
48
49
0
0
33
58
13
0
24
54
30
0
12
48
51
0
0
33
58
13
0
22
52
31
0
10
46
47
0
0
31
56
13
0
21
51
31
0
9
39
59
0
0
21
52
33
0
9
39
60
0
0
22
52
34
0
10
47
51
0
0
31
57
16
0
20
51
34
0
9
40
61
1
0
19
50
33
0
8
39
60
2
0
19
51
36
0
7
38
60
4
0
19
50
34
0
7
39
60
3
0
19
51
38
0
7
38
60
0
0
19
50
36
0
7
39
61
4
0
19
51
38
0
7
39
61
4
0
19
51
38
0
6
38
60
4
0
17
50
38
0
6
38
60
5
0
17
49
37
0
4
36
59
3
0
16
49
39
0
4
36
59
5
0
16
49
40
0
5
39
62
7
0
17
50
39
0
4
37
60
5
0
14
48
40
0
3
36
59
7
0
15
48
41
0
2
36
59
5
0
15
50
42
0
3
36
60
9
0
15
48
42
0
2
36
59
8
0
15
49
46
0
2
35
59
8
0
14
48
45
0
1
36
60
10
0
26
54
26
0
14
49
45
0
2
36
60
11
0
26
56
27
0
13
49
45
0
0
34
59
13
0
25
55
29
0
14
49
46
0
0
33
57
10
0
24
54
29
0
13
49
47
0
0
35
60
13
0
23
53
29
0
12
49
49
0
0
35
59
14
0
24
54
31
0
12
48
52
0
0
34
58
13
0
22
52
31
0
11
47
49
0
0
31
55
12
0
22
53
32
0
11
48
52
0
0
33
59
15
0
20
51
31
0
8
40
58
0
0
20
51
31
0
9
38
61
0
0
19
51
33
0
9
40
61
0
0
21
52
32
0
8
39
61
0
0
20
52
31
0
8
40
61
1
0
20
52
35
0
8
39
61
2
0
21
55
35
0
7
39
60
3
0
20
54
36
0
8
39
61
2
0
17
50
35
0
6
38
60
4
0
17
50
36
0
7
39
62
4
0
18
51
37
0
7
40
61
5
0
18
51
37
0
5
38
60
4
0
17
50
38
0
5
37
60
5
0
19
52
42
0
4
37
61
5
0
19
51
40
0
6
38
61
6
0
17
51
41
0
4
37
61
9
0
17
50
41
0
5
38
61
9
0
16
51
43
0
5
39
62
9
0
17
50
40
0
3
37
60
8
0
16
50
43
0
2
36
59
7
0
14
49
43
0
1
35
59
8
0
15
50
45
0
2
36
60
9
0
15
49
45
0
1
35
59
8
0
14
48
45
0
1
35
59
10
0
24
53
27
0
14
49
45
0
0
33
60
11
0
25
55
26
0
13
49
48
0
0
35
59
11
0
24
54
28
0
12
48
50
0
0
33
58
8
0
12
49
48
0
0
34
59
12
0
24
54
29
0
10
47
48
0
0
32
58
12
0
22
53
33
0
10
47
52
0
0
33
57
11
0
23
53
33
0
10
47
49
0
0
31
56
12
0
21
52
31
0
9
40
61
0
0
21
53
32
0
10
47
51
0
0
31
57
14
0
21
53
33
0
8
38
59
0
0
19
52
33
0
8
39
61
0
0
20
52
34
0
9
39
62
2
0
20
52
35
0
8
39
60
2
0
20
53
36
0
8
39
61
2
0
21
52
36
0
7
39
61
2
0
21
54
40
0
7
39
61
3
0
18
51
37
0
5
37
60
2
0
19
52
38
0
6
38
61
3
0
18
51
37
0
5
38
61
3
0
17
51
39
0
5
38
61
3
0
18
51
39
0
4
37
60
4
0
18
51
40
0
4
37
60
5
0
17
52
40
0
4
37
60
5
0
17
52
39
0
4
36
60
5
0
16
51
42
0
2
36
60
5
0
16
51
42
0
2
37
60
7
0
16
51
43
0
3
37
61
7
0
15
51
43
0
3
37
60
7
0
15
50
40
0
1
35
60
8
0
16
51
45
0
3
37
61
8
0
15
51
45
0
2
36
60
10
0
27
56
27
0
14
50
46
0
1
36
60
9
0
14
50
46
0
1
35
61
10
0
25
55
26
0
13
49
46
0
0
34
58
8
0
13
49
47
0
0
34
58
9
0
11
48
45
0
0
34
59
11
0
25
56
30
0
13
49
49
0
0
35
59
12
0
24
54
30
0
15
51
49
0
4
39
62
16
0
27
56
32
0
12
47
48
0
0
32
56
13
0
21
51
31
0
9
37
57
2
0
22
49
32
0
5
31
51
0
0
4
27
32
0
0
6
27
13
0
0
10
35
0
0
0
15
29
0
0
0
20
10
0
0
5
28
0
0
0
0
21
0
0
0
0
14
0
0
0
6
31
0
0
0
3
28
0
0
0
0
20
0
0
0
0
25
0
0
0
0
29
0
0
0
0
26
0
0
0
0
20
0
0
0
0
18
0
0
0
0
18
0
0
0
0
31
0
0
0
0
22
0
0
0
0
22
0
0
0
3
40
15
0
0
32
61
1
0
25
71
51
20
51
90
63
23
44
82
50
10
41
81
53
17
48
89
67
37
66
99
67
27
55
88
75
48
77
106
64
46
77
104
51
43
69
87
37
33
62
84
51
55
85
101
50
61
84
87
50
62
84
90
61
79
99
102
70
95
107
86
70
93
101
69
69
88
97
60
61
81
92
53
53
74
79
40
41
61
67
29
29
51
58
20
22
45
56
16
17
41
49
11
12
36
44
5
0
23
39
24
0
15
36
33
0
5
27
40
13
0
22
39
21
0
8
27
37
0
0
11
30
14
0
4
25
38
0
0
15
34
17
0
5
25
37
0
0
8
24
25
0
0
13
30
1
0
0
21
35
0
0
9
26
29
0
0
18
36
8
0
7
28
42
3
0
18
38
24
0
8
29
43
2
0
15
35
24
0
9
29
43
4
0
16
36
24
0
6
25
40
5
0
16
37
25
0
3
22
37
3
0
14
33
26
0
11
34
42
7
11
36
50
19
9
27
40
17
0
12
29
24
0
4
21
37
9
0
15
32
19
0
0
3
16
0
0
0
0
0
0
0
0
0
0
0
0
0
0
0
13
1
0
20
46
52
36
55
71
71
49
66
77
73
47
56
66
60
32
38
49
46
20
32
44
45
23
38
50
51
31
43
54
60
47
62
70
72
55
67
71
68
47
53
56
42
11
17
26
27
13
25
34
36
19
28
35
29
10
17
25
24
6
9
17
23
10
4
13
24
20
6
14
22
19
0
5
13
21
9
0
6
13
22
2
1
13
23
16
3
13
22
21
9
15
27
33
12
6
15
23
16
13
28
34
27
22
33
38
32
24
36
38
29
22
31
35
27
19
28
32
21
13
22
26
18
8
18
24
20
7
16
23
25
10
15
23
23
8
12
23
28
18
14
22
27
10
6
14
20
10
0
10
18
13
0
10
21
26
6
10
23
30
9
3
14
23
15
0
7
17
26
2
0
10
21
14
0
8
20
29
5
0
14
24
15
0
10
25
22
0
4
19
29
10
0
16
29
16
0
10
27
28
0
6
23
34
16
2
20
33
25
0
14
29
32
4
8
23
33
14
0
17
30
21
0
12
29
28
0
3
20
32
11
0
15
30
22
0
12
31
32
2
7
24
36
14
0
20
36
27
0
16
35
38
6
9
28
39
18
0
19
34
27
0
13
31
35
3
5
23
36
13
0
15
31
24
0
11
31
36
2
4
20
36
17
0
18
35
28
0
12
32
37
3
4
22
36
18
0
17
34
25
0
8
24
37
4
0
11
30
25
0
9
26
40
10
3
23
37
17
0
13
32
25
0
9
27
42
8
0
14
33
27
0
10
33
41
0
0
20
36
16
0
15
36
32
0
11
35
42
0
2
26
42
21
0
17
37
32
0
12
36
45
5
4
27
44
25
0
25
45
38
0
16
40
46
5
4
27
43
23
0
21
41
33
0
13
37
46
5
3
26
43
22
0
19
40
33
0
12
37
45
3
1
25
42
22
0
17
38
33
0
13
38
47
8
5
30
46
24
0
19
40
33
0
7
29
45
12
2
27
45
25
0
21
42
36
0
10
35
45
3
0
23
41
22
0
16
37
34
0
11
36
46
6
2
25
42
25
0
20
40
37
1
12
36
46
9
4
27
44
27
0
21
41
39
6
15
38
48
7
2
23
40
24
0
16
35
34
0
10
33
44
9
3
24
39
26
0
18
37
36
2
10
32
39
7
0
19
36
19
0
10
31
30
0
3
22
38
11
0
21
39
24
0
18
41
39
5
12
35
47
13
14
38
49
14
15
39
50
15
15
36
48
13
11
34
46
15
10
34
46
11
11
34
45
10
10
33
43
9
3
25
41
28
0
18
38
39
4
9
28
41
18
3
23
41
30
0
15
35
37
3
8
27
40
18
0
22
38
29
0
15
35
37
2
7
27
40
16
0
22
39
28
0
14
35
37
0
5
25
40
13
0
20
38
26
0
14
35
39
3
7
28
42
21
0
21
40
28
0
13
33
38
2
5
26
40
18
0
20
38
28
0
14
35
40
4
7
26
40
19
0
21
39
29
0
14
36
40
5
5
26
41
20
0
19
37
28
0
12
34
41
5
8
28
43
22
2
24
42
32
0
13
34
40
3
4
23
39
20
0
20
38
29
0
14
35
41
4
5
25
40
21
0
20
39
30
0
13
36
43
5
5
25
41
21
0
20
38
32
0
14
36
44
7
6
27
42
23
0
20
38
32
0
13
34
42
6
4
26
41
21
0
20
39
35
0
13
35
42
6
3
24
40
22
0
19
38
33
0
11
33
41
5
2
24
40
22
0
16
35
31
0
10
33
42
5
2
23
39
22
0
19
38
34
0
12
35
43
6
2
23
39
22
0
17
37
33
0
10
33
41
6
1
23
39
22
0
18
38
34
0
10
33
43
5
1
24
40
24
0
17
36
33
0
9
29
43
14
0
22
39
21
0
16
36
33
0
7
27
41
16
0
22
39
24
0
16
36
35
0
9
28
41
12
0
20
36
22
0
13
33
33
0
7
25
40
13
0
19
36
23
0
13
32
33
0
6
25
40
15
0
20
37
26
0
16
36
38
4
9
27
41
18
0
21
37
26
0
15
35
38
5
10
32
44
12
10
32
44
13
10
33
45
13
10
32
44
13
10
32
44
13
9
26
38
18
2
20
36
27
0
15
33
37
6
12
34
45
13
9
27
39
19
1
21
37
26
0
13
32
38
4
8
27
41
21
3
23
40
29
1
17
37
39
5
8
26
40
20
1
21
38
28
0
12
32
37
4
7
26
40
21
0
18
34
27
0
13
32
38
7
7
24
38
21
2
20
37
28
0
15
34
39
8
8
26
39
20
0
17
35
28
0
11
29
36
3
4
23
38
20
1
21
38
33
2
16
35
41
8
8
27
40
23
3
23
38
33
4
17
37
43
13
15
34
40
6
6
24
38
21
0
20
36
30
0
13
33
40
8
7
25
39
24
1
20
37
32
1
13
32
39
5
5
24
38
22
0
19
36
31
0
15
35
41
9
7
25
38
22
0
19
36
