
0
0
20
59
41
0
3
44
68
0
0
20
60
42
0
4
44
69
0
0
19
58
41
0
1
4ò
68
0
0
20
59
40
0
3
45
68
0
0
20
59
41
0
3
44
68
0
0
20
60
42
0
4
44
69
0
0
19
58
41
0
1
4ò69
70
71
71
70
68
65
61
56
51
46
41
36
31
25
20
15
11
0
17
59
46
0
0
42
71
0
0
15
58
45
0
0
42
71
2
0
17
60
48
0
0
40
69
0
0
15
59
47
0
0
41
70
2
0
15
58
48
0
0
40
69
2
0
14
58
48
0
0
40
70
3
0
14
58
48
0
0
40
70
5
0
15
58
49
0
0
40
70
5
0
14
58
50
0
0
39
68
4
0
13
57
51
0
0
39
68
7
0
14
57
50
0
0
41
69
8
0
14
58
53
0
0
41
70
11
0
29
65
32
0
14
58
54
0
0
40
69
10
0
29
64
32
0
16
58
58
0
0
39
68
11
0
29
63
33
0
14
57
57
0
0
40
69
14
0
25
60
32
0
9
44
66
0
0
21
57
29
0
5
40
64
0
0
16
53
26
0
0
36
62
0
0
13
51
23
0
0
35
62
0
0
13
52
27
0
0
36
64
0
0
13
53
27
0
0
37
65
0
0
14
55
30
0
0
39
67
0
0
12
55
30
0
0
39
68
0
0
13
56
30
0
0
36
66
0
0
9
45
54
0
0
24
62
7
0
0
36
69
0
0
11
55
33
0
0
36
69
0
0
11
59
36
0
0
39
72
0
0
12
57
36
0
0
38
71
0
0
14
60
39
0
0
40
74
0
0
13
59
39
0
0
38
72
0
0
8
45
60
0
0
18
60
10
0
4
41
58
0
0
15
58
7
0
0
24
64
0
0
0
36
57
0
0
15
59
15
0
0
36
56
0
0
4
39
33
0
0
28
68
6
0
15
61
57
0
18
66
88
17
24
69
87
12
16
61
81
9
5
45
81
47
0
34
74
65
0
19
64
83
9
1
37
73
36
0
21
62
55
0
8
46
78
17
0
36
72
36
0
23
65
57
0
6
43
74
12
0
28
65
29
0
15
57
51
0
0
36
68
7
0
10
53
46
0
0
26
60
0
0
0
35
60
0
0
13
53
19
0
0
35
60
0
0
6
38
36
0
0
11
49
0
0
0
29
59
0
0
19
59
28
0
3
38
66
0
0
16
58
25
0
0
31
59
0
0
16
59
30
0
11
55
54
0
0
29
67
3
0
1
38
66
0
0
23
66
37
0
18
62
61
0
10
57
84
21
19
60
85
18
16
58
82
17
15
57
81
15
14
57
80
16
16
59
81
17
19
62
83
14
12
53
75
2
0
24
60
33
0
13
52
52
0
0
30
62
7
0
0
30
56
0
0
7
38
38
0
0
16
54
0
0
0
21
51
0
0
0
25
31
0
0
9
40
19
0
0
31
62
0
0
19
60
36
0
16
61
63
0
0
41
77
14
0
20
62
30
0
5
45
75
0
0
20
64
32
0
4
42
72
0
0
12
57
25
0
0
34
67
0
0
6
42
48
0
0
19
61
5
0
0
33
68
0
0
14
59
38
0
5
42
75
0
0
21
64
40
0
7
43
75
0
0
6
42
52
0
0
31
73
26
0
35
78
69
12
63
100
65
24
77
106
45
34
82
105
27
47
88
95
21
38
79
87
14
33
73
80
7
8
43
73
27
0
22
58
40
0
1
35
61
0
0
11
49
32
0
0
32
61
0
0
14
54
36
0
0
32
61
0
0
0
25
37
0
0
0
27
27
0
11
59
78
21
40
82
96
40
55
92
98
29
37
72
79
13
25
62
69
0
0
17
45
4
0
0
19
46
0
0
0
23
38
0
0
2
31
20
0
0
20
51
0
0
5
39
56
0
0
16
52
8
0
0
25
56
0
0
9
43
62
0
0
30
63
26
0
19
58
51
0
19
61
77
9
1
36
65
36
0
30
64
57
0
19
58
73
14
22
60
73
11
17
53
67
6
0
33
59
26
0
16
50
43
0
4
38
63
11
0
27
56
13
0
0
16
37
0
0
10
44
28
0
25
58
56
0
12
50
68
13
24
67
83
24
35
77
90
13
15
55
68
0
0
32
62
27
0
15
53
45
0
0
35
59
0
0
1
34
52
0
0
11
46
11
0
1
35
55
0
0
16
50
14
0
0
35
56
0
0
9
37
32
0
0
12
44
0
0
0
25
49
0
0
6
38
37
0
0
24
57
0
0
3
39
63
0
0
0
30
22
0
0
0
19
0
0
0
9
41
22
0
5
42
70
0
0
13
51
19
0
0
25
56
0
0
11
53
34
0
24
71
75
5
21
72
94
20
19
69
91
12
6
45
75
9
0
0
28
56
0
0
3
38
45
0
0
25
62
11
0
20
60
39
0
18
64
70
0
9
50
81
33
0
42
77
57
0
24
60
61
0
0
32
63
26
0
33
66
45
0
20
60
64
0
0
30
57
8
0
0
28
55
0
0
3
34
42
0
0
25
59
15
0
20
56
35
0
6
41
66
0
0
0
20
31
0
0
10
48
11
0
17
58
48
0
32
78
93
37
61
99
97
10
17
54
61
0
0
35
65
27
0
33
68
46
0
4
37
62
8
0
33
69
51
0
12
50
56
0
0
29
61
11
0
2
32
42
0
0
2
31
16
0
0
20
51
0
0
0
33
48
0
0
19
54
13
0
8
40
55
0
0
22
56
21
0
22
61
43
0
0
13
44
0
0
0
25
45
0
0
13
49
11
0
2
35
55
0
0
36
72
41
0
36
74
62
0
17
60
73
0
0
30
63
25
0
17
56
48
0
8
43
72
17
0
36
69
37
0
31
68
57
0
4
39
65
5
0
4
35
53
0
0
7
36
21
0
0
0
12
0
0
0
19
54
9
0
19
58
56
3
17
56
75
16
17
54
72
7
0
27
57
33
0
26
66
62
0
15
57
75
11
21
65
84
25
35
79
96
33
40
82
95
36
44
82
93
27
27
61
72
0
0
12
38
0
0
0
0
3
0
0
0
0
0
0
0
0
0
14
45
0
0
49
85
77
33
82
106
33
0
21
49
18
0
0
32
55
0
0
31
63
37
0
20
56
54
0
9
42
67
18
0
26
55
27
0
1
31
52
0
0
17
51
28
0
12
49
50
0
8
43
68
24
2
43
74
59
25
94
120
81
64
113
120
40
74
100
68
21
79
97
65
20
80
97
61
12
70
87
50
1
44
72
58
0
13
53
57
0
0
22
44
10
0
0
27
38
0
0
16
39
18
0
13
43
45
2
26
65
70
17
12
42
46
0
0
0
6
15
0
0
0
2
14
0
0
11
33
34
4
37
60
68
45
64
81
75
29
32
44
31
0
0
0
0
0
0
0
0
0
0
0
0
0
0
0
0
0
0
0
0
0
0
0
0
2
26
0
0
0
25
43
2
13
56
80
45
45
85
101
42
63
93
95
44
67
97
97
38
56
85
81
15
32
62
59
0
0
34
55
13
0
35
66
44
0
33
71
72
11
34
66
64
0
8
45
64
26
0
25
49
30
0
11
46
49
0
0
30
50
12
0
17
44
28
0
1
29
46
0
0
14
42
26
0
0
26
44
0
0
2
27
35
0
0
11
35
1
0
0
23
44
0
0
11
41
30
0
1
30
49
0
0
6
31
41
0
0
10
35
5
0
0
14
36
0
0
6
32
46
0
0
27
52
12
0
21
58
35
0
0
37
61
0
0
19
61
39
0
36
92
96
25
82
134
110
61
129
139
33
86
134
92
16
93
122
26
0
49
89
35
0
30
99
89
0
5
81
109
0
0
60
104
21
0
65
105
29
0
67
102
20
0
50
87
43
0
19
71
60
0
0
31
54
3
0
0
32
41
0
0
20
48
13
0
11
67
62
0
22
116
107
0
49
118
65
0
59
133
76
0
54
119
61
0
39
103
47
0
27
92
79
0
0
47
71
0
0
12
91
85
0
7
94
118
2
0
95
137
52
13
132
141
17
83
137
83
0
68
122
76
0
58
109
64
0
45
91
73
0
4
67
74
49
78
178
156
77
138
155
58
0
55
65
32
28
129
128
81
133
184
126
186
260
174
169
236
157
0
0
0
0
0
0
78
328
299
51
76
58
0
0
0
0
0
0
0
0
0
0
0
0
0
0
0
0
0
0
0
0
0
0
0
0
0
0
0
0
0
0
0
9
85
100
125
203
222
243
332
307
299
426
412
331
431
414
333
386
367
286
227
196
124
71
87
87
27
0
11
24
0
0
0
0
15
0
0
0
0
0
0
0
0
0
0
0
0
0
0
0
0
0
0
0
41
91
12
58
127
137
63
160
195
101
180
229
149
55
48
49
0
0
0
0
0
0
0
0
0
0
0
0
0
0
0
0
0
0
57
119
147
166
209
171
66
104
123
4
0
27
59
4
0
0
6
35
7
0
0
25
58
9
0
28
69
71
15
52
86
87
32
71
102
79
29
74
94
66
16
61
83
56
8
41
68
63
6
16
45
56
0
0
3
23
22
0
0
5
23
2
0
0
0
22
7
0
3
40
66
50
54
107
123
88
139
159
