445 0
494 0
501 0
436 0
462 0
492 0
429 0
454 0
491 0
440 0
446 0
498 0
469 0
436 0
494 0
489 0
482 0
512 0
457 0
445 0
500 0
464 0
437 0
491 0
490 0
445 0
494 0
501 0
436 0
462 0
492 0
429 0
454 0
491 0
440 0
446 0
498 0
469 0
436 0
494 0
489 0
540 0
545 0
550 0
556 0
560 0
564 0
567 0
568 0
537 0
514 0
518 0
527 0
537 0
561 0
573 0
580 0
556 0
481 0
476 0
507 0
455 0
419 0
468 0
470 0
423 0
476 0
510 0
451 0
486 0
534 0
465 0
461 0
530 0
512 0
528 0
604 0
536 0
486 0
579 0
497 0
437 0
444 0
459 0
298 0
339 0
405 0
348 0
363 0
448 0
437 0
445 0
517 0
525 0
506 0
558 0
559 0
498 0
546 0
575 0
479 0
513 0
559 0
486 0
485 0
544 0
477 0
432 0
497 0
461 0
442 0
519 0
544 0
511 0
559 0
593 0
516 0
521 0
563 0
508 0
495 0
562 0
518 0
487 0
560 0
534 0
478 0
526 0
519 0
445 0
501 0
534 0
453 0
452 0
499 0
470 0
517 0
566 0
535 0
514 0
573 0
537 0
497 0
477 0
465 0
432 0
479 0
502 0
428 0
452 0
506 0
439 0
441 0
501 0
438 0
422 0
481 0
447 0
416 0
511 0
502 0
413 0
444 0
525 0
449 0
446 0
470 0
433 0
431 0
498 0
467 0
427 0
443 0
429 0
370 0
444 0
471 0
450 0
517 0
577 0
516 0
523 0
555 0
519 0
515 0
563 0
500 0
475 0
567 0
539 0
522 0
605 0
616 0
540 0
596 0
633 0
549 0
575 0
636 0
563 0
564 0
654 0
594 0
549 0
616 0
591 0
546 0
652 0
695 0
628 0
672 0
695 0
595 0
592 0
638 0
556 0
547 0
625 0
573 0
538 0
617 0
594 0
539 0
622 0
631 0
550 0
600 0
654 0
581 0
623 0
704 0
634 0
615 0
669 0
587 0
513 0
565 0
526 0
463 0
537 0
564 0
511 0
604 0
684 0
636 0
684 0
689 0
609 0
580 0
616 0
510 0
479 0
563 0
531 0
507 0
576 0
545 0
484 0
564 0
600 0
526 0
546 0
610 0
541 0
531 0
607 0
566 0
537 0
620 0
601 0
541 0
611 0
624 0
550 0
592 0
633 0
552 0
574 0
642 0
574 0
559 0
633 0
585 0
544 0
619 0
595 0
525 0
584 0
599 0
524 0
578 0
627 0
555 0
583 0
653 0
586 0
565 0
638 0
589 0
547 0
625 0
606 0
535 0
596 0
614 0
542 0
592 0
643 0
567 0
584 0
650 0
581 0
561 0
629 0
581 0
542 0
625 0
607 0
535 0
591 0
602 0
523 0
571 0
622 0
540 0
552 0
621 0
556 0
542 0
621 0
579 0
539 0
623 0
614 0
550 0
612 0
617 0
542 0
590 0
584 0
501 0
504 0
548 0
481 0
457 0
535 0
509 0
458 0
530 0
535 0
479 0
534 0
549 0
486 0
520 0
556 0
494 0
495 0
542 0
495 0
472 0
530 0
488 0
444 0
515 0
501 0
465 0
531 0
541 0
501 0
517 0
579 0
522 0
498 0
539 0
476 0
493 0
530 0
504 0
469 0
498 0
491 0
451 0
488 0
524 0
480 0
494 0
544 0
491 0
495 0
552 0
508 0
499 0
571 0
542 0
492 0
539 0
527 0
466 0
517 0
526 0
456 0
496 0
508 0
450 0
458 0
500 0
477 0
454 0
507 0
487 0
460 0
506 0
511 0
468 0
520 0
545 0
485 0
504 0
544 0
488 0
512 0
547 0
503 0
499 0
543 0
522 0
493 0
538 0
545 0
497 0
529 0
526 0
471 0
495 0
502 0
457 0
471 0
510 0
475 0
478 0
525 0
508 0
478 0
531 0
542 0
494 0
542 0
581 0
522 0
517 0
542 0
475 0
479 0
551 0
496 0
470 0
556 0
543 0
498 0
567 0
568 0
525 0
574 0
617 0
576 0
583 0
636 0
584 0
569 0
634 0
576 0
537 0
581 0
543 0
491 0
549 0
549 0
488 0
532 0
571 0
514 0
534 0
593 0
550 0
549 0
607 0
551 0
516 0
570 0
540 0
475 0
547 0
557 0
495 0
545 0
591 0
546 0
564 0
616 0
540 0
528 0
585 0
540 0
534 0
609 0
590 0
543 0
606 0
606 0
539 0
593 0
620 0
528 0
529 0
543 0
447 0
455 0
534 0
501 0
489 0
557 0
540 0
507 0
564 0
573 0
524 0
559 0
597 0
547 0
565 0
612 0
543 0
521 0
559 0
514 0
490 0
562 0
544 0
510 0
568 0
581 0
514 0
551 0
576 0
513 0
545 0
566 0
507 0
481 0
516 0
464 0
419 0
491 0
484 0
452 0
510 0
525 0
477 0
514 0
544 0
491 0
501 0
553 0
503 0
492 0
551 0
512 0
504 0
544 0
513 0
486 0
527 0
576 0
525 0
546 0
576 0
515 0
526 0
588 0
521 0
517 0
559 0
503 0
469 0
537 0
519 0
476 0
536 0
556 0
497 0
545 0
582 0
514 0
532 0
595 0
554 0
574 0
659 0
595 0
563 0
602 0
549 0
466 0
515 0
495 0
429 0
488 0
519 0
461 0
485 0
555 0
500 0
496 0
558 0
514 0
483 0
550 0
535 0
485 0
542 0
551 0
494 0
543 0
577 0
490 0
506 0
567 0
504 0
497 0
554 0
517 0
486 0
551 0
523 0
476 0
537 0
547 0
479 0
528 0
565 0
498 0
516 0
576 0
524 0
517 0
574 0
519 0
484 0
525 0
501 0
450 0
510 0
533 0
487 0
545 0
595 0
521 0
529 0
577 0
509 0
490 0
550 0
518 0
480 0
539 0
523 0
477 0
537 0
546 0
486 0
521 0
551 0
484 0
498 0
544 0
482 0
474 0
534 0
479 0
436 0
487 0
470 0
432 0
503 0
538 0
487 0
532 0
568 0
516 0
524 0
565 0
496 0
466 0
506 0
452 0
386 0
387 0
408 0
463 0
570 0
678 0
689 0
755 0
802 0
702 0
635 0
590 0
440 0
385 0
505 0
527 0
559 0
695 0
750 0
773 0
878 0
911 0
856 0
860 0
813 0
549 0
422 0
290 0
104 0
14 0
44 0
49 0
24 0
76 0
174 0
261 0
319 0
480 0
581 0
611 0
666 0
793 0
765 0
789 0
835 0
748 0
661 0
626 0
470 0
357 0
404 0
387 0
328 0
369 0
370 0
241 0
257 0
332 0
313 0
349 0
500 0
508 0
546 0
636 0
614 0
563 0
560 0
544 0
503 0
507 0
506 0
458 0
501 0
568 0
543 0
572 0
643 0
593 0
579 0
603 0
585 0
572 0
604 0
673 0
588 0
623 0
627 0
552 0
578 0
613 0
531 0
536 0
600 0
543 0
528 0
604 0
569 0
507 0
570 0
551 0
460 0
516 0
542 0
468 0
526 0
588 0
520 0
529 0
594 0
538 0
519 0
593 0
567 0
530 0
600 0
593 0
520 0
555 0
558 0
468 0
505 0
555 0
479 0
484 0
549 0
498 0
489 0
573 0
550 0
509 0
574 0
562 0
483 0
524 0
529 0
423 0
451 0
495 0
420 0
423 0
497 0
462 0
463 0
566 0
564 0
546 0
631 0
621 0
569 0
631 0
615 0
554 0
583 0
635 0
566 0
579 0
682 0
623 0
601 0
655 0
610 0
564 0
609 0
602 0
548 0
590 0
607 0
538 0
550 0
593 0
526 0
543 0
578 0
528 0
514 0
583 0
550 0
500 0
559 0
549 0
497 0
539 0
572 0
504 0
531 0
606 0
548 0
553 0
611 0
553 0
531 0
576 0
538 0
478 0
533 0
547 0
469 0
528 0
553 0
479 0
503 0
547 0
486 0
493 0
565 0
535 0
519 0
595 0
576 0
533 0
585 0
585 0
534 0
567 0
592 0
520 0
526 0
562 0
512 0
500 0
576 0
540 0
527 0
599 0
557 0
526 0
604 0
642 0
583 0
630 0
625 0
587 0
597 0
630 0
561 0
551 0
612 0
560 0
536 0
585 0
557 0
515 0
568 0
573 0
521 0
557 0
590 0
529 0
551 0
610 0
551 0
557 0
623 0
547 0
512 0
560 0
503 0
459 0
499 0
527 0
475 0
499 0
527 0
484 0
496 0
548 0
491 0
492 0
547 0
487 0
452 0
520 0
500 0
467 0
539 0
556 0
488 0
526 0
549 0
502 0
526 0
574 0
516 0
502 0
556 0
514 0
496 0
548 0
536 0
519 0
566 0
563 0
500 0
533 0
568 0
502 0
517 0
580 0
520 0
517 0
575 0
523 0
492 0
555 0
526 0
502 0
559 0
559 0
487 0
513 0
539 0
470 0
497 0
564 0
520 0
511 0
579 0
546 0
520 0
584 0
564 0
517 0
565 0
571 0
515 0
545 0
585 0
537 0
567 0
634 0
573 0
563 0
602 0
564 0
526 0
571 0
555 0
506 0
551 0
559 0
476 0
557 0
583 0
524 0
535 0
582 0
534 0
514 0
570 0
549 0
497 0
561 0
549 0
493 0
551 0
570 0
524 0
561 0
601 0
548 0
564 0
612 0
553 0
540 0
586 0
543 0
514 0
562 0
546 0
502 0
547 0
562 0
516 0
540 0
574 0
536 0
529 0
586 0
538 0
534 0
593 0
549 0
517 0
572 0
543 0
503 0
520 0
527 0
486 0
511 0
550 0
489 0
497 0
522 0
479 0
508 0
563 0
528 0
494 0
542 0
535 0
510 0
552 0
570 0
543 0
557 0
597 0
528 0
529 0
570 0
509 0
505 0
557 0
517 0
486 0
548 0
526 0
480 0
525 0
537 0
489 0
520 0
580 0
513 0
523 0
607 0
551 0
527 0
588 0
544 0
502 0
554 0
548 0
506 0
557 0
578 0
531 0
560 0
605 0
539 0
547 0
598 0
536 0
535 0
586 0
546 0
515 0
563 0
554 0
513 0
559 0
580 0
520 0
551 0
591 0
525 0
533 0
587 0
531 0
521 0
583 0
516 0
496 0
555 0
552 0
506 0
558 0
575 0
506 0
531 0
574 0
498 0
504 0
570 0
510 0
487 0
551 0
509 0
490 0
548 0
559 0
490 0
549 0
581 0
518 0
544 0
594 0
539 0
559 0
614 0
564 0
561 0
620 0
585 0
547 0
596 0
586 0
533 0
577 0
599 0
534 0
549 0
588 0
532 0
545 0
597 0
547 0
540 0
600 0
573 0
547 0
597 0
583 0
523 0
556 0
569 0
495 0
532 0
575 0
529 0
549 0
617 0
563 0
539 0
587 0
551 0
527 0
570 0
563 0
516 0
558 0
572 0
507 0
527 0
569 0
505 0
549 0
602 0
546 0
528 0
580 0
545 0
510 0
572 0
571 0
515 0
552 0
574 0
517 0
539 0
588 0
549 0
549 0
605 0
559 0
547 0
616 0
581 0
538 0
593 0
586 0
520 0
555 0
565 0
442 0
511 0
552 0
487 0
513 0
573 0
534 0
527 0
590 0
568 0
531 0
596 0
593 0
533 0
553 0
569 0
505 0
530 0
582 0
526 0
531 0
597 0
550 0
539 0
583 0
551 0
519 0
569 0
567 0
523 0
544 0
563 0
502 0
530 0
607 0
561 0
548 0
586 0
552 0
517 0
570 0
548 0
512 0
571 0
581 0
537 0
574 0
599 0
532 0
554 0
581 0
537 0
533 0
585 0
540 0
529 0
580 0
550 0
515 0
554 0
562 0
512 0
555 0
594 0
542 0
568 0
588 0
524 0
532 0
575 0
531 0
519 0
575 0
552 0
512 0
550 0
553 0
511 0
544 0
578 0
513 0
531 0
574 0
499 0
501 0
605 0
557 0
540 0
583 0
546 0
493 0
537 0
534 0
468 0
520 0
552 0
498 0
514 0
566 0
496 0
488 0
548 0
500 0
503 0
572 0
562 0
498 0
563 0
579 0
528 0
569 0
606 0
538 0
550 0
597 0
551 0
551 0
627 0
587 0
559 0
628 0
603 0
554 0
590 0
587 0
512 0
545 0
580 0
514 0
529 0
581 0
535 0
525 0
584 0
539 0
505 0
566 0
553 0
517 0
576 0
591 0
535 0
574 0
614 0
544 0
560 0
615 0
552 0
548 0
618 0
577 0
543 0
604 0
588 0
546 0
606 0
575 0
486 0
512 0
546 0
457 0
464 0
509 0
452 0
451 0
520 0
492 0
466 0
522 0
531 0
483 0
534 0
531 0
469 0
499 0
531 0
466 0
483 0
552 0
505 0
500 0
581 0
541 0
512 0
572 0
554 0
509 0
571 0
574 0
507 0
541 0
571 0
502 0
521 0
573 0
523 0
507 0
560 0
517 0
484 0
540 0
523 0
483 0
573 0
591 0
530 0
561 0
598 0
541 0
557 0
618 0
562 0
552 0
605 0
564 0
531 0
590 0
573 0
513 0
561 0
579 0
516 0
552 0
601 0
552 0
559 0
620 0
558 0
536 0
589 0
547 0
518 0
579 0
569 0
520 0
568 0
586 0
533 0
559 0
604 0
540 0
557 0
622 0
563 0
550 0
615 0
579 0
543 0
604 0
580 0
512 0
554 0
564 0
498 0
531 0
566 0
497 0
508 0
524 0
468 0
472 0
532 0
494 0
472 0
540 0
537 0
492 0
531 0
538 0
480 0
546 0
581 0
514 0
523 0
580 0
544 0
543 0
613 0
587 0
559 0
610 0
596 0
547 0
581 0
598 0
549 0
577 0
619 0
548 0
545 0
584 0
532 0
497 0
551 0
532 0
484 0
551 0
553 0
513 0
552 0
573 0
533 0
556 0
606 0
529 0
512 0
552 0
511 0
498 0
575 0
560 0
519 0
567 0
538 0
496 0
527 0
534 0
443 0
481 0
535 0
490 0
509 0
581 0
550 0
545 0
615 0
576 0
537 0
593 0
537 0
485 0
539 0
547 0
476 0
497 0
536 0
473 0
471 0
527 0
484 0
477 0
584 0
557 0
511 0
566 0
564 0
505 0
547 0
563 0
494 0
519 0
563 0
500 0
502 0
548 0
499 0
485 0
558 0
508 0
469 0
523 0
511 0
464 0
553 0
577 0
529 0
535 0
571 0
521 0
529 0
587 0
541 0
531 0
580 0
551 0
523 0
569 0
569 0
533 0
568 0
589 0
517 0
533 0
568 0
503 0
505 0
567 0
521 0
505 0
576 0
558 0
521 0
576 0
521 0
459 0
471 0
483 0
426 0
451 0
504 0
462 0
479 0
529 0
493 0
472 0
528 0
521 0
500 0
560 0
561 0
494 0
528 0
556 0
490 0
510 0
551 0
491 0
519 0
556 0
511 0
506 0
546 0
522 0
484 0
542 0
538 0
480 0
519 0
542 0
480 0
507 0
553 0
485 0
490 0
539 0
487 0
468 0
562 0
555 0
544 0
585 0
583 0
530 0
550 0
575 0
526 0
538 0
587 0
535 0
535 0
578 0
531 0
508 0
565 0
549 0
537 0
596 0
608 0
544 0
574 0
592 0
519 0
536 0
584 0
521 0
529 0
567 0
522 0
508 0
560 0
545 0
507 0
571 0
569 0
501 0
533 0
546 0
478 0
498 0
540 0
479 0
495 0
539 0
499 0
479 0
539 0
529 0
482 0
529 0
536 0
486 0
517 0
542 0
480 0
504 0
563 0
510 0
503 0
549 0
503 0
466 0
533 0
512 0
433 0
510 0
520 0
463 0
510 0
586 0
537 0
568 0
636 0
577 0
563 0
613 0
561 0
529 0
589 0
563 0
511 0
556 0
560 0
499 0
540 0
567 0
494 0
502 0
550 0
493 0
506 0
558 0
519 0
494 0
551 0
499 0
478 0
534 0
534 0
474 0
511 0
528 0
472 0
539 0
576 0
533 0
526 0
565 0
528 0
504 0
552 0
538 0
510 0
548 0
559 0
519 0
549 0
560 0
489 0
504 0
598 0
544 0
543 0
607 0
568 0
536 0
592 0
564 0
498 0
529 0
524 0
498 0
530 0
552 0
488 0
512 0
574 0
538 0
532 0
587 0
562 0
510 0
570 0
565 0
517 0
567 0
580 0
531 0
562 0
593 0
546 0
552 0
597 0
561 0
557 0
611 0
577 0
555 0
594 0
579 0
540 0
576 0
587 0
540 0
559 0
596 0
551 0
550 0
589 0
555 0
534 0
580 0
548 0
511 0
559 0
550 0
512 0
557 0
573 0
525 0
546 0
583 0
551 0
552 0
611 0
555 0
539 0
593 0
548 0
506 0
558 0
495 0
468 0
508 0
576 0
512 0
533 0
570 0
510 0
521 0
573 0
514 0
516 0
544 0
509 0
496 0
538 0
530 0
484 0
532 0
528 0
462 0
499 0
537 0
473 0
483 0
589 0
537 0
520 0
583 0
555 0
521 0
578 0
565 0
510 0
549 0
561 0
514 0
513 0
552 0
504 0
514 0
557 0
527 0
507 0
559 0
536 0
524 0
568 0
565 0
513 0
565 0
567 0
490 0
510 0
543 0
474 0
522 0
558 0
514 0
483 0
538 0
528 0
502 0
568 0
572 0
522 0
569 0
585 0
523 0
552 0
594 0
529 0
534 0
588 0
530 0
503 0
553 0
523 0
509 0
549 0
513 0
468 0
497 0
514 0
457 0
491 0
548 0
486 0
497 0
547 0
493 0
473 0
531 0
507 0
469 0
529 0
513 0
462 0
537 0
554 0
501 0
526 0
572 0
532 0
525 0
583 0
535 0
528 0
574 0
545 0
520 0
570 0
571 0
523 0
557 0
575 0
525 0
536 0
587 0
524 0
522 0
580 0
537 0
522 0
588 0
558 0
508 0
556 0
551 0
522 0
545 0
575 0
515 0
548 0
594 0
527 0
517 0
558 0
500 0
489 0
540 0
517 0
487 0
526 0
530 0
480 0
531 0
560 0
477 0
508 0
552 0
487 0
486 0
542 0
488 0
478 0
522 0
501 0
464 0
524 0
541 0
496 0
520 0
536 0
480 0
525 0
566 0
517 0
515 0
565 0
528 0
520 0
578 0
560 0
530 0
565 0
568 0
531 0
559 0
589 0
519 0
530 0
572 0
527 0
515 0
575 0
533 0
514 0
582 0
567 0
524 0
581 0
584 0
520 0
556 0
581 0
508 0
520 0
564 0
504 0
499 0
559 0
511 0
496 0
544 0
530 0
493 0
559 0
566 0
511 0
555 0
551 0
479 0
493 0
530 0
503 0
506 0
565 0
510 0
479 0
525 0
499 0
467 0
499 0
506 0
466 0
486 0
519 0
461 0
476 0
522 0
467 0
480 0
529 0
489 0
462 0
517 0
501 0
459 0
511 0
514 0
453 0
547 0
565 0
515 0
537 0
576 0
546 0
538 0
586 0
549 0
523 0
564 0
548 0
515 0
564 0
576 0
536 0
555 0
584 0
542 0
541 0
586 0
543 0
535 0
584 0
550 0
536 0
575 0
558 0
532 0
566 0
576 0
539 0
551 0
584 0
526 0
544 0
590 0
527 0
514 0
567 0
525 0
519 0
554 0
517 0
475 0
525 0
535 0
475 0
502 0
531 0
476 0
495 0
544 0
489 0
481 0
513 0
472 0
454 0
494 0
482 0
439 0
496 0
510 0
450 0
485 0
526 0
468 0
478 0
535 0
479 0
471 0
529 0
498 0
468 0
523 0
509 0
458 0
504 0
516 0
456 0
485 0
511 0
459 0
480 0
524 0
478 0
502 0
537 0
503 0
483 0
545 0
534 0
486 0
529 0
540 0
482 0
507 0
535 0
473 0
481 0
529 0
483 0
472 0
524 0
488 0
465 0
545 0
531 0
483 0
529 0
551 0
523 0
553 0
601 0
544 0
552 0
604 0
551 0
543 0
606 0
569 0
532 0
578 0
532 0
475 0
504 0
514 0
474 0
499 0
517 0
465 0
478 0
528 0
479 0
470 0
516 0
473 0
443 0
473 0
458 0
460 0
485 0
508 0
459 0
491 0
535 0
472 0
481 0
535 0
489 0
481 0
554 0
516 0
475 0
517 0
504 0
464 0
507 0
523 0
470 0
496 0
529 0
468 0
471 0
521 0
481 0
480 0
549 0
508 0
469 0
520 0
506 0
458 0
492 0
501 0
485 0
521 0
558 0
523 0
522 0
583 0
539 0
527 0
587 0
550 0
522 0
553 0
546 0
512 0
545 0
569 0
509 0
532 0
575 0
518 0
526 0
578 0
527 0
503 0
558 0
530 0
496 0
557 0
560 0
512 0
563 0
580 0
512 0
534 0
567 0
500 0
506 0
546 0
499 0
481 0
535 0
502 0
463 0
503 0
496 0
454 0
495 0
517 0
459 0
487 0
514 0
455 0
478 0
517 0
468 0
461 0
507 0
479 0
459 0
492 0
490 0
455 0
483 0
509 0
456 0
481 0
522 0
466 0
481 0
527 0
481 0
468 0
504 0
477 0
453 0
528 0
524 0
473 0
511 0
533 0
478 0
502 0
542 0
485 0
490 0
547 0
495 0
469 0
536 0
508 0
470 0
522 0
518 0
459 0
492 0
512 0
460 0
530 0
583 0
529 0
532 0
591 0
544 0
519 0
571 0
543 0
518 0
569 0
575 0
517 0
554 0
579 0
515 0
537 0
581 0
518 0
510 0
568 0
529 0
511 0
578 0
556 0
512 0
564 0
558 0
494 0
534 0
563 0
506 0
536 0
587 0
521 0
512 0
558 0
511 0
495 0
502 0
478 0
466 0
567 0
568 0
505 0
534 0
559 0
498 0
522 0
576 0
517 0
510 0
562 0
519 0
496 0
560 0
535 0
487 0
540 0
548 0
496 0
541 0
565 0
496 0
508 0
547 0
473 0
475 0
494 0
458 0
453 0
491 0
464 0
433 0
465 0
482 0
435 0
475 0
508 0
461 0
480 0
528 0
462 0
455 0
530 0
487 0
461 0
509 0
494 0
452 0
500 0
503 0
452 0
485 0
508 0
451 0
494 0
510 0
470 0
495 0
536 0
488 0
495 0
524 0
510 0
475 0
516 0
525 0
479 0
522 0
548 0
485 0
489 0
522 0
462 0
465 0
557 0
522 0
491 0
542 0
530 0
501 0
547 0
564 0
518 0
552 0
587 0
521 0
529 0
577 0
527 0
526 0
594 0
554 0
516 0
568 0
549 0
499 0
547 0
558 0
502 0
537 0
570 0
503 0
509 0
554 0
503 0
504 0
571 0
537 0
507 0
561 0
538 0
489 0
540 0
544 0
491 0
522 0
562 0
499 0
511 0
573 0
515 0
501 0
547 0
530 0
486 0
531 0
504 0
466 0
501 0
494 0
453 0
474 0
513 0
457 0
468 0
508 0
453 0
446 0
547 0
519 0
501 0
549 0
544 0
503 0
555 0
569 0
510 0
533 0
568 0
512 0
527 0
582 0
526 0
512 0
565 0
525 0
491 0
548 0
489 0
453 0
485 0
489 0
441 0
461 0
501 0
455 0
468 0
517 0
466 0
448 0
500 0
470 0
452 0
490 0
481 0
435 0
482 0
507 0
456 0
486 0
522 0
464 0
468 0
517 0
461 0
456 0
557 0
524 0
502 0
548 0
543 0
504 0
536 0
559 0
504 0
535 0
580 0
522 0
532 0
587 0
533 0
513 0
570 0
537 0
503 0
565 0
555 0
496 0
535 0
550 0
490 0
524 0
573 0
517 0
530 0
569 0
500 0
480 0
558 0
477 0
452 0
496 0
484 0
448 0
518 0
531 0
484 0
503 0
540 0
501 0
501 0
551 0
512 0
500 0
561 0
532 0
500 0
553 0
512 0
458 0
488 0
496 0
463 0
520 0
558 0
504 0
512 0
545 0
510 0
496 0
563 0
529 0
519 0
530 0
514 0
476 0
517 0
529 0
474 0
514 0
539 0
529 0
531 0
548 0
532 0
506 0
525 0
522 0
453 0
505 0
504 0
452 0
530 0
553 0
528 0
585 0
627 0
607 0
592 0
607 0
570 0
572 0
611 0
604 0
525 0
541 0
541 0
434 0
487 0
524 0
447 0
482 0
526 0
483 0
497 0
557 0
528 0
524 0
589 0
563 0
516 0
567 0
573 0
532 0
600 0
555 0
513 0
550 0
614 0
502 0
570 0
608 0
552 0
541 0
599 0
573 0
536 0
577 0
578 0
541 0
582 0
622 0
567 0
602 0
636 0
554 0
551 0
545 0
498 0
473 0
509 0
476 0
451 0
496 0
499 0
453 0
493 0
522 0
468 0
482 0
517 0
465 0
463 0
474 0
432 0
387 0
456 0
428 0
368 0
439 0
444 0
374 0
442 0
471 0
443 0
462 0
514 0
479 0
498 0
570 0
517 0
551 0
592 0
598 0
553 0
606 0
581 0
500 0
508 0
513 0
478 0
491 0
527 0
493 0
499 0
560 0
531 0
512 0
559 0
540 0
511 0
554 0
558 0
516 0
545 0
581 0
533 0
561 0
611 0
558 0
555 0
583 0
549 0
506 0
534 0
500 0
495 0
551 0
565 0
524 0
570 0
617 0
560 0
579 0
622 0
549 0
528 0
569 0
526 0
469 0
525 0
513 0
460 0
531 0
549 0
497 0
524 0
550 0
491 0
512 0
564 0
517 0
514 0
580 0
547 0
526 0
588 0
562 0
507 0
548 0
558 0
506 0
554 0
561 0
516 0
538 0
570 0
510 0
494 0
539 0
491 0
506 0
559 0
543 0
494 0
539 0
544 0
480 0
498 0
519 0
450 0
464 0
511 0
482 0
477 0
519 0
480 0
449 0
501 0
497 0
478 0
527 0
558 0
523 0
573 0
566 0
546 0
553 0
586 0
520 0
482 0
509 0
466 0
436 0
522 0
533 0
518 0
590 0
630 0
587 0
597 0
631 0
604 0
604 0
640 0
611 0
609 0
654 0
633 0
582 0
619 0
604 0
532 0
557 0
555 0
476 0
539 0
600 0
531 0
544 0
603 0
551 0
549 0
621 0
590 0
528 0
576 0
537 0
434 0
471 0
503 0
476 0
591 0
695 0
625 0
684 0
759 0
701 0
666 0
674 0
664 0
592 0
602 0
533 0
439 0
493 0
486 0
315 0
248 0
213 0
69 0
32 0
73 0
92 0
72 0
127 0
283 0
382 0
470 0
664 0
693 0
791 0
888 0
955 0
851 0
853 0
851 0
754 0
729 0
730 0
643 0
596 0
625 0
521 0
418 0
455 0
429 0
361 0
452 0
510 0
463 0
523 0
599 0
534 0
528 0
564 0
457 0
368 0
418 0
388 0
380 0
511 0
587 0
585 0
674 0
730 0
685 0
716 0
744 0
657 0
575 0
555 0
415 0
352 0
437 0
425 0
403 0
514 0
548 0
520 0
602 0
655 0
603 0
635 0
690 0
664 0
696 0
785 0
749 0
731 0
785 0
742 0
682 0
712 0
681 0
609 0
630 0
628 0
508 0
498 0
525 0
423 0
417 0
493 0
423 0
383 0
464 0
445 0
415 0
516 0
554 0
518 0
591 0
632 0
592 0
617 0
647 0
599 0
588 0
636 0
597 0
551 0
619 0
591 0
528 0
582 0
567 0
470 0
505 0
529 0
452 0
482 0
551 0
493 0
510 0
608 0
588 0
581 0
641 0
628 0
602 0
639 0
632 0
571 0
597 0
612 0
529 0
547 0
599 0
523 0
518 0
593 0
551 0
526 0
601 0
580 0
532 0
600 0
608 0
542 0
575 0
601 0
531 0
563 0
622 0
580 0
581 0
626 0
597 0
561 0
613 0
585 0
525 0
582 0
585 0
511 0
548 0
579 0
504 0
533 0
596 0
538 0
532 0
598 0
558 0
531 0
599 0
583 0
526 0
583 0
589 0
524 0
559 0
586 0
515 0
536 0
593 0
542 0
546 0
614 0
598 0
596 0
666 0
654 0
604 0
632 0
614 0
517 0
546 0
576 0
484 0
500 0
568 0
508 0
507 0
586 0
549 0
530 0
612 0
601 0
533 0
583 0
591 0
528 0
591 0
636 0
579 0
594 0
635 0
564 0
533 0
587 0
526 0
485 0
565 0
556 0
507 0
570 0
589 0
532 0
588 0
633 0
584 0
604 0
653 0
608 0
606 0
658 0
624 0
590 0
645 0
627 0
561 0
603 0
598 0
511 0
550 0
593 0
504 0
506 0
565 0
499 0
497 0
586 0
547 0
508 0
581 0
564 0
499 0
556 0
569 0
498 0
556 0
605 0
539 0
551 0
607 0
559 0
569 0
647 0
625 0
593 0
638 0
624 0
565 0
615 0
624 0
553 0
583 0
615 0
539 0
545 0
597 0
529 0
517 0
593 0
557 0
517 0
588 0
580 0
525 0
590 0
609 0
540 0
575 0
612 0
539 0
542 0
594 0
528 0
510 0
584 0
550 0
513 0
582 0
580 0
536 0
602 0
625 0
567 0
596 0
627 0
565 0
580 0
633 0
587 0
572 0
633 0
606 0
568 0
624 0
613 0
554 0
604 0
616 0
540 0
560 0
593 0
519 0
531 0
597 0
539 0
517 0
586 0
553 0
516 0
591 0
586 0
526 0
582 0
601 0
529 0
558 0
600 0
539 0
564 0
630 0
592 0
570 0
619 0
580 0
527 0
584 0
575 0
510 0
566 0
590 0
520 0
551 0
592 0
524 0
539 0
611 0
573 0
563 0
627 0
602 0
567 0
622 0
615 0
551 0
590 0
605 0
539 0
568 0
607 0
541 0
545 0
605 0
554 0
528 0
589 0
552 0
502 0
570 0
565 0
496 0
545 0
573 0
516 0
567 0
625 0
580 0
586 0
640 0
600 0
585 0
637 0
603 0
560 0
609 0
606 0
556 0
596 0
613 0
548 0
570 0
603 0
537 0
536 0
600 0
564 0
554 0
621 0
599 0
562 0
616 0
609 0
544 0
570 0
572 0
480 0
495 0
551 0
489 0
507 0
589 0
558 0
552 0
614 0
587 0
539 0
587 0
578 0
513 0
554 0
575 0
514 0
543 0
602 0
560 0
570 0
626 0
580 0
555 0
608 0
578 0
531 0
576 0
571 0
517 0
563 0
591 0
537 0
562 0
607 0
551 0
553 0
606 0
565 0
549 0
612 0
589 0
544 0
584 0
576 0
522 0
554 0
574 0
515 0
525 0
566 0
518 0
506 0
564 0
529 0
520 0
590 0
582 0
549 0
605 0
609 0
557 0
598 0
629 0
564 0
580 0
617 0
561 0
564 0
620 0
582 0
560 0
611 0
583 0
545 0
559 0
544 0
473 0
515 0
541 0
480 0
499 0
542 0
488 0
490 0
555 0
528 0
492 0
548 0
540 0
490 0
542 0
547 0
489 0
530 0
556 0
517 0
539 0
590 0
553 0
568 0
637 0
584 0
560 0
607 0
561 0
527 0
578 0
577 0
516 0
539 0
562 0
492 0
507 0
544 0
487 0
538 0
555 0
523 0
507 0
537 0
521 0
496 0
536 0
543 0
522 0
527 0
548 0
527 0
536 0
548 0
518 0
500 0
535 0
540 0
494 0
548 0
536 0
498 0
547 0
540 0
511 0
534 0
544 0
525 0
540 0
572 0
528 0
542 0
572 0
532 0
528 0
551 0
534 0
525 0
544 0
554 0
521 0
527 0
551 0
505 0
506 0
553 0
505 0
504 0
538 0
504 0
492 0
523 0
509 0
481 0
510 0
522 0
498 0
507 0
534 0
506 0
501 0
548 0
505 0
525 0
555 0
526 0
506 0
564 0
546 0
501 0
544 0
551 0
481 0
516 0
559 0
518 0
550 0
559 0
521 0
502 0
539 0
508 0
477 0
528 0
518 0
467 0
507 0
520 0
471 0
510 0
547 0
505 0
523 0
569 0
532 0
527 0
571 0
536 0
510 0
549 0
537 0
502 0
531 0
540 0
501 0
528 0
561 0
514 0
524 0
568 0
523 0
517 0
565 0
529 0
506 0
553 0
546 0
506 0
539 0
554 0
504 0
526 0
558 0
496 0
499 0
526 0
494 0
438 0
483 0
433 0
381 0
471 0
489 0
484 0
542 0
577 0
550 0
551 0
591 0
536 0
535 0
568 0
506 0
483 0
537 0
503 0
459 0
501 0
486 0
455 0
508 0
512 0
466 0
480 0
514 0
429 0
423 0
493 0
442 0
436 0
517 0
510 0
492 0
530 0
527 0
505 0
531 0
566 0
534 0
577 0
643 0
620 0
647 0
738 0
679 0
650 0
640 0
595 0
545 0
553 0
548 0
499 0
531 0
549 0
474 0
482 0
500 0
481 0
486 0
534 0
487 0
477 0
512 0
472 0
444 0
517 0
506 0
473 0
542 0
557 0
489 0
488 0
496 0
435 0
420 0
496 0
442 0
415 0
508 0
502 0
480 0
547 0
534 0
494 0
546 0
584 0
509 0
522 0
562 0
505 0
518 0
561 0
597 0
582 0
632 0
614 0
594 0
648 0
652 0
600 0
645 0
666 0
590 0
636 0
736 0
664 0
659 0
676 0
571 0
526 0
573 0
523 0
469 0
513 0
497 0
460 0
491 0
509 0
454 0
466 0
509 0
465 0
447 0
507 0
455 0
410 0
459 0
430 0
433 0
508 0
520 0
439 0
484 0
526 0
460 0
511 0
572 0
532 0
559 0
590 0
501 0
459 0
477 0
459 0
369 0
451 0
468 0
459 0
502 0
567 0
525 0
567 0
640 0
572 0
537 0
585 0
534 0
519 0
589 0
578 0
556 0
607 0
644 0
550 0
590 0
646 0
559 0
550 0
571 0
514 0
522 0
604 0
559 0
526 0
609 0
593 0
532 0
585 0
589 0
522 0
565 0
603 0
520 0
529 0
562 0
498 0
472 0
511 0
446 0
400 0
442 0
406 0
336 0
375 0
384 0
346 0
406 0
496 0
457 0
487 0
562 0
518 0
517 0
591 0
614 0
586 0
673 0
698 0
671 0
765 0
815 0
776 0
831 0
879 0
782 0
747 0
750 0
612 0
547 0
593 0
479 0
401 0
490 0
444 0
363 0
429 0
468 0
432 0
483 0
567 0
506 0
542 0
582 0
552 0
561 0
634 0
584 0
535 0
588 0
560 0
497 0
549 0
557 0
490 0
533 0
580 0
511 0
528 0
574 0
507 0
503 0
567 0
523 0
484 0
541 0
526 0
487 0
543 0
535 0
490 0
538 0
592 0
534 0
550 0
601 0
532 0
520 0
587 0
542 0
498 0
544 0
524 0
462 0
514 0
541 0
470 0
506 0
559 0
494 0
513 0
585 0
533 0
526 0
597 0
528 0
504 0
557 0
534 0
479 0
543 0
543 0
492 0
526 0
558 0
488 0
510 0
584 0
526 0
524 0
597 0
533 0
499 0
558 0
540 0
485 0
535 0
535 0
502 0
512 0
538 0
512 0
532 0
597 0
518 0
510 0
580 0
542 0
500 0
564 0
551 0
490 0
536 0
559 0
489 0
518 0
568 0
508 0
527 0
599 0
543 0
518 0
573 0
533 0
486 0
556 0
556 0
501 0
552 0
577 0
513 0
554 0
574 0
513 0
528 0
576 0
528 0
499 0
573 0
541 0
500 0
573 0
577 0
515 0
563 0
587 0
518 0
549 0
595 0
526 0
531 0
597 0
540 0
523 0
586 0
542 0
498 0
563 0
561 0
505 0
547 0
574 0
518 0
533 0
585 0
520 0
523 0
576 0
526 0
512 0
583 0
547 0
499 0
552 0
546 0
492 0
514 0
513 0
480 0
521 0
582 0
511 0
517 0
584 0
520 0
510 0
584 0
557 0
505 0
561 0
555 0
484 0
527 0
532 0
496 0
526 0
585 0
522 0
518 0
576 0
529 0
513 0
584 0
559 0
507 0
559 0
549 0
498 0
543 0
575 0
509 0
542 0
585 0
530 0
528 0
590 0
538 0
511 0
578 0
517 0
482 0
531 0
541 0
510 0
542 0
590 0
525 0
553 0
601 0
528 0
518 0
571 0
515 0
504 0
559 0
534 0
509 0
550 0
545 0
485 0
537 0
551 0
488 0
516 0
574 0
517 0
517 0
584 0
538 0
505 0
583 0
556 0
508 0
562 0
543 0
489 0
536 0
573 0
506 0
518 0
569 0
512 0
514 0
582 0
526 0
485 0
547 0
539 0
495 0
562 0
556 0
495 0
538 0
568 0
505 0
526 0
587 0
529 0
530 0
599 0
552 0
516 0
565 0
525 0
481 0
544 0
544 0
505 0
536 0
571 0
514 0
536 0
598 0
533 0
525 0
593 0
547 0
515 0
576 0
557 0
524 0
574 0
588 0
518 0
547 0
581 0
509 0
530 0
592 0
533 0
526 0
594 0
554 0
519 0
584 0
565 0
518 0
584 0
604 0
538 0
564 0
592 0
518 0
531 0
589 0
521 0
517 0
566 0
528 0
499 0
571 0
556 0
495 0
554 0
571 0
493 0
525 0
564 0
496 0
522 0
592 0
534 0
522 0
558 0
548 0
511 0
572 0
540 0
474 0
530 0
557 0
487 0
524 0
555 0
490 0
533 0
585 0
529 0
514 0
582 0
549 0
519 0
591 0
581 0
518 0
559 0
572 0
505 0
540 0
585 0
512 0
526 0
588 0
527 0
512 0
578 0
540 0
508 0
579 0
546 0
484 0
533 0
550 0
481 0
532 0
597 0
531 0
539 0
601 0
542 0
525 0
591 0
549 0
509 0
573 0
565 0
507 0
557 0
579 0
512 0
551 0
602 0
531 0
534 0
594 0
538 0
524 0
593 0
555 0
506 0
567 0
561 0
502 0
555 0
574 0
501 0
536 0
586 0
515 0
520 0
578 0
524 0
511 0
583 0
532 0
481 0
546 0
547 0
493 0
545 0
566 0
499 0
531 0
583 0
513 0
515 0
577 0
518 0
499 0
571 0
548 0
504 0
564 0
568 0
512 0
567 0
594 0
518 0
542 0
583 0
508 0
522 0
566 0
511 0
510 0
574 0
520 0
484 0
542 0
546 0
487 0
544 0
589 0
524 0
549 0
599 0
531 0
537 0
602 0
546 0
519 0
585 0
550 0
511 0
556 0
556 0
511 0
557 0
598 0
525 0
547 0
593 0
523 0
529 0
596 0
543 0
518 0
586 0
558 0
512 0
569 0
566 0
512 0
547 0
580 0
505 0
537 0
572 0
506 0
526 0
585 0
533 0
516 0
566 0
546 0
507 0
578 0
589 0
527 0
573 0
605 0
536 0
557 0
600 0
511 0
515 0
567 0
508 0
469 0
532 0
505 0
465 0
542 0
573 0
511 0
554 0
575 0
507 0
524 0
575 0
501 0
490 0
554 0
502 0
468 0
537 0
534 0
520 0
614 0
639 0
587 0
594 0
582 0
491 0
494 0
546 0
470 0
463 0
542 0
506 0
480 0
552 0
545 0
506 0
583 0
600 0
533 0
565 0
592 0
520 0
546 0
607 0
541 0
527 0
583 0
533 0
510 0
573 0
556 0
515 0
561 0
573 0
503 0
542 0
580 0
510 0
533 0
597 0
536 0
524 0
588 0
546 0
520 0
594 0
577 0
521 0
574 0
587 0
522 0
570 0
615 0
545 0
566 0
630 0
572 0
572 0
649 0
612 0
577 0
639 0
609 0
528 0
558 0
547 0
471 0
501 0
546 0
481 0
513 0
579 0
531 0
527 0
593 0
543 0
516 0
570 0
552 0
504 0
559 0
562 0
502 0
554 0
604 0
525 0
524 0
571 0
507 0
506 0
569 0
535 0
521 0
583 0
578 0
523 0
576 0
593 0
525 0
568 0
616 0
537 0
541 0
594 0
531 0
523 0
598 0
560 0
519 0
583 0
572 0
513 0
563 0
581 0
511 0
563 0
599 0
529 0
534 0
588 0
524 0
521 0
580 0
539 0
506 0
560 0
551 0
502 0
564 0
590 0
523 0
557 0
608 0
538 0
546 0
607 0
551 0
540 0
613 0
546 0
521 0
568 0
551 1
504 1
544 1
570 1
513 1
544 1
571 1
506 1
534 1
582 1
523 1
518 1
573 1
542 1
503 1
569 1
565 1
507 1
563 1
588 1
514 1
540 1
588 1
529 1
548 1
617 1
565 1
541 1
599 1
568 1
522 1
589 1
581 1
511 1
556 1
577 1
495 1
518 1
567 1
497 1
513 1
588 1
539 1
514 1
579 1
547 1
501 1
564 1
561 1
497 1
550 1
581 1
513 1
547 1
596 1
528 1
534 1
599 1
541 1
506 1
566 1
532 1
490 1
565 1
573 1
510 1
559 1
588 1
523 1
552 1
598 1
531 1
527 1
583 1
536 1
514 1
586 1
549 1
515 1
582 1
578 1
504 1
546 1
574 1
502 1
535 1
593 1
528 1
528 1
594 1
549 1
524 1
589 1
549 1
524 1
576 1
576 1
500 1
535 1
559 1
482 1
515 1
574 1
502 1
495 1
562 1
512 1
493 1
575 1
551 1
494 1
553 1
553 1
479 1
521 1
556 1
488 1
522 1
591 1
531 1
530 1
601 1
561 1
547 1
631 1
575 1
530 1
589 1
589 1
515 1
557 1
584 1
501 1
518 1
572 1
498 1
481 1
543 1
496 1
485 1
557 1
543 1
497 1
561 1
570 1
505 1
555 1
597 1
524 1
550 1
610 1
546 1
538 1
600 1
543 1
515 1
572 1
552 1
496 1
561 1
578 1
516 1
571 1
614 1
539 1
548 1
594 1
514 1
507 1
552 1
500 1
464 1
537 1
534 1
494 1
565 1
582 1
514 1
557 1
593 1
508 1
512 1
563 1
496 1
499 1
579 1
539 1
503 1
566 1
549 1
494 1
550 1
561 1
493 1
537 1
583 1
513 1
531 1
590 1
523 1
514 1
584 1
536 1
494 1
557 1
544 1
495 1
569 1
593 1
523 1
560 1
600 1
530 1
545 1
608 1
555 1
557 1
639 1
595 1
578 1
655 1
590 1
507 1
533 1
525 1
417 1
426 1
459 1
388 1
423 1
515 1
476 1
487 1
584 1
557 1
532 1
606 1
599 1
546 1
589 1
602 1
528 1
558 1
592 1
525 1
553 1
628 1
563 1
539 1
610 1
570 1
544 1
617 1
615 1
557 1
621 1
644 1
564 1
592 1
633 1
556 1
566 1
632 1
564 1
535 1
607 1
603 1
624 1
754 1
780 1
736 1
763 1
700 1
591 1
553 1
540 1
436 1
428 1
495 1
436 1
419 1
500 1
468 1
430 1
522 1
547 1
523 1
620 1
655 1
586 1
606 1
635 1
543 1
553 1
627 1
588 1
574 1
650 1
611 1
564 1
635 1
625 1
546 1
589 1
616 1
554 1
612 1
681 1
612 1
614 1
682 1
635 1
628 1
704 1
669 1
620 1
682 1
675 1
596 1
626 1
624 1
513 1
521 1
520 1
373 1
268 1
249 1
124 1
37 1
62 1
74 1
39 1
81 1
189 1
297 1
342 1
508 1
640 1
652 1
737 1
807 1
764 1
784 1
818 1
731 1
676 1
742 1
689 1
624 1
688 1
689 1
621 1
674 1
697 1
600 1
608 1
640 1
544 1
524 1
583 1
523 1
509 1
603 1
584 1
535 1
604 1
606 1
538 1
594 1
624 1
535 1
554 1
610 1
536 1
542 1
622 1
569 1
539 1
614 1
579 1
513 1
572 1
571 1
506 1
569 1
616 1
541 1
566 1
626 1
553 1
555 1
630 1
570 1
537 1
613 1
580 1
513 1
570 1
563 1
487 1
547 1
598 1
528 1
558 1
625 1
560 1
564 1
644 1
588 1
550 1
615 1
579 1
515 1
577 1
579 1
505 1
561 1
607 1
528 1
554 1
620 1
553 1
560 1
644 1
588 1
541 1
605 1
576 1
515 1
583 1
595 1
523 1
577 1
625 1
552 1
577 1
635 1
557 1
550 1
623 1
566 1
517 1
576 1
541 1
482 1
558 1
578 1
505 1
554 1
604 1
535 1
570 1
641 1
574 1
565 1
641 1
590 1
550 1
613 1
574 1
501 1
560 1
582 1
531 1
606 1
673 1
612 1
640 1
713 1
658 1
672 1
763 1
710 1
647 1
686 1
636 1
546 1
579 1
546 1
418 1
420 1
432 1
355 1
400 1
494 1
491 1
566 1
704 1
681 1
622 1
634 1
529 1
379 1
386 1
361 1
263 1
326 1
427 1
406 1
498 1
634 1
631 1
684 1
835 1
860 1
877 1
930 1
880 1
757 1
711 1
618 1
470 1
446 1
449 1
340 1
329 1
364 1
253 1
194 1
231 1
176 1
177 1
344 1
448 1
494 1
644 1
726 1
749 1
885 1
996 1
1002 1
1023 1
1023 1
896 1
834 1
705 1
475 1
332 1
196 1
0 1
0 1
0 1
0 1
0 1
0 1
0 1
94 1
313 1
507 1
718 1
1018 1
1023 1
1023 1
1023 1
1023 1
1023 1
965 1
583 1
296 1
101 1
0 1
0 1
0 1
42 1
169 1
343 1
638 1
814 1
804 1
799 1
742 1
525 1
444 1
451 1
366 1
309 1
378 1
327 1
257 1
309 1
320 1
301 1
398 1
537 1
559 1
709 1
854 1
843 1
886 1
966 1
913 1
894 1
950 1
881 1
798 1
821 1
793 1
680 1
726 1
743 1
643 1
656 1
685 1
551 1
506 1
517 1
417 1
357 1
444 1
387 1
326 1
388 1
389 1
339 1
419 1
463 1
413 1
471 1
573 1
524 1
551 1
643 1
587 1
561 1
633 1
578 1
487 1
529 1
512 1
444 1
513 1
565 1
493 1
521 1
581 1
505 1
498 1
566 1
519 1
508 1
607 1
581 1
508 1
542 1
518 1
439 1
506 1
565 1
508 1
552 1
632 1
570 1
583 1
672 1
625 1
596 1
678 1
676 1
656 1
751 1
786 1
727 1
774 1
791 1
688 1
683 1
701 1
611 1
572 1
637 1
562 1
509 1
562 1
500 1
415 1
472 1
469 1
398 1
474 1
534 1
457 1
479 1
546 1
497 1
532 1
660 1
629 1
602 1
662 1
613 1
532 1
576 1
565 1
482 1
537 1
592 1
532 1
572 1
650 1
582 1
581 1
650 1
583 1
529 1
584 1
549 1
489 1
559 1
577 1
513 1
559 1
597 1
519 1
537 1
592 1
520 1
513 1
592 1
547 1
517 1
590 1
548 1
482 1
496 1
486 1
391 1
443 1
498 1
447 1
494 1
593 1
545 1
551 1
635 1
594 1
568 1
638 1
614 1
555 1
616 1
643 1
600 1
670 1
751 1
689 1
720 1
768 1
678 1
638 1
668 1
584 1
521 1
568 1
513 1
426 1
449 1
449 1
371 1
464 1
555 1
524 1
582 1
669 1
613 1
595 1
644 1
569 1
509 1
560 1
518 1
456 1
490 1
510 1
448 1
511 1
583 1
545 1
591 1
671 1
609 1
580 1
623 1
553 1
506 1
563 1
543 1
486 1
545 1
563 1
492 1
524 1
561 1
484 1
496 1
569 1
529 1
548 1
642 1
612 1
571 1
626 1
591 1
511 1
553 1
562 1
493 1
541 1
595 1
532 1
562 1
636 1
583 1
572 1
634 1
578 1
532 1
598 1
572 1
493 1
524 1
516 1
423 1
457 1
502 1
430 1
451 1
523 1
480 1
489 1
585 1
564 1
541 1
616 1
601 1
540 1
584 1
593 1
507 1
536 1
576 1
501 1
514 1
582 1
532 1
535 1
623 1
575 1
524 1
597 1
592 1
539 1
588 1
585 1
495 1
509 1
534 1
446 1
444 1
500 1
440 1
444 1
545 1
539 1
535 1
609 1
630 1
582 1
639 1
623 1
602 1
640 1
683 1
600 1
590 1
628 1
538 1
493 1
540 1
480 1
437 1
466 1
419 1
276 1
292 1
303 1
225 1
285 1
382 1
366 1
442 1
578 1
582 1
624 1
744 1
712 1
753 1
771 1
806 1
715 1
729 1
698 1
562 1
538 1
521 1
393 1
363 1
401 1
323 1
297 1
360 1
356 1
332 1
442 1
478 1
461 1
571 1
669 1
657 1
731 1
819 1
795 1
817 1
863 1
823 1
761 1
752 1
643 1
523 1
536 1
466 1
296 1
304 1
321 1
223 1
273 1
384 1
371 1
446 1
591 1
583 1
595 1
693 1
679 1
637 1
696 1
681 1
587 1
615 1
629 1
530 1
554 1
608 1
520 1
524 1
604 1
535 1
496 1
565 1
521 1
469 1
564 1
571 1
480 1
509 1
516 1
404 1
432 1
498 1
416 1
426 1
522 1
499 1
499 1
606 1
611 1
577 1
662 1
671 1
603 1
648 1
662 1
574 1
604 1
661 1
583 1
570 1
641 1
575 1
541 1
621 1
580 1
502 1
560 1
556 1
474 1
536 1
590 1
523 1
576 1
656 1
592 1
586 1
655 1
585 1
541 1
614 1
572 1
495 1
557 1
559 1
476 1
533 1
582 1
501 1
541 1
622 1
544 1
529 1
589 1
514 1
467 1
550 1
520 1
452 1
522 1
535 1
467 1
538 1
595 1
518 1
555 1
637 1
582 1
587 1
672 1
626 1
584 1
641 1
582 1
469 1
516 1
532 1
477 1
571 1
649 1
590 1
623 1
688 1
630 1
628 1
690 1
627 1
564 1
622 1
577 1
492 1
545 1
543 1
455 1
516 1
582 1
506 1
533 1
605 1
529 1
524 1
610 1
557 1
510 1
590 1
566 1
497 1
565 1
576 1
488 1
532 1
573 1
480 1
494 1
571 1
506 1
515 1
617 1
568 1
511 1
570 1
530 1
452 1
528 1
555 1
479 1
540 1
608 1
545 1
587 1
672 1
622 1
613 1
682 1
623 1
548 1
601 1
562 1
490 1
567 1
592 1
511 1
562 1
625 1
552 1
583 1
657 1
581 1
552 1
625 1
570 1
510 1
585 1
572 1
522 1
627 1
676 1
639 1
677 1
719 1
640 1
647 1
695 1
620 1
586 1
658 1
594 1
527 1
584 1
554 1
471 1
534 1
554 1
458 1
482 1
519 1
422 1
430 1
506 1
432 1
412 1
502 1
469 1
436 1
534 1
536 1
472 1
546 1
575 1
490 1
530 1
583 1
492 1
500 1
571 1
487 1
450 1
519 1
465 1
410 1
498 1
496 1
430 1
501 1
542 1
475 1
541 1
621 1
573 1
609 1
699 1
657 1
645 1
721 1
687 1
655 1
729 1
726 1
648 1
683 1
687 1
597 1
626 1
667 1
584 1
579 1
639 1
555 1
517 1
582 1
529 1
471 1
551 1
543 1
463 1
514 1
535 1
445 1
483 1
545 1
454 1
454 1
528 1
462 1
444 1
540 1
518 1
481 1
577 1
576 1
481 1
513 1
528 1
454 1
530 1
632 1
581 1
600 1
675 1
616 1
586 1
657 1
615 1
552 1
617 1
609 1
519 1
566 1
578 1
461 1
471 1
538 1
493 1
552 1
675 1
653 1
637 1
701 1
653 1
579 1
631 1
608 1
511 1
554 1
572 1
474 1
506 1
580 1
511 1
528 1
623 1
574 1
551 1
638 1
602 1
520 1
578 1
568 1
489 1
550 1
578 1
466 1
475 1
544 1
509 1
574 1
696 1
663 1
630 1
681 1
619 1
518 1
551 1
524 1
431 1
491 1
539 1
454 1
482 1
542 1
447 1
425 1
498 1
454 1
468 1
621 1
655 1
650 1
738 1
740 1
651 1
670 1
665 1
545 1
538 1
579 1
486 1
468 1
543 1
491 1
467 1
581 1
590 1
556 1
650 1
669 1
608 1
680 1
902 1
1023 1
1023 1
1023 1
1023 1
1023 1
1023 1
1008 1
356 1
0 1
0 1
0 1
0 1
0 1
0 1
0 1
0 1
0 1
0 1
0 1
0 1
0 1
0 1
0 1
0 1
0 1
0 1
0 1
0 1
265 1
928 1
1023 1
1023 1
1023 1
1023 1
1023 1
1023 1
1023 1
1023 1
721 1
154 1
0 1
0 1
0 1
0 1
0 1
0 1
0 1
0 1
0 1
0 1
0 1
0 1
0 1
0 1
0 1
0 1
0 1
0 1
0 1
0 1
0 1
0 1
0 1
0 1
0 1
0 1
0 1
0 1
0 1
553 1
1023 1
1023 1
1023 1
1023 1
1023 1
233 1
0 1
0 1
0 1
0 1
0 1
0 1
0 1
0 1
0 1
0 1
0 1
98 1
469 1
942 1
1023 1
1023 1
1023 1
1023 1
1023 1
1023 1
1023 1
1023 1
1023 1
1023 1
1023 1
919 1
785 1
757 1
632 1
544 1
595 1
608 1
624 1
796 1
906 1
888 1
936 1
941 1
787 1
715 1
699 1
549 1
505 1
595 1
587 1
600 1
732 1
709 1
563 1
530 1
470 1
372 1
429 1
543 1
518 1
603 1
748 1
732 1
719 1
758 1
643 1
507 1
501 1
416 1
307 1
337 1
404 1
367 1
447 1
523 1
469 1
472 1
546 1
513 1
543 1
607 1
685 1
671 1
751 1
762 1
694 1
718 1
681 1
530 1
480 1
460 1
319 1
281 1
316 1
240 1
237 1
364 1
408 1
467 1
633 1
730 1
710 1
797 1
832 1
754 1
733 1
699 1
502 1
368 1
305 1
187 1
190 1
351 1
423 1
477 1
621 1
652 1
625 1
701 1
738 1
669 1
700 1
745 1
662 1
659 1
715 1
640 1
598 1
646 1
584 1
528 1
568 1
545 1
413 1
384 1
327 1
191 1
210 1
221 1
167 1
241 1
455 1
621 1
796 1
1023 1
1023 1
1023 1
1023 1
1023 1
997 1
779 1
433 1
224 1
113 1
0 1
0 1
42 1
182 1
214 1
255 1
412 1
485 1
519 1
688 1
743 1
684 1
729 1
747 1
659 1
674 1
721 1
652 1
695 1
837 1
836 1
804 1
797 1
631 1
389 1
326 1
293 1
253 1
381 1
576 1
606 1
673 1
710 1
591 1
495 1
505 1
396 1
347 1
437 1
411 1
318 1
329 1
274 1
181 1
255 1
356 1
371 1
485 1
648 1
638 1
659 1
734 1
669 1
603 1
615 1
525 1
401 1
453 1
480 1
469 1
635 1
803 1
859 1
998 1
1023 1
1023 1
990 1
952 1
838 1
878 1
1006 1
1023 1
1023 1
1023 1
1023 1
1023 1
1023 1
1023 1
1023 1
988 1
822 1
723 1
558 1
492 1
385 1
0 1
0 1
0 1
0 1
0 1
0 1
0 1
0 1
0 1
0 1
0 1
0 1
0 1
0 1
0 1
0 1
0 1
0 1
0 1
25 1
54 1
0 1
0 1
40 1
168 1
276 1
492 1
852 1
1023 1
1023 1
1023 1
1023 1
899 1
783 1
535 1
382 1
352 1
261 1
258 1
416 1
480 1
502 1
656 1
753 1
784 1
928 1
1023 1
1023 1
1023 1
1023 1
905 1
885 1
787 1
692 1
748 1
755 1
664 1
680 1
660 1
496 1
394 1
338 1
195 1
186 1
352 1
469 1
640 1
902 1
1023 1
1023 1
1023 1
882 1
776 1
770 1
676 1
652 1
757 1
743 1
707 1
743 1
693 1
527 1
444 1
339 1
154 1
133 1
229 1
219 1
257 1
363 1
352 1
376 1
545 1
640 1
678 1
820 1
930 1
890 1
918 1
886 1
688 1
563 1
477 1
278 1
162 1
163 1
73 1
13 1
68 1
151 1
142 1
211 1
385 1
446 1
497 1
626 1
606 1
486 1
498 1
537 1
581 1
806 1
1023 1
1023 1
1023 1
1023 1
1023 1
1023 1
906 1
759 1
721 1
537 1
321 1
206 1
44 1
0 1
0 1
0 1
54 1
86 1
153 1
395 1
624 1
729 1
934 1
1023 1
1023 1
1023 1
1023 1
1023 1
1023 1
752 1
479 1
337 1
170 1
80 1
129 1
125 1
0 1
0 1
0 1
0 1
0 1
0 1
0 1
0 1
0 1
3 1
68 1
212 1
503 1
678 1
720 1
838 1
881 1
776 1
724 1
649 1
393 1
295 1
274 1
210 1
234 1
415 1
510 1
552 1
667 1
660 1
525 1
531 1
763 1
1023 1
1023 1
1023 1
1023 1
1023 1
1023 1
318 1
0 1
0 1
0 1
0 1
0 1
0 1
0 1
0 1
0 1
0 1
0 1
0 1
0 1
0 1
0 1
0 1
0 1
164 1
1022 1
1023 1
1023 1
1023 1
1023 1
1023 1
1023 1
1023 1
1023 1
1023 1
1023 1
1023 1
1023 1
1023 1
1023 1
544 1
28 1
0 1
0 1
0 1
0 1
0 1
0 1
0 1
0 1
0 1
0 1
0 1
0 1
0 1
0 1
0 1
0 1
0 1
0 1
0 1
0 1
0 1
0 1
0 1
0 1
0 1
0 1
0 1
66 1
143 1
93 1
56 1
126 1
217 1
248 1
351 1
643 1
727 1
879 1
1013 1
1023 1
975 1
955 1
803 1
745 1
745 1
626 1
556 1
619 1
567 1
466 1
483 1
463 1
362 1
421 1
451 1
334 1
265 1
216 1
75 1
36 1
113 1
200 1
286 1
530 1
816 1
922 1
1023 1
1023 1
852 1
787 1
686 1
521 1
558 1
737 1
839 1
1023 1
1023 1
1023 1
1023 1
1023 1
907 1
887 1
831 1
659 1
632 1
566 1
350 1
239 1
170 1
0 1
0 1
0 1
0 1
0 1
0 1
0 1
0 1
0 1
36 1
24 1
16 1
100 1
179 1
166 1
248 1
424 1
476 1
579 1
759 1
788 1
814 1
952 1
1018 1
1023 1
1023 1
1023 1
1023 1
1023 1
1023 1
1023 1
1023 1
869 1
759 1
502 1
289 1
204 1
97 1
0 1
0 1
0 1
31 1
75 1
147 1
368 1
633 1
728 1
833 1
907 1
788 1
675 1
627 1
443 1
319 1
311 1
239 1
134 1
163 1
151 1
69 1
111 1
203 1
220 1
308 1
505 1
551 1
576 1
677 1
653 1
541 1
537 1
463 1
274 1
258 1
334 1
326 1
465 1
701 1
774 1
868 1
994 1
958 1
881 1
862 1
734 1
485 1
388 1
282 1
189 1
226 1
356 1
363 1
466 1
618 1
605 1
619 1
710 1
677 1
637 1
710 1
692 1
622 1
667 1
666 1
573 1
613 1
692 1
670 1
756 1
877 1
853 1
856 1
918 1
824 1
721 1
694 1
611 1
512 1
567 1
586 1
487 1
492 1
475 1
293 1
206 1
197 1
124 1
117 1
345 1
420 1
481 1
620 1
626 1
523 1
532 1
543 1
531 1
698 1
897 1
974 1
1023 1
1023 1
1023 1
979 1
823 1
498 1
261 1
82 1
0 1
0 1
0 1
0 1
0 1
0 1
0 1
0 1
36 1
118 1
110 1
210 1
377 1
400 1
442 1
550 1
476 1
409 1
517 1
582 1
655 1
883 1
1023 1
1023 1
1023 1
1023 1
1023 1
1023 1
802 1
612 1
497 1
283 1
254 1
325 1
336 1
333 1
466 1
510 1
420 1
442 1
445 1
396 1
475 1
587 1
558 1
609 1
713 1
657 1
628 1
704 1
673 1
646 1
745 1
773 1
723 1
756 1
716 1
528 1
442 1
396 1
260 1
264 1
381 1
392 1
455 1
615 1
619 1
560 1
608 1
573 1
488 1
568 1
650 1
629 1
728 1
812 1
743 1
689 1
688 1
563 1
497 1
572 1
550 1
523 1
635 1
664 1
593 1
639 1
645 1
535 1
556 1
614 1
537 1
541 1
622 1
561 1
538 1
636 1
622 1
574 1
659 1
670 1
607 1
678 1
714 1
609 1
595 1
596 1
465 1
439 1
518 1
494 1
537 1
707 1
760 1
741 1
790 1
722 1
526 1
444 1
356 1
190 1
191 1
288 1
299 1
418 1
615 1
647 1
660 1
746 1
708 1
649 1
732 1
772 1
746 1
840 1
915 1
855 1
883 1
916 1
785 1
720 1
722 1
594 1
499 1
577 1
518 1
379 1
393 1
280 1
125 1
156 1
264 1
321 1
559 1
811 1
844 1
865 1
906 1
804 1
709 1
737 1
645 1
511 1
508 1
420 1
308 1
310 1
340 1
285 1
371 1
508 1
498 1
540 1
644 1
615 1
578 1
649 1
614 1
535 1
601 1
603 1
491 1
517 1
533 1
416 1
426 1
493 1
411 1
395 1
498 1
480 1
491 1
635 1
674 1
660 1
755 1
777 1
703 1
713 1
746 1
682 1
705 1
789 1
723 1
697 1
746 1
668 1
546 1
565 1
479 1
371 1
431 1
446 1
356 1
406 1
452 1
357 1
372 1
457 1
415 1
445 1
587 1
598 1
599 1
706 1
711 1
662 1
733 1
765 1
707 1
758 1
776 1
649 1
589 1
575 1
425 1
337 1
374 1
302 1
276 1
389 1
421 1
392 1
504 1
573 1
536 1
620 1
692 1
620 1
626 1
679 1
606 1
603 1
706 1
692 1
687 1
789 1
789 1
712 1
739 1
698 1
559 1
508 1
484 1
326 1
295 1
354 1
291 1
300 1
448 1
464 1
474 1
602 1
623 1
579 1
661 1
704 1
671 1
772 1
891 1
874 1
937 1
1016 1
886 1
804 1
742 1
542 1
429 1
443 1
378 1
351 1
472 1
517 1
505 1
599 1
641 1
526 1
491 1
443 1
260 1
198 1
197 1
107 1
108 1
217 1
244 1
249 1
406 1
470 1
467 1
608 1
710 1
702 1
802 1
911 1
876 1
909 1
968 1
863 1
781 1
787 1
675 1
571 1
618 1
569 1
484 1
535 1
539 1
420 1
427 1
466 1
385 1
413 1
518 1
477 1
482 1
606 1
606 1
598 1
714 1
742 1
701 1
780 1
838 1
794 1
860 1
909 1
782 1
691 1
649 1
508 1
439 1
506 1
460 1
438 1
537 1
510 1
372 1
356 1
329 1
228 1
287 1
387 1
364 1
429 1
595 1
651 1
770 1
982 1
1023 1
1023 1
1023 1
830 1
625 1
476 1
203 1
32 1
35 1
45 1
32 1
121 1
342 1
434 1
473 1
602 1
629 1
562 1
614 1
629 1
533 1
566 1
632 1
568 1
591 1
643 1
491 1
339 1
312 1
240 1
234 1
416 1
541 1
580 1
715 1
814 1
779 1
831 1
890 1
804 1
789 1
849 1
787 1
713 1
761 1
714 1
629 1
685 1
676 1
565 1
594 1
612 1
509 1
532 1
587 1
497 1
488 1
583 1
558 1
561 1
638 1
535 1
352 1
329 1
265 1
208 1
252 1
296 1
216 1
223 1
252 1
201 1
233 1
397 1
453 1
551 1
761 1
858 1
925 1
1023 1
1023 1
1023 1
1023 1
905 1
771 1
718 1
552 1
458 1
507 1
486 1
462 1
583 1
631 1
587 1
674 1
723 1
649 1
679 1
730 1
626 1
593 1
641 1
525 1
420 1
476 1
443 1
399 1
504 1
532 1
419 1
425 1
419 1
314 1
323 1
407 1
366 1
405 1
548 1
554 1
563 1
674 1
671 1
608 1
667 1
652 1
527 1
541 1
553 1
440 1
456 1
539 1
489 1
527 1
677 1
703 1
739 1
859 1
852 1
778 1
770 1
676 1
473 1
390 1
365 1
271 1
293 1
351 1
313 1
320 1
406 1
369 1
351 1
416 1
406 1
340 1
428 1
452 1
378 1
448 1
516 1
467 1
511 1
597 1
521 1
476 1
526 1
465 1
442 1
586 1
658 1
699 1
875 1
990 1
983 1
1023 1
1023 1
921 1
924 1
869 1
738 1
763 1
758 1
648 1
656 1
706 1
590 1
539 1
590 1
487 1
427 1
481 1
448 1
362 1
446 1
495 1
438 1
507 1
586 1
528 1
557 1
621 1
547 1
495 1
520 1
469 1
409 1
491 1
484 1
435 1
517 1
563 1
509 1
563 1
604 1
480 1
431 1
421 1
261 1
174 1
239 1
225 1
234 1
369 1
432 1
422 1
524 1
562 1
494 1
536 1
577 1
497 1
520 1
610 1
587 1
600 1
693 1
657 1
600 1
651 1
595 1
470 1
491 1
489 1
411 1
501 1
641 1
672 1
816 1
1004 1
1023 1
1023 1
1023 1
927 1
922 1
875 1
740 1
739 1
758 1
655 1
678 1
734 1
664 1
641 1
709 1
631 1
532 1
563 1
497 1
401 1
485 1
541 1
488 1
555 1
628 1
535 1
516 1
542 1
384 1
296 1
287 1
155 1
0 1
0 1
0 1
0 1
0 1
0 1
1 1
4 1
5 1
4 1
2 1
2 1
2 1
4 1
2 1
1 1
0 1
1 1
1 1
2 1
2 1
1 1
4 1
6 1
10 1
10 1
11 1
18 1
25 1
22 1
21 1
31 1
41 1
603 1
642 1
801 1
825 1
893 1
1023 1
1001 1
967 1
1023 1
1023 1
1023 1
1023 1
913 1
827 1
794 1
662 1
612 1
576 1
443 1
361 1
381 1
303 1
231 1
285 1
260 1
187 1
259 1
291 1
207 1
233 1
286 1
233 1
308 1
490 1
596 1
784 1
1018 1
1023 1
1023 1
1023 1
824 1
670 1
526 1
291 1
186 1
186 1
101 1
102 1
252 1
307 1
359 1
583 1
809 1
1023 1
1023 1
1023 1
1023 1
1023 1
1023 1
1023 1
1023 1
419 1
0 1
0 1
0 1
0 1
0 1
0 1
0 1
0 1
0 1
0 1
0 1
0 1
0 1
0 1
0 1
59 1
249 1
625 1
707 1
862 1
953 1
897 1
934 1
981 1
895 1
888 1
954 1
873 1
820 1
865 1
772 1
638 1
645 1
591 1
487 1
572 1
656 1
651 1
851 1
1023 1
1023 1
1023 1
801 1
348 1
104 1
0 1
0 1
0 1
89 1
445 1
901 1
1023 1
1023 1
1023 1
1023 1
1023 1
957 1
727 1
484 1
176 1
0 1
