538 0
602 0
675 0
580 0
60 0
656 0
628 0
547 0
630 0
645 0
537 0
585 0
642 0
548 0
590 0
697 0
617 0
601 0
692 0
618 0
554 0
642 0
610 0
522 0
605 0
631 0
538 0
602 0
675 0
580 0
60 0
656 0
628 0
547 0
630 0
645 0
537 0
585 0
642 0
548 0
590 0
697 0
617 0
601 0
692 0
618 0
554 0
642 0
610 0
522 0
605 0
631 0
538 0
602 0
675 0
580 0
60 0
656 0
628 0
547 0
630 0
645 0
537 0
585 0
642 0
548 0
590 0
697 0
617 0
601 0
692 0
618 0
554 0
642 0
610 0
522 0
605 0
631 0
538 0
602 0
675 0
580 0
742 0
744 0
748 0
749 0
751 0
750 0
749 0
747 0
744 0
740 0
736 0
732 0
727 0
691 0
646 0
743 0
704 0
602 0
658 0
649 0
527 0
565 0
610 0
496 0
513 0
602 0
514 0
499 0
603 0
553 0
520 0
647 0
647 0
574 0
656 0
673 0
571 0
628 0
692 0
585 0
594 0
669 0
568 0
541 0
641 0
587 0
539 0
647 0
637 0
557 0
643 0
670 0
571 0
625 0
692 0
594 0
615 0
710 0
627 0
607 0
712 0
644 0
571 0
654 0
626 0
532 0
611 0
641 0
537 0
583 0
650 0
548 0
564 0
655 0
568 0
548 0
658 0
607 0
543 0
634 0
617 0
529 0
611 0
649 0
542 0
579 0
643 0
545 0
560 0
661 0
585 0
562 0
666 0
617 0
549 0
642 0
625 0
533 0
616 0
651 0
550 0
593 0
663 0
567 0
585 0
689 0
618 0
579 0
671 0
616 0
537 0
627 0
614 0
518 0
586 0
620 0
517 0
566 0
640 0
546 0
560 0
652 0
564 0
510 0
593 0
533 0
459 0
559 0
573 0
487 0
574 0
635 0
548 0
610 0
709 0
645 0
676 0
796 0
742 0
712 0
800 0
745 0
659 0
728 0
702 0
572 0
608 0
615 0
489 0
514 0
587 0
479 0
468 0
563 0
510 0
498 0
639 0
648 0
609 0
729 0
743 0
642 0
677 0
690 0
559 0
573 0
636 0
536 0
534 0
641 0
598 0
595 0
739 0
717 0
624 0
677 0
647 0
513 0
558 0
605 0
531 0
612 0
741 0
681 0
673 0
755 0
662 0
588 0
652 0
578 0
451 0
493 0
482 0
394 0
493 0
586 0
517 0
571 0
677 0
604 0
614 0
726 0
662 0
594 0
670 0
625 0
528 0
610 0
631 0
550 0
631 0
704 0
600 0
608 0
663 0
536 0
488 0
567 0
511 0
494 0
647 0
670 0
620 0
721 0
735 0
610 0
634 0
662 0
549 0
575 0
676 0
612 0
614 0
718 0
631 0
514 0
545 0
481 0
397 0
510 0
564 0
484 0
548 0
602 0
495 0
508 0
596 0
518 0
507 0
614 0
544 0
440 0
498 0
471 0
414 0
563 0
655 0
600 0
671 0
726 0
607 0
596 0
660 0
568 0
548 0
681 0
712 0
764 0
963 0
1022 0
957 0
1015 0
890 0
727 0
724 0
643 0
532 0
616 0
667 0
595 0
672 0
747 0
627 0
584 0
616 0
493 0
449 0
549 0
493 0
400 0
460 0
420 0
324 0
415 0
464 0
375 0
433 0
517 0
452 0
502 0
640 0
595 0
574 0
680 0
638 0
574 0
682 0
686 0
591 0
654 0
663 0
524 0
522 0
556 0
441 0
437 0
534 0
470 0
440 0
578 0
648 0
747 0
1011 0
1023 0
1023 0
1023 0
1023 0
1023 0
996 0
813 0
764 0
732 0
528 0
407 0
395 0
278 0
250 0
395 0
397 0
340 0
433 0
424 0
319 0
381 0
418 0
315 0
357 0
453 0
398 0
446 0
587 0
534 0
471 0
537 0
448 0
308 0
351 0
334 0
252 0
365 0
472 0
429 0
513 0
637 0
591 0
612 0
739 0
713 0
707 0
847 0
845 0
759 0
824 0
866 0
898 0
1023 0
1023 0
1023 0
1023 0
1023 0
950 0
874 0
672 0
519 0
554 0
507 0
448 0
571 0
584 0
437 0
422 0
387 0
229 0
220 0
277 0
170 0
137 0
220 0
158 0
116 0
250 0
273 0
235 0
375 0
443 0
387 0
489 0
587 0
534 0
603 0
727 0
679 0
673 0
780 0
728 0
657 0
750 0
731 0
650 0
753 0
785 0
680 0
727 0
826 0
852 0
1022 0
1023 0
1023 0
1023 0
1023 0
864 0
847 0
725 0
545 0
551 0
508 0
363 0
376 0
407 0
302 0
321 0
422 0
368 0
372 0
514 0
511 0
491 0
628 0
621 0
500 0
538 0
509 0
352 0
355 0
389 0
295 0
335 0
472 0
456 0
480 0
643 0
666 0
659 0
804 0
827 0
756 0
846 0
873 0
772 0
817 0
874 0
777 0
783 0
857 0
739 0
634 0
658 0
555 0
450 0
537 0
525 0
412 0
457 0
498 0
496 0
708 0
947 0
982 0
1023 0
1023 0
837 0
760 0
725 0
580 0
575 0
673 0
614 0
581 0
671 0
593 0
467 0
508 0
456 0
338 0
405 0
439 0
345 0
402 0
494 0
433 0
467 0
596 0
570 0
569 0
704 0
691 0
623 0
716 0
693 0
563 0
597 0
588 0
441 0
435 0
466 0
357 0
353 0
458 0
411 0
391 0
526 0
521 0
463 0
574 0
581 0
471 0
523 0
545 0
434 0
473 0
566 0
509 0
531 0
678 0
741 0
886 0
1023 0
1023 0
1023 0
1023 0
1023 0
946 0
811 0
557 0
464 0
444 0
304 0
268 0
357 0
312 0
301 0
456 0
489 0
468 0
614 0
683 0
659 0
791 0
865 0
751 0
723 0
723 0
583 0
550 0
644 0
587 0
548 0
662 0
639 0
556 0
642 0
652 0
566 0
655 0
713 0
604 0
601 0
646 0
541 0
522 0
624 0
568 0
515 0
611 0
580 0
495 0
589 0
595 0
479 0
517 0
530 0
392 0
383 0
454 0
399 0
447 0
621 0
631 0
617 0
742 0
735 0
659 0
757 0
822 0
837 0
1020 0
1023 0
1023 0
1023 0
1023 0
911 0
917 0
759 0
599 0
586 0
470 0
330 0
377 0
368 0
255 0
308 0
358 0
264 0
300 0
397 0
324 0
319 0
436 0
405 0
383 0
515 0
520 0
453 0
551 0
566 0
453 0
493 0
533 0
426 0
455 0
557 0
489 0
481 0
594 0
561 0
533 0
666 0
665 0
571 0
631 0
626 0
504 0
547 0
610 0
537 0
599 0
727 0
671 0
654 0
742 0
671 0
591 0
676 0
649 0
552 0
630 0
658 0
563 0
631 0
711 0
635 0
672 0
772 0
687 0
642 0
716 0
651 0
594 0
700 0
689 0
591 0
653 0
665 0
561 0
617 0
682 0
565 0
547 0
604 0
494 0
450 0
546 0
502 0
452 0
572 0
587 0
516 0
602 0
630 0
520 0
556 0
612 0
503 0
511 0
599 0
524 0
503 0
612 0
558 0
468 0
542 0
521 0
437 0
539 0
607 0
540 0
619 0
716 0
643 0
660 0
750 0
646 0
555 0
595 0
500 0
403 0
491 0
486 0
391 0
464 0
511 0
439 0
528 0
630 0
526 0
484 0
544 0
487 0
523 0
728 0
789 0
789 0
921 0
942 0
855 0
918 0
932 0
793 0
778 0
775 0
590 0
490 0
482 0
325 0
211 0
261 0
217 0
182 0
348 0
429 0
401 0
527 0
637 0
622 0
756 0
942 0
994 0
1023 0
1023 0
1023 0
1023 0
1023 0
987 0
951 0
813 0
586 0
529 0
470 0
313 0
321 0
391 0
308 0
322 0
442 0
398 0
373 0
496 0
491 0
442 0
565 0
605 0
539 0
633 0
692 0
591 0
609 0
662 0
536 0
496 0
568 0
489 0
444 0
559 0
551 0
501 0
626 0
661 0
576 0
648 0
708 0
621 0
673 0
767 0
677 0
652 0
726 0
638 0
569 0
654 0
612 0
522 0
600 0
605 0
501 0
560 0
613 0
520 0
562 0
653 0
552 0
512 0
582 0
495 0
436 0
544 0
533 0
467 0
571 0
603 0
519 0
595 0
662 0
573 0
604 0
690 0
588 0
548 0
619 0
531 0
455 0
546 0
525 0
456 0
570 0
620 0
554 0
645 0
731 0
649 0
680 0
769 0
692 0
680 0
784 0
728 0
660 0
746 0
711 0
606 0
668 0
669 0
550 0
593 0
635 0
514 0
517 0
593 0
509 0
501 0
626 0
599 0
573 0
698 0
684 0
568 0
605 0
591 0
476 0
541 0
629 0
549 0
574 0
665 0
580 0
558 0
665 0
621 0
568 0
675 0
661 0
565 0
636 0
645 0
522 0
554 0
605 0
493 0
504 0
596 0
517 0
491 0
599 0
559 0
510 0
632 0
656 0
610 0
730 0
776 0
663 0
679 0
701 0
570 0
564 0
648 0
568 0
542 0
652 0
611 0
547 0
648 0
645 0
556 0
638 0
666 0
535 0
543 0
571 0
440 0
425 0
508 0
439 0
431 0
569 0
567 0
538 0
668 0
688 0
614 0
704 0
739 0
616 0
629 0
670 0
550 0
545 0
642 0
577 0
555 0
672 0
643 0
577 0
673 0
674 0
586 0
665 0
706 0
598 0
626 0
694 0
604 0
623 0
736 0
662 0
604 0
683 0
617 0
529 0
620 0
626 0
537 0
618 0
673 0
579 0
622 0
700 0
605 0
593 0
679 0
592 0
532 0
617 0
571 0
497 0
602 0
614 0
516 0
581 0
618 0
511 0
547 0
624 0
519 0
494 0
578 0
514 0
491 0
631 0
636 0
583 0
694 0
709 0
608 0
665 0
698 0
574 0
585 0
648 0
550 0
550 0
661 0
613 0
580 0
696 0
669 0
582 0
660 0
655 0
535 0
581 0
623 0
522 0
568 0
662 0
571 0
537 0
613 0
539 0
494 0
616 0
617 0
566 0
687 0
712 0
606 0
649 0
668 0
523 0
506 0
558 0
454 0
443 0
562 0
528 0
502 0
639 0
652 0
599 0
713 0
739 0
631 0
668 0
698 0
581 0
603 0
690 0
610 0
597 0
693 0
623 0
546 0
635 0
622 0
560 0
682 0
737 0
661 0
738 0
828 0
790 0
883 0
1006 0
882 0
815 0
794 0
627 0
553 0
628 0
565 0
514 0
622 0
598 0
486 0
537 0
521 0
395 0
433 0
482 0
371 0
378 0
447 0
327 0
255 0
325 0
298 0
324 0
542 0
627 0
572 0
640 0
630 0
496 0
531 0
588 0
483 0
490 0
590 0
556 0
601 0
789 0
833 0
849 0
1000 0
1000 0
941 0
998 0
861 0
680 0
650 0
513 0
310 0
294 0
256 0
127 0
175 0
271 0
231 0
312 0
489 0
505 0
556 0
735 0
758 0
732 0
850 0
859 0
778 0
856 0
883 0
761 0
767 0
845 0
864 0
1023 0
1023 0
1023 0
1023 0
1023 0
903 0
751 0
516 0
253 0
204 0
180 0
88 0
148 0
310 0
323 0
374 0
545 0
549 0
495 0
587 0
554 0
408 0
417 0
394 0
245 0
259 0
331 0
258 0
302 0
449 0
433 0
437 0
590 0
638 0
680 0
881 0
954 0
866 0
881 0
845 0
672 0
655 0
693 0
584 0
583 0
687 0
619 0
573 0
673 0
632 0
557 0
659 0
667 0
562 0
620 0
654 0
552 0
620 0
758 0
721 0
737 0
799 0
632 0
429 0
361 0
213 0
102 0
229 0
319 0
323 0
497 0
670 0
698 0
837 0
995 0
956 0
960 0
1023 0
878 0
795 0
818 0
697 0
611 0
682 0
589 0
411 0
384 0
328 0
247 0
392 0
543 0
514 0
571 0
703 0
758 0
962 0
1023 0
1023 0
1023 0
1023 0
1023 0
1010 0
761 0
471 0
358 0
226 0
56 0
66 0
134 0
69 0
19 0
99 0
186 0
132 0
172 0
335 0
353 0
399 0
594 0
651 0
625 0
730 0
746 0
645 0
699 0
733 0
580 0
540 0
563 0
424 0
376 0
463 0
420 0
415 0
581 0
612 0
550 0
634 0
637 0
519 0
566 0
628 0
541 0
588 0
684 0
560 0
465 0
493 0
427 0
439 0
642 0
697 0
628 0
700 0
707 0
603 0
668 0
733 0
612 0
594 0
643 0
531 0
507 0
620 0
574 0
507 0
587 0
559 0
473 0
572 0
627 0
552 0
620 0
671 0
523 0
470 0
498 0
379 0
351 0
475 0
452 0
409 0
528 0
545 0
490 0
613 0
682 0
612 0
687 0
770 0
673 0
670 0
748 0
655 0
616 0
708 0
641 0
555 0
657 0
677 0
624 0
731 0
757 0
629 0
654 0
722 0
625 0
613 0
672 0
559 0
504 0
617 0
600 0
548 0
651 0
642 0
543 0
626 0
680 0
603 0
674 0
768 0
689 0
698 0
780 0
667 0
584 0
666 0
627 0
558 0
641 0
600 0
443 0
462 0
471 0
374 0
453 0
583 0
532 0
538 0
612 0
508 0
433 0
511 0
435 0
295 0
322 0
277 0
177 0
293 0
429 0
443 0
582 0
772 0
841 0
1023 0
1023 0
1023 0
1023 0
1023 0
1023 0
1023 0
1023 0
1020 0
826 0
515 0
332 0
286 0
134 0
49 0
129 0
188 0
189 0
371 0
523 0
502 0
577 0
656 0
538 0
486 0
532 0
415 0
316 0
369 0
285 0
155 0
211 0
225 0
181 0
343 0
504 0
496 0
583 0
691 0
620 0
622 0
739 0
693 0
643 0
744 0
724 0
664 0
788 0
836 0
761 0
827 0
867 0
769 0
827 0
946 0
874 0
816 0
822 0
650 0
500 0
545 0
497 0
402 0
481 0
485 0
377 0
436 0
496 0
404 0
442 0
546 0
484 0
481 0
590 0
537 0
484 0
607 0
618 0
563 0
678 0
715 0
622 0
685 0
739 0
629 0
647 0
743 0
669 0
640 0
716 0
617 0
484 0
509 0
466 0
428 0
613 0
755 0
768 0
912 0
1020 0
910 0
916 0
897 0
726 0
681 0
715 0
583 0
518 0
584 0
497 0
401 0
471 0
449 0
384 0
514 0
573 0
469 0
502 0
546 0
434 0
435 0
503 0
405 0
370 0
491 0
494 0
503 0
683 0
741 0
688 0
775 0
779 0
648 0
686 0
757 0
664 0
671 0
753 0
661 0
605 0
663 0
551 0
408 0
447 0
422 0
377 0
558 0
710 0
709 0
813 0
891 0
767 0
700 0
679 0
483 0
347 0
383 0
314 0
253 0
379 0
411 0
355 0
480 0
569 0
521 0
614 0
730 0
682 0
722 0
838 0
776 0
714 0
769 0
696 0
632 0
773 0
827 0
785 0
890 0
923 0
805 0
813 0
838 0
682 0
610 0
630 0
497 0
413 0
487 0
431 0
353 0
460 0
485 0
439 0
588 0
709 0
655 0
686 0
698 0
531 0
473 0
532 0
434 0
358 0
432 0
373 0
283 0
381 0
401 0
332 0
451 0
557 0
525 0
620 0
736 0
664 0
651 0
734 0
673 0
659 0
808 0
808 0
738 0
820 0
798 0
663 0
689 0
690 0
567 0
604 0
696 0
607 0
581 0
653 0
567 0
502 0
602 0
576 0
498 0
600 0
608 0
489 0
530 0
571 0
496 0
584 0
722 0
678 0
694 0
804 0
739 0
660 0
723 0
643 0
506 0
556 0
585 0
580 0
785 0
970 0
965 0
1023 0
1023 0
983 0
1023 0
976 0
761 0
666 0
562 0
346 0
292 0
318 0
186 0
122 0
195 0
184 0
268 0
551 0
678 0
658 0
720 0
664 0
480 0
464 0
477 0
401 0
507 0
692 0
691 0
720 0
834 0
769 0
681 0
719 0
596 0
392 0
367 0
306 0
178 0
258 0
402 0
456 0
653 0
878 0
851 0
794 0
810 0
682 0
572 0
648 0
626 0
555 0
668 0
691 0
550 0
545 0
555 0
449 0
507 0
648 0
593 0
563 0
641 0
565 0
493 0
601 0
595 0
506 0
583 0
596 0
486 0
541 0
629 0
590 0
680 0
837 0
820 0
846 0
974 0
923 0
836 0
894 0
832 0
708 0
762 0
760 0
633 0
656 0
689 0
567 0
561 0
625 0
507 0
434 0
485 0
386 0
288 0
371 0
369 0
319 0
455 0
530 0
467 0
555 0
659 0
602 0
650 0
756 0
667 0
605 0
671 0
597 0
513 0
609 0
603 0
528 0
634 0
688 0
601 0
655 0
711 0
592 0
577 0
640 0
526 0
454 0
532 0
499 0
489 0
668 0
733 0
682 0
780 0
808 0
678 0
680 0
695 0
547 0
509 0
568 0
467 0
421 0
521 0
493 0
458 0
599 0
631 0
554 0
633 0
673 0
596 0
683 0
788 0
691 0
654 0
690 0
564 0
499 0
598 0
573 0
526 0
655 0
671 0
572 0
618 0
633 0
529 0
594 0
699 0
634 0
660 0
769 0
702 0
664 0
760 0
698 0
596 0
658 0
630 0
520 0
597 0
657 0
575 0
632 0
707 0
593 0
561 0
622 0
513 0
446 0
536 0
510 0
466 0
594 0
611 0
496 0
535 0
535 0
391 0
398 0
465 0
381 0
405 0
536 0
497 0
487 0
627 0
628 0
583 0
708 0
746 0
682 0
769 0
800 0
639 0
586 0
579 0
425 0
388 0
480 0
429 0
419 0
573 0
597 0
569 0
702 0
735 0
646 0
713 0
747 0
609 0
590 0
623 0
499 0
478 0
582 0
532 0
500 0
625 0
620 0
566 0
688 0
739 0
694 0
816 0
878 0
735 0
674 0
659 0
512 0
491 0
616 0
596 0
591 0
737 0
742 0
669 0
749 0
740 0
613 0
649 0
677 0
546 0
546 0
618 0
547 0
579 0
728 0
697 0
644 0
725 0
666 0
552 0
618 0
618 0
499 0
549 0
621 0
565 0
657 0
798 0
737 0
711 0
770 0
636 0
484 0
485 0
402 0
318 0
442 0
507 0
436 0
504 0
560 0
452 0
471 0
561 0
476 0
458 0
571 0
538 0
513 0
648 0
641 0
539 0
603 0
624 0
550 0
652 0
757 0
685 0
721 0
812 0
729 0
705 0
800 0
737 0
667 0
754 0
717 0
616 0
688 0
696 0
559 0
570 0
600 0
485 0
512 0
614 0
526 0
478 0
551 0
481 0
426 0
546 0
560 0
503 0
614 0
669 0
582 0
642 0
705 0
593 0
603 0
705 0
642 0
645 0
773 0
721 0
634 0
691 0
619 0
463 0
483 0
477 0
372 0
441 0
544 0
488 0
544 0
682 0
646 0
658 0
786 0
751 0
696 0
796 0
780 0
681 0
747 0
753 0
597 0
577 0
589 0
459 0
471 0
588 0
538 0
533 0
652 0
604 0
519 0
589 0
559 0
460 0
544 0
595 0
513 0
585 0
674 0
581 0
588 0
681 0
599 0
567 0
674 0
635 0
577 0
688 0
689 0
582 0
633 0
644 0
519 0
549 0
613 0
495 0
480 0
557 0
475 0
450 0
576 0
557 0
506 0
622 0
645 0
593 0
718 0
798 0
708 0
740 0
797 0
674 0
652 0
725 0
628 0
568 0
653 0
588 0
489 0
556 0
538 0
436 0
510 0
568 0
491 0
564 0
667 0
586 0
591 0
686 0
598 0
535 0
627 0
590 0
528 0
643 0
664 0
573 0
642 0
676 0
546 0
549 0
606 0
512 0
539 0
670 0
614 0
563 0
648 0
614 0
566 0
704 0
750 0
673 0
743 0
780 0
650 0
653 0
699 0
565 0
530 0
611 0
537 0
501 0
616 0
588 0
510 0
595 0
599 0
494 0
555 0
614 0
524 0
579 0
685 0
608 0
620 0
740 0
682 0
639 0
735 0
680 0
569 0
625 0
599 0
464 0
498 0
549 0
475 0
560 0
702 0
642 0
637 0
723 0
633 0
562 0
650 0
611 0
526 0
610 0
609 0
485 0
527 0
574 0
472 0
515 0
627 0
563 0
581 0
709 0
656 0
595 0
676 0
625 0
520 0
590 0
601 0
503 0
572 0
637 0
538 0
572 0
666 0
578 0
559 0
653 0
582 0
524 0
626 0
601 0
504 0
578 0
594 0
493 0
558 0
630 0
537 0
567 0
665 0
579 0
563 0
668 0
617 0
572 0
686 0
672 0
587 0
671 0
690 0
576 0
619 0
670 0
554 0
566 0
658 0
573 0
556 0
668 0
619 0
564 0
667 0
645 0
546 0
616 0
640 0
552 0
629 0
709 0
598 0
584 0
639 0
528 0
494 0
605 0
571 0
537 0
670 0
679 0
588 0
654 0
672 0
566 0
630 0
707 0
596 0
582 0
644 0
541 0
516 0
629 0
585 0
517 0
608 0
594 0
512 0
613 0
667 0
572 0
625 0
697 0
591 0
600 0
692 0
605 0
572 0
673 0
619 0
541 0
628 0
630 0
572 0
692 0
755 0
646 0
656 0
684 0
547 0
536 0
624 0
541 0
514 0
629 0
580 0
504 0
595 0
592 0
514 0
617 0
679 0
579 0
614 0
681 0
585 0
600 0
711 0
639 0
603 0
699 0
646 0
565 0
652 0
642 0
545 0
623 0
663 0
551 0
582 0
658 0
574 0
601 0
716 0
634 0
574 0
654 0
601 0
531 0
642 0
655 0
560 0
625 0
659 0
545 0
577 0
652 0
555 0
566 0
672 0
592 0
542 0
632 0
579 0
499 0
592 0
599 0
503 0
578 0
639 0
551 0
610 0
714 0
637 0
649 0
754 0
668 0
600 0
673 0
612 0
524 0
618 0
636 0
551 0
629 0
674 0
555 0
570 0
634 0
518 0
499 0
594 0
529 0
500 0
633 0
633 0
584 0
699 0
718 0
613 0
659 0
684 0
550 0
557 0
623 0
519 0
511 0
621 0
570 0
541 0
662 0
642 0
561 0
649 0
669 0
578 0
658 0
724 0
616 0
636 0
707 0
592 0
559 0
641 0
563 0
509 0
613 0
589 0
512 0
609 0
631 0
537 0
607 0
672 0
570 0
603 0
696 0
598 0
571 0
660 0
582 0
522 0
624 0
606 0
533 0
634 0
672 0
592 0
667 0
733 0
615 0
609 0
666 0
546 0
514 0
612 0
548 0
496 0
602 0
576 0
490 0
580 0
613 0
524 0
599 0
675 0
572 0
586 0
674 0
592 0
587 0
707 0
654 0
593 0
682 0
653 0
566 0
653 0
678 0
572 0
624 0
676 0
549 0
543 0
616 0
522 0
511 0
636 0
594 0
539 0
641 0
628 0
544 0
637 0
669 0
560 0
601 0
658 0
545 0
559 0
653 0
573 0
563 0
677 0
624 0
556 0
647 0
624 0
533 0
620 0
659 0
555 0
600 0
666 0
561 0
578 0
675 0
590 0
556 0
652 0
588 0
514 0
608 0
600 0
520 0
613 0
654 0
549 0
592 0
660 0
560 0
584 0
695 0
617 0
583 0
680 0
621 0
549 0
649 0
648 0
559 0
643 0
684 0
580 0
625 0
694 0
584 0
585 0
671 0
582 0
548 0
652 0
606 0
531 0
623 0
611 0
507 0
581 0
632 0
540 0
607 0
703 0
607 0
611 0
703 0
614 0
568 0
660 0
605 0
528 0
619 0
619 0
528 0
597 0
635 0
535 0
594 0
695 0
614 0
633 0
737 0
650 0
600 0
689 0
633 0
559 0
655 0
651 0
538 0
588 0
613 0
496 0
532 0
615 0
510 0
499 0
595 0
528 0
520 0
661 0
652 0
598 0
703 0
701 0
590 0
637 0
651 0
500 0
496 0
559 0
474 0
512 0
661 0
626 0
603 0
713 0
671 0
587 0
668 0
664 0
561 0
627 0
675 0
565 0
597 0
678 0
576 0
569 0
669 0
589 0
537 0
633 0
587 0
497 0
582 0
593 0
499 0
580 0
652 0
562 0
602 0
680 0
553 0
502 0
572 0
504 0
497 0
652 0
660 0
600 0
695 0
709 0
619 0
695 0
753 0
626 0
616 0
662 0
534 0
507 0
599 0
532 0
489 0
606 0
591 0
524 0
625 0
650 0
556 0
624 0
684 0
576 0
604 0
687 0
578 0
541 0
624 0
550 0
510 0
635 0
630 0
554 0
644 0
662 0
555 0
611 0
666 0
552 0
569 0
655 0
565 0
563 0
679 0
627 0
576 0
674 0
638 0
533 0
600 0
611 0
505 0
576 0
664 0
581 0
626 0
738 0
658 0
651 0
757 0
686 0
604 0
671 0
614 0
496 0
556 0
580 0
499 0
591 0
698 0
625 0
670 0
770 0
663 0
608 0
673 0
588 0
525 0
636 0
627 0
546 0
635 0
671 0
575 0
634 0
703 0
597 0
606 0
678 0
540 0
453 0
502 0
432 0
406 0
563 0
603 0
551 0
653 0
683 0
571 0
611 0
662 0
526 0
507 0
580 0
496 0
497 0
645 0
645 0
630 0
764 0
769 0
678 0
742 0
762 0
647 0
684 0
735 0
602 0
579 0
628 0
486 0
396 0
456 0
405 0
392 0
570 0
649 0
619 0
731 0
778 0
663 0
684 0
716 0
559 0
511 0
576 0
501 0
516 0
673 0
666 0
620 0
716 0
690 0
568 0
611 0
617 0
492 0
532 0
619 0
530 0
555 0
672 0
606 0
581 0
684 0
617 0
502 0
552 0
529 0
455 0
576 0
679 0
630 0
710 0
790 0
655 0
598 0
638 0
531 0
507 0
646 0
639 0
592 0
696 0
678 0
538 0
562 0
585 0
488 0
564 0
685 0
611 0
619 0
712 0
630 0
593 0
698 0
646 0
548 0
608 0
576 0
447 0
496 0
545 0
465 0
553 0
699 0
647 0
678 0
786 0
678 0
580 0
621 0
544 0
464 0
580 0
629 0
581 0
690 0
749 0
612 0
586 0
605 0
461 0
441 0
555 0
524 0
545 0
712 0
719 0
657 0
743 0
737 0
624 0
679 0
721 0
598 0
614 0
681 0
558 0
517 0
591 0
511 0
479 0
605 0
591 0
521 0
615 0
623 0
522 0
589 0
635 0
505 0
505 0
578 0
492 0
521 0
671 0
636 0
603 0
715 0
701 0
638 0
742 0
743 0
594 0
587 0
594 0
474 0
522 0
648 0
594 0
615 0
728 0
640 0
541 0
594 0
541 0
472 0
603 0
674 0
611 0
688 0
736 0
583 0
544 0
584 0
473 0
473 0
611 0
582 0
554 0
665 0
629 0
512 0
561 0
565 0
479 0
582 0
706 0
666 0
737 0
848 0
735 0
664 0
719 0
637 0
591 0
714 0
699 0
589 0
636 0
626 0
500 0
544 0
602 0
484 0
492 0
576 0
490 0
487 0
620 0
601 0
587 0
723 0
711 0
592 0
629 0
629 0
525 0
608 0
716 0
635 0
660 0
739 0
610 0
530 0
585 0
513 0
477 0
614 0
630 0
548 0
623 0
649 0
549 0
613 0
685 0
555 0
530 0
595 0
497 0
496 0
646 0
634 0
604 0
715 0
670 0
500 0
483 0
456 0
353 0
447 0
584 0
535 0
586 0
722 0
695 0
739 0
899 0
877 0
806 0
865 0
785 0
615 0
614 0
604 0
499 0
582 0
694 0
604 0
596 0
667 0
571 0
544 0
661 0
616 0
539 0
616 0
591 0
489 0
563 0
601 0
493 0
544 0
620 0
506 0
495 0
575 0
477 0
440 0
557 0
543 0
523 0
672 0
721 0
664 0
767 0
819 0
706 0
719 0
751 0
590 0
531 0
570 0
443 0
380 0
475 0
451 0
428 0
590 0
654 0
607 0
706 0
745 0
596 0
574 0
602 0
471 0
468 0
585 0
540 0
538 0
676 0
649 0
570 0
646 0
641 0
555 0
655 0
730 0
632 0
654 0
692 0
531 0
464 0
522 0
446 0
448 0
626 0
686 0
703 0
862 0
895 0
774 0
785 0
783 0
654 0
690 0
787 0
693 0
682 0
748 0
615 0
497 0
530 0
461 0
400 0
537 0
595 0
528 0
608 0
650 0
503 0
488 0
543 0
446 0
477 0
630 0
603 0
578 0
679 0
625 0
514 0
571 0
570 0
482 0
578 0
678 0
610 0
670 0
765 0
648 0
602 0
668 0
569 0
515 0
628 0
609 0
536 0
631 0
647 0
540 0
592 0
635 0
506 0
509 0
590 0
510 0
538 0
692 0
671 0
651 0
763 0
721 0
610 0
660 0
627 0
474 0
491 0
536 0
447 0
516 0
659 0
603 0
602 0
702 0
615 0
522 0
594 0
568 0
517 0
657 0
740 0
688 0
776 0
840 0
720 0
719 0
770 0
639 0
591 0
669 0
588 0
523 0
613 0
568 0
443 0
487 0
485 0
374 0
442 0
540 0
481 0
557 0
702 0
646 0
638 0
740 0
679 0
628 0
736 0
712 0
609 0
671 0
677 0
560 0
608 0
664 0
525 0
501 0
562 0
454 0
435 0
557 0
537 0
522 0
671 0
701 0
649 0
747 0
765 0
623 0
616 0
638 0
514 0
538 0
660 0
611 0
622 0
747 0
675 0
559 0
596 0
546 0
451 0
557 0
627 0
551 0
622 0
704 0
600 0
606 0
696 0
609 0
585 0
683 0
601 0
484 0
531 0
503 0
438 0
574 0
663 0
578 0
618 0
663 0
511 0
476 0
549 0
470 0
476 0
631 0
630 0
595 0
705 0
688 0
566 0
606 0
621 0
511 0
567 0
666 0
587 0
620 0
753 0
718 0
745 0
894 0
850 0
744 0
775 0
710 0
579 0
640 0
679 0
570 0
600 0
658 0
527 0
499 0
576 0
485 0
456 0
576 0
556 0
517 0
641 0
652 0
552 0
609 0
622 0
478 0
485 0
551 0
462 0
503 0
660 0
628 0
624 0
744 0
693 0
584 0
636 0
604 0
494 0
573 0
649 0
586 0
669 0
769 0
655 0
612 0
663 0
558 0
517 0
636 0
612 0
554 0
662 0
666 0
543 0
578 0
604 0
497 0
558 0
674 0
597 0
603 0
705 0
624 0
574 0
663 0
601 0
496 0
569 0
583 0
517 0
629 0
715 0
625 0
660 0
725 0
579 0
515 0
573 0
491 0
477 0
634 0
650 0
603 0
707 0
713 0
601 0
644 0
670 0
520 0
509 0
567 0
469 0
487 0
631 0
610 0
607 0
739 0
695 0
567 0
596 0
571 0
466 0
561 0
665 0
594 0
650 0
751 0
656 0
634 0
708 0
594 0
488 0
540 0
488 0
419 0
545 0
616 0
566 0
670 0
740 0
603 0
576 0
620 0
506 0
512 0
658 0
635 0
619 0
738 0
700 0
575 0
612 0
604 0
510 0
603 0
709 0
631 0
668 0
749 0
620 0
557 0
619 0
530 0
482 0
615 0
627 0
576 0
687 0
724 0
628 0
685 0
733 0
583 0
544 0
591 0
488 0
495 0
638 0
607 0
567 0
674 0
660 0
586 0
682 0
695 0
552 0
552 0
572 0
451 0
489 0
624 0
576 0
594 0
717 0
640 0
530 0
577 0
535 0
463 0
594 0
679 0
618 0
690 0
749 0
605 0
570 0
619 0
513 0
510 0
653 0
639 0
610 0
727 0
710 0
609 0
667 0
662 0
498 0
486 0
520 0
416 0
470 0
621 0
582 0
586 0
707 0
652 0
576 0
655 0
634 0
550 0
649 0
698 0
600 0
652 0
723 0
614 0
620 0
710 0
605 0
555 0
642 0
577 0
507 0
610 0
608 0
518 0
600 0
640 0
535 0
580 0
658 0
555 0
569 0
670 0
586 0
549 0
649 0
598 0
534 0
642 0
638 0
538 0
605 0
641 0
530 0
581 0
669 0
568 0
574 0
672 0
585 0
547 0
650 0
605 0
541 0
646 0
649 0
556 0
627 0
666 0
558 0
605 0
685 0
573 0
565 0
657 0
571 0
539 0
655 0
616 0
549 0
645 0
645 0
542 0
612 0
655 0
553 0
597 0
684 0
580 0
576 0
672 0
591 0
556 0
666 0
624 0
548 0
644 0
642 0
545 0
619 0
668 0
559 0
595 0
676 0
567 0
559 0
660 0
589 0
556 0
670 0
629 0
543 0
621 0
618 0
522 0
603 0
665 0
563 0
601 0
681 0
574 0
565 0
669 0
602 0
576 0
699 0
669 0
587 0
673 0
678 0
574 0
642 0
690 0
571 0
587 0
658 0
546 0
539 0
639 0
566 0
525 0
633 0
602 0
522 0
613 0
623 0
526 0
601 0
664 0
555 0
581 0
668 0
568 0
563 0
671 0
600 0
544 0
638 0
599 0
517 0
610 0
629 0
534 0
606 0
669 0
561 0
589 0
677 0
582 0
578 0
691 0
617 0
553 0
638 0
594 0
503 0
593 0
619 0
523 0
596 0
664 0
561 0
584 0
674 0
579 0
573 0
684 0
625 0
575 0
678 0
653 0
567 0
659 0
675 0
558 0
604 0
660 0
544 0
568 0
666 0
569 0
552 0
656 0
590 0
531 0
631 0
609 0
527 0
617 0
644 0
539 0
592 0
658 0
555 0
588 0
693 0
601 0
577 0
677 0
605 0
541 0
640 0
617 0
525 0
610 0
639 0
532 0
585 0
653 0
553 0
582 0
689 0
603 0
579 0
679 0
615 0
555 0
661 0
641 0
547 0
627 0
648 0
536 0
589 0
661 0
555 0
576 0
677 0
586 0
556 0
657 0
600 0
541 0
651 0
643 0
552 0
627 0
655 0
549 0
602 0
676 0
566 0
575 0
662 0
565 0
534 0
641 0
590 0
532 0
643 0
640 0
546 0
624 0
661 0
554 0
610 0
690 0
582 0
582 0
670 0
576 0
547 0
653 0
601 0
536 0
630 0
621 0
526 0
608 0
649 0
545 0
597 0
678 0
570 0
572 0
672 0
590 0
568 0
687 0
650 0
591 0
699 0
698 0
603 0
670 0
697 0
577 0
608 0
675 0
557 0
551 0
640 0
552 0
521 0
634 0
586 0
512 0
606 0
608 0
518 0
606 0
659 0
551 0
588 0
667 0
563 0
567 0
671 0
589 0
556 0
661 0
617 0
539 0
632 0
634 0
541 0
623 0
674 0
558 0
589 0
667 0
557 0
560 0
667 0
586 0
546 0
651 0
609 0
533 0
629 0
637 0
548 0
628 0
680 0
567 0
594 0
671 0
567 0
572 0
682 0
604 0
556 0
655 0
607 0
527 0
623 0
628 0
526 0
593 0
644 0
534 0
571 0
666 0
582 0
594 0
711 0
634 0
575 0
663 0
609 0
524 0
617 0
624 0
523 0
593 0
646 0
541 0
584 0
680 0
587 0
587 0
691 0
611 0
553 0
648 0
611 0
531 0
628 0
643 0
540 0
600 0
654 0
549 0
591 0
688 0
594 0
587 0
685 0
604 0
543 0
640 0
603 0
525 0
624 0
646 0
540 0
598 0
655 0
546 0
583 0
683 0
590 0
575 0
675 0
603 0
558 0
667 0
643 0
562 0
648 0
658 0
547 0
600 0
653 0
538 0
565 0
660 0
561 0
543 0
647 0
581 0
534 0
646 0
624 0
533 0
614 0
628 0
524 0
587 0
657 0
556 0
588 0
687 0
590 0
569 0
668 0
601 0
551 0
662 0
642 0
552 0
632 0
651 0
542 0
603 0
675 0
567 0
589 0
680 0
585 0
564 0
669 0
609 0
556 0
658 0
639 0
553 0
640 0
671 0
572 0
636 0
709 0
593 0
601 0
686 0
581 0
553 0
659 0
597 0
538 0
643 0
628 0
535 0
614 0
639 0
534 0
589 0
661 0
550 0
559 0
651 0
561 0
548 0
663 0
607 0
540 0
637 0
615 0
522 0
607 0
644 0
543 0
600 0
677 0
565 0
571 0
664 0
579 0
556 0
669 0
614 0
544 0
638 0
621 0
532 0
624 0
668 0
568 0
621 0
689 0
574 0
578 0
672 0
584 0
562 0
677 0
627 0
551 0
638 0
618 0
516 0
598 0
642 0
539 0
588 0
668 0
565 0
577 0
679 0
596 0
568 0
672 0
617 0
541 0
634 0
624 0
529 0
615 0
663 0
553 0
593 0
670 0
561 0
573 0
678 0
598 0
563 0
668 0
617 0
546 0
643 0
642 0
550 0
627 0
667 0
552 0
585 0
657 0
552 0
562 0
673 0
591 0
550 0
652 0
604 0
533 0
636 0
640 0
539 0
611 0
653 0
541 0
577 0
657 0
553 0
559 0
664 0
585 0
544 0
645 0
601 0
533 0
642 0
650 0
548 0
611 0
652 0
537 0
578 0
670 0
575 0
582 0
690 0
613 0
566 0
664 0
623 0
553 0
658 0
669 0
562 0
618 0
654 0
539 0
575 0
665 0
564 0
564 0
674 0
600 0
561 0
672 0
633 0
553 0
645 0
650 0
542 0
602 0
653 0
547 0
585 0
675 0
572 0
561 0
660 0
582 0
538 0
646 0
610 0
529 0
625 0
637 0
540 0
612 0
672 0
569 0
608 0
703 0
600 0
579 0
670 0
592 0
543 0
653 0
622 0
537 0
622 0
630 0
525 0
595 0
654 0
549 0
585 0
675 0
574 0
559 0
661 0
590 0
545 0
659 0
635 0
546 0
628 0
638 0
529 0
596 0
660 0
550 0
572 0
658 0
557 0
547 0
658 0
601 0
563 0
676 0
653 0
564 0
646 0
659 0
557 0
624 0
693 0
574 0
586 0
668 0
564 0
552 0
664 0
603 0
545 0
646 0
617 0
528 0
612 0
634 0
532 0
596 0
666 0
559 0
578 0
669 0
577 0
565 0
680 0
616 0
552 0
647 0
618 0
526 0
614 0
645 0
543 0
605 0
678 0
572 0
589 0
683 0
590 0
574 0
683 0
619 0
550 0
639 0
612 0
521 0
614 0
648 0
545 0
601 0
672 0
563 0
583 0
683 0
591 0
568 0
673 0
611 0
539 0
632 0
614 0
528 0
620 0
660 0
551 0
598 0
665 0
555 0
575 0
678 0
586 0
558 0
663 0
600 0
532 0
635 0
625 0
540 0
629 0
667 0
554 0
590 0
654 0
544 0
562 0
671 0
589 0
564 0
670 0
617 0
553 0
656 0
644 0
548 0
626 0
654 0
540 0
581 0
656 0
554 0
576 0
689 0
606 0
569 0
668 0
612 0
543 0
648 0
641 0
539 0
606 0
636 0
524 0
577 0
662 0
566 0
582 0
683 0
595 0
555 0
655 0
602 0
536 0
642 0
644 0
544 0
615 0
654 0
545 0
593 0
680 0
583 0
592 0
691 0
601 0
559 0
660 0
613 0
547 0
649 0
647 0
544 0
613 0
648 0
535 0
579 0
664 0
555 0
551 0
647 0
558 0
522 0
634 0
597 0
526 0
627 0
629 0
532 0
606 0
655 0
552 0
600 0
692 0
592 0
590 0
687 0
606 0
568 0
682 0
642 0
563 0
654 0
653 0
545 0
612 0
659 0
545 0
582 0
667 0
566 0
563 0
670 0
598 0
565 0
678 0
639 0
556 0
643 0
645 0
544 0
620 0
673 0
557 0
585 0
664 0
549 0
538 0
643 0
573 0
542 0
662 0
634 0
549 0
630 0
630 0
529 0
603 0
667 0
561 0
595 0
685 0
585 0
581 0
686 0
606 0
551 0
652 0
610 0
523 0
611 0
622 0
523 0
598 0
664 0
555 0
579 0
666 0
569 0
563 0
674 0
604 0
553 0
657 0
626 0
546 0
641 0
659 0
554 0
618 0
671 0
553 0
573 0
663 0
564 0
558 0
673 0
606 0
546 0
645 0
614 0
529 0
625 0
647 0
542 0
599 0
656 0
544 0
573 0
669 0
579 0
574 0
683 0
614 0
551 0
646 0
614 0
529 0
626 0
655 0
549 0
606 0
670 0
558 0
584 0
682 0
590 0
573 0
679 0
610 0
548 0
647 0
622 0
536 0
627 0
655 0
547 0
600 0
662 0
550 0
575 0
679 0
582 0
557 0
658 0
589 0
532 0
643 0
633 0
548 0
637 0
664 0
555 0
603 0
669 0
561 0
586 0
688 0
597 0
568 0
663 0
597 0
538 0
651 0
638 0
547 0
630 0
660 0
547 0
598 0
669 0
558 0
575 0
675 0
583 0
551 0
652 0
592 0
533 0
640 0
629 0
533 0
609 0
640 0
537 0
600 0
683 0
577 0
586 0
683 0
594 0
572 0
681 0
624 0
554 0
651 0
633 0
528 0
596 0
623 0
516 0
574 0
661 0
562 0
576 0
676 0
587 0
559 0
668 0
610 0
539 0
638 0
624 0
527 0
607 0
649 0
547 0
605 0
688 0
578 0
578 0
671 0
583 0
550 0
658 0
604 0
532 0
632 0
631 0
541 0
623 0
665 0
559 0
611 0
691 0
582 0
579 0
672 0
581 0
544 0
654 0
606 0
527 0
620 0
615 0
520 0
605 0
656 0
551 0
593 0
672 0
564 0
568 0
669 0
590 0
562 0
675 0
630 0
550 0
638 0
630 0
533 0
617 0
673 0
563 0
597 0
674 0
563 0
563 0
668 0
592 0
555 0
665 0
622 0
543 0
633 0
633 0
539 0
619 0
673 0
562 0
594 0
669 0
563 0
563 0
673 0
594 0
550 0
653 0
611 0
534 0
634 0
646 0
549 0
624 0
674 0
558 0
581 0
661 0
561 0
569 0
685 0
616 0
568 0
666 0
621 0
538 0
636 0
645 0
539 0
605 0
656 0
537 0
566 0
654 0
556 0
559 0
673 0
605 0
554 0
653 0
614 0
537 0
636 0
654 0
554 0
618 0
670 0
556 0
586 0
675 0
573 0
566 0
675 0
600 0
547 0
650 0
619 0
542 0
644 0
661 0
551 0
601 0
648 0
536 0
566 0
662 0
564 0
554 0
660 0
594 0
551 0
666 1
640 1
556 1
649 1
663 1
552 1
610 1
664 1
553 1
584 1
683 1
583 1
560 1
659 1
588 1
537 1
649 1
627 1
541 1
631 1
651 1
547 1
610 1
673 1
564 1
591 1
685 1
583 1
558 1
657 1
584 1
531 1
644 1
630 1
544 1
635 1
665 1
566 1
636 1
719 1
628 1
667 1
775 1
694 1
686 1
782 1
688 1
582 1
624 1
545 1
412 1
457 1
450 1
332 1
388 1
488 1
453 1
560 1
732 1
681 1
670 1
754 1
652 1
546 1
605 1
542 1
424 1
491 1
519 1
438 1
538 1
657 1
592 1
657 1
798 1
761 1
811 1
986 1
973 1
913 1
975 1
880 1
675 1
620 1
521 1
313 1
296 1
333 1
227 1
268 1
406 1
360 1
375 1
517 1
492 1
448 1
566 1
571 1
498 1
610 1
675 1
601 1
685 1
787 1
697 1
715 1
817 1
729 1
700 1
799 1
722 1
613 1
661 1
605 1
480 1
538 1
563 1
447 1
494 1
575 1
480 1
504 1
620 1
547 1
531 1
654 1
612 1
548 1
652 1
655 1
573 1
668 1
716 1
597 1
621 1
678 1
557 1
550 1
639 1
542 1
497 1
597 1
547 1
483 1
599 1
615 1
542 1
644 1
696 1
587 1
620 1
685 1
571 1
575 1
680 1
595 1
547 1
641 1
585 1
508 1
615 1
630 1
550 1
642 1
693 1
579 1
609 1
676 1
562 1
563 1
665 1
594 1
570 1
698 1
674 1
614 1
719 1
724 1
618 1
675 1
696 1
554 1
564 1
623 1
510 1
514 1
631 1
570 1
544 1
653 1
610 1
534 1
635 1
654 1
575 1
667 1
720 1
603 1
626 1
698 1
585 1
574 1
673 1
589 1
544 1
655 1
632 1
605 1
795 1
890 1
829 1
868 1
863 1
709 1
715 1
776 1
649 1
611 1
668 1
539 1
439 1
493 1
415 1
314 1
401 1
426 1
354 1
465 1
566 1
500 1
570 1
682 1
599 1
596 1
697 1
618 1
564 1
664 1
628 1
544 1
637 1
653 1
555 1
634 1
704 1
605 1
644 1
728 1
602 1
555 1
631 1
542 1
497 1
616 1
593 1
506 1
589 1
600 1
503 1
581 1
658 1
568 1
616 1
722 1
631 1
617 1
713 1
631 1
573 1
678 1
644 1
547 1
622 1
624 1
512 1
577 1
645 1
541 1
568 1
656 1
555 1
534 1
640 1
577 1
530 1
642 1
610 1
512 1
592 1
606 1
505 1
578 1
648 1
549 1
587 1
696 1
614 1
611 1
725 1
661 1
596 1
689 1
649 1
536 1
604 1
612 1
504 1
568 1
639 1
530 1
544 1
629 1
535 1
532 1
661 1
619 1
569 1
673 1
646 1
553 1
644 1
674 1
563 1
612 1
671 1
557 1
580 1
682 1
598 1
580 1
691 1
629 1
566 1
664 1
640 1
544 1
614 1
623 1
500 1
547 1
622 1
532 1
574 1
693 1
612 1
586 1
693 1
638 1
585 1
696 1
678 1
570 1
636 1
643 1
509 1
534 1
590 1
493 1
536 1
666 1
598 1
580 1
683 1
616 1
536 1
632 1
623 1
541 1
640 1
682 1
570 1
614 1
676 1
556 1
563 1
662 1
582 1
561 1
672 1
619 1
551 1
647 1
625 1
514 1
582 1
618 1
519 1
586 1
673 1
559 1
561 1
645 1
528 1
463 1
549 1
508 1
481 1
639 1
685 1
622 1
710 1
738 1
610 1
630 1
667 1
508 1
480 1
602 1
607 1
677 1
848 1
818 1
729 1
789 1
725 1
567 1
585 1
589 1
479 1
548 1
651 1
555 1
553 1
639 1
543 1
498 1
605 1
558 1
488 1
593 1
578 1
451 1
493 1
516 1
427 1
518 1
655 1
607 1
655 1
785 1
717 1
672 1
762 1
707 1
628 1
725 1
719 1
596 1
642 1
650 1
511 1
528 1
600 1
500 1
515 1
632 1
570 1
541 1
657 1
615 1
529 1
619 1
611 1
503 1
576 1
635 1
540 1
601 1
705 1
610 1
600 1
690 1
603 1
551 1
654 1
619 1
553 1
664 1
690 1
609 1
692 1
740 1
613 1
620 1
672 1
540 1
506 1
595 1
518 1
489 1
624 1
614 1
546 1
646 1
656 1
545 1
606 1
655 1
555 1
608 1
718 1
634 1
632 1
728 1
638 1
570 1
658 1
606 1
507 1
588 1
580 1
461 1
518 1
573 1
468 1
510 1
622 1
554 1
578 1
715 1
662 1
615 1
718 1
682 1
589 1
674 1
683 1
573 1
637 1
689 1
567 1
578 1
651 1
543 1
538 1
663 1
605 1
556 1
661 1
627 1
536 1
627 1
638 1
519 1
568 1
613 1
492 1
504 1
582 1
475 1
455 1
566 1
516 1
482 1
617 1
633 1
596 1
737 1
786 1
693 1
756 1
808 1
675 1
656 1
702 1
561 1
503 1
586 1
509 1
442 1
550 1
543 1
480 1
599 1
641 1
544 1
608 1
660 1
527 1
514 1
580 1
482 1
477 1
617 1
592 1
564 1
704 1
723 1
662 1
773 1
805 1
675 1
693 1
713 1
574 1
572 1
661 1
572 1
558 1
674 1
618 1
541 1
624 1
593 1
497 1
593 1
634 1
538 1
608 1
702 1
628 1
683 1
793 1
666 1
552 1
557 1
420 1
308 1
403 1
416 1
371 1
509 1
594 1
532 1
623 1
744 1
709 1
797 1
926 1
808 1
674 1
655 1
508 1
400 1
506 1
520 1
446 1
548 1
613 1
544 1
646 1
760 1
677 1
672 1
759 1
683 1
681 1
814 1
770 1
675 1
733 1
671 1
525 1
565 1
567 1
427 1
451 1
522 1
427 1
459 1
600 1
580 1
624 1
802 1
791 1
702 1
752 1
693 1
558 1
619 1
657 1
557 1
615 1
695 1
583 1
573 1
657 1
559 1
507 1
607 1
547 1
461 1
559 1
568 1
497 1
609 1
651 1
487 1
440 1
479 1
452 1
624 1
900 1
926 1
880 1
903 1
742 1
549 1
552 1
504 1
413 1
530 1
630 1
584 1
680 1
790 1
678 1
632 1
672 1
530 1
430 1
494 1
429 1
342 1
451 1
503 1
489 1
665 1
799 1
744 1
795 1
850 1
713 1
667 1
723 1
615 1
553 1
654 1
604 1
511 1
604 1
619 1
537 1
635 1
704 1
599 1
626 1
698 1
594 1
596 1
712 1
648 1
604 1
711 1
682 1
616 1
725 1
737 1
632 1
694 1
705 1
520 1
455 1
451 1
307 1
296 1
428 1
409 1
423 1
595 1
627 1
595 1
725 1
741 1
617 1
643 1
647 1
488 1
477 1
532 1
422 1
420 1
543 1
499 1
465 1
593 1
581 1
515 1
637 1
696 1
649 1
779 1
885 1
803 1
827 1
873 1
703 1
584 1
587 1
456 1
386 1
506 1
509 1
458 1
583 1
623 1
531 1
603 1
666 1
564 1
601 1
708 1
633 1
642 1
771 1
721 1
665 1
762 1
696 1
541 1
563 1
530 1
402 1
469 1
624 1
715 1
969 1
1023 1
1023 1
1023 1
951 1
698 1
633 1
600 1
445 1
440 1
519 1
422 1
409 1
523 1
464 1
411 1
517 1
474 1
344 1
384 1
371 1
264 1
344 1
444 1
378 1
443 1
581 1
528 1
533 1
654 1
598 1
530 1
636 1
632 1
579 1
709 1
758 1
655 1
695 1
726 1
576 1
554 1
608 1
485 1
440 1
541 1
496 1
470 1
620 1
638 1
553 1
634 1
646 1
518 1
560 1
627 1
532 1
565 1
683 1
618 1
614 1
739 1
695 1
631 1
728 1
700 1
597 1
680 1
708 1
602 1
657 1
717 1
582 1
555 1
622 1
523 1
508 1
646 1
617 1
560 1
659 1
609 1
452 1
476 1
489 1
414 1
541 1
714 1
710 1
803 1
950 1
902 1
876 1
957 1
852 1
704 1
745 1
781 1
849 1
1023 1
1023 1
1023 1
946 1
690 1
474 1
472 1
393 1
252 1
287 1
304 1
220 1
322 1
461 1
409 1
449 1
558 1
470 1
429 1
528 1
476 1
413 1
526 1
553 1
509 1
644 1
730 1
657 1
715 1
796 1
697 1
719 1
826 1
732 1
678 1
774 1
740 1
715 1
863 1
906 1
815 1
819 1
700 1
365 1
113 1
0 1
0 1
0 1
0 1
0 1
0 1
0 1
0 1
0 1
186 1
692 1
1023 1
1023 1
1023 1
545 1
194 1
0 1
0 1
0 1
0 1
0 1
0 1
0 1
0 1
102 1
590 1
984 1
1023 1
1023 1
1023 1
1023 1
1023 1
713 1
416 1
148 1
0 1
0 1
0 1
77 1
231 1
391 1
696 1
907 1
929 1
1023 1
956 1
625 1
655 1
1023 1
1023 1
1023 1
1023 1
1023 1
1023 1
1023 1
720 1
555 1
337 1
178 1
76 1
0 1
0 1
0 1
0 1
0 1
0 1
0 1
0 1
0 1
0 1
40 1
210 1
427 1
711 1
786 1
756 1
858 1
860 1
755 1
816 1
850 1
714 1
710 1
760 1
638 1
616 1
714 1
635 1
589 1
702 1
675 1
593 1
682 1
673 1
540 1
582 1
628 1
534 1
596 1
723 1
668 1
695 1
822 1
772 1
713 1
779 1
685 1
546 1
591 1
553 1
406 1
438 1
500 1
442 1
518 1
634 1
560 1
572 1
730 1
767 1
816 1
961 1
947 1
736 1
444 1
1 1
0 1
0 1
0 1
0 1
0 1
0 1
0 1
116 1
484 1
660 1
811 1
1023 1
1006 1
933 1
954 1
819 1
745 1
846 1
827 1
767 1
861 1
814 1
642 1
625 1
523 1
312 1
538 1
1023 1
1023 1
1023 1
1023 1
1023 1
1023 1
866 1
577 1
464 1
273 1
59 1
33 1
45 1
0 1
0 1
13 1
185 1
263 1
252 1
389 1
446 1
380 1
482 1
578 1
524 1
682 1
935 1
938 1
907 1
947 1
793 1
585 1
546 1
469 1
471 1
811 1
1023 1
876 1
701 1
451 1
177 1
184 1
298 1
230 1
219 1
303 1
278 1
380 1
656 1
782 1
842 1
1004 1
965 1
791 1
725 1
621 1
477 1
430 1
298 1
81 1
44 1
50 1
0 1
0 1
0 1
0 1
0 1
0 1
0 1
0 1
229 1
673 1
908 1
1023 1
1023 1
1023 1
1023 1
1023 1
1023 1
1023 1
978 1
826 1
810 1
682 1
485 1
462 1
407 1
263 1
311 1
401 1
347 1
433 1
607 1
600 1
648 1
795 1
717 1
552 1
540 1
494 1
496 1
754 1
970 1
998 1
1023 1
1023 1
783 1
642 1
468 1
241 1
245 1
318 1
232 1
257 1
357 1
266 1
228 1
333 1
289 1
234 1
350 1
328 1
187 1
222 1
229 1
131 1
228 1
402 1
462 1
658 1
934 1
1004 1
1023 1
1023 1
1023 1
1023 1
972 1
764 1
695 1
604 1
425 1
453 1
570 1
553 1
674 1
914 1
1018 1
1023 1
1023 1
1023 1
1023 1
1023 1
1023 1
1023 1
657 1
263 1
46 1
0 1
0 1
0 1
0 1
0 1
0 1
0 1
0 1
16 1
166 1
133 1
2 1
0 1
6 1
0 1
0 1
0 1
0 1
0 1
114 1
370 1
843 1
1023 1
1023 1
1023 1
1023 1
1023 1
1023 1
1023 1
1023 1
325 1
0 1
0 1
0 1
0 1
0 1
0 1
0 1
0 1
0 1
0 1
0 1
0 1
0 1
0 1
61 1
248 1
404 1
665 1
841 1
876 1
1023 1
1023 1
1023 1
1023 1
1023 1
1023 1
1023 1
820 1
664 1
609 1
412 1
308 1
359 1
277 1
214 1
333 1
345 1
271 1
377 1
432 1
356 1
440 1
528 1
437 1
451 1
547 1
469 1
452 1
587 1
560 1
505 1
629 1
666 1
663 1
871 1
1023 1
1023 1
1023 1
1023 1
1023 1
1023 1
1023 1
1023 1
1023 1
1023 1
1023 1
1023 1
998 1
872 1
581 1
268 1
144 1
0 1
0 1
0 1
62 1
439 1
782 1
917 1
820 1
307 1
0 1
0 1
0 1
0 1
0 1
0 1
0 1
0 1
0 1
0 1
0 1
0 1
37 1
324 1
497 1
705 1
819 1
470 1
120 1
215 1
548 1
1004 1
1023 1
1023 1
1023 1
1023 1
1023 1
1023 1
1023 1
811 1
684 1
514 1
306 1
309 1
343 1
252 1
321 1
459 1
412 1
431 1
557 1
513 1
467 1
572 1
548 1
479 1
608 1
667 1
602 1
697 1
782 1
713 1
784 1
909 1
847 1
844 1
953 1
909 1
889 1
1002 1
856 1
400 1
0 1
0 1
0 1
0 1
0 1
0 1
0 1
0 1
0 1
43 1
490 1
861 1
1013 1
1023 1
1023 1
1023 1
1023 1
939 1
856 1
885 1
774 1
695 1
766 1
703 1
610 1
700 1
700 1
596 1
668 1
725 1
633 1
691 1
788 1
684 1
657 1
718 1
589 1
486 1
534 1
459 1
370 1
470 1
485 1
393 1
469 1
532 1
446 1
509 1
609 1
507 1
484 1
582 1
541 1
567 1
753 1
777 1
730 1
830 1
816 1
672 1
686 1
677 1
510 1
485 1
515 1
370 1
329 1
412 1
338 1
308 1
437 1
420 1
348 1
457 1
484 1
408 1
514 1
600 1
528 1
592 1
699 1
606 1
583 1
657 1
546 1
458 1
541 1
502 1
429 1
556 1
616 1
571 1
699 1
808 1
744 1
806 1
912 1
840 1
845 1
948 1
860 1
782 1
847 1
774 1
651 1
703 1
676 1
533 1
561 1
573 1
425 1
436 1
537 1
499 1
680 1
1020 1
967 1
760 1
697 1
602 1
620 1
846 1
925 1
842 1
853 1
753 1
482 1
354 1
264 1
53 1
0 1
26 1
58 1
0 1
0 1
0 1
84 1
149 1
128 1
277 1
456 1
450 1
541 1
714 1
706 1
728 1
879 1
890 1
683 1
322 1
0 1
0 1
0 1
0 1
0 1
0 1
0 1
0 1
0 1
281 1
535 1
565 1
674 1
771 1
857 1
1023 1
1023 1
1023 1
1023 1
1023 1
1023 1
1023 1
1023 1
1023 1
969 1
761 1
713 1
696 1
539 1
516 1
574 1
462 1
429 1
535 1
476 1
401 1
497 1
484 1
419 1
556 1
646 1
603 1
707 1
810 1
733 1
767 1
863 1
768 1
723 1
800 1
703 1
592 1
654 1
606 1
500 1
590 1
628 1
523 1
569 1
613 1
533 1
825 1
1023 1
1023 1
883 1
159 1
0 1
0 1
0 1
0 1
0 1
0 1
0 1
0 1
0 1
0 1
288 1
1014 1
1023 1
1023 1
1023 1
1023 1
1023 1
1023 1
1023 1
549 1
310 1
76 1
0 1
0 1
0 1
0 1
0 1
0 1
0 1
17 1
192 1
247 1
313 1
494 1
488 1
378 1
396 1
295 1
90 1
79 1
156 1
167 1
283 1
579 1
702 1
708 1
834 1
863 1
791 1
900 1
1003 1
946 1
1023 1
1023 1
724 1
191 1
0 1
0 1
0 1
0 1
0 1
0 1
0 1
49 1
673 1
1023 1
1023 1
1023 1
1023 1
1023 1
1023 1
634 1
170 1
0 1
0 1
0 1
0 1
0 1
0 1
0 1
0 1
0 1
0 1
0 1
0 1
0 1
0 1
15 1
417 1
762 1
931 1
1023 1
1023 1
1023 1
1023 1
1023 1
1023 1
1023 1
1023 1
1023 1
1023 1
1023 1
796 1
153 1
0 1
0 1
0 1
0 1
0 1
0 1
0 1
0 1
0 1
395 1
1023 1
1023 1
1023 1
1023 1
1023 1
1023 1
1023 1
1023 1
553 1
328 1
199 1
17 1
1 1
62 1
103 1
1 1
0 1
71 1
200 1
245 1
409 1
727 1
934 1
1023 1
1023 1
1023 1
1023 1
1023 1
945 1
710 1
432 1
0 1
0 1
0 1
0 1
0 1
0 1
0 1
0 1
0 1
0 1
0 1
0 1
0 1
0 1
0 1
0 1
0 1
0 1
406 1
1023 1
1023 1
1023 1
1023 1
1023 1
1023 1
1023 1
1023 1
827 1
326 1
36 1
0 1
0 1
0 1
8 1
179 1
600 1
951 1
1023 1
1023 1
374 1
138 1
273 1
337 1
416 1
646 1
918 1
1023 1
1023 1
1023 1
1023 1
521 1
0 1
0 1
0 1
0 1
0 1
0 1
0 1
0 1
0 1
0 1
0 1
92 1
364 1
810 1
1023 1
1023 1
1023 1
753 1
353 1
24 1
0 1
0 1
0 1
0 1
0 1
0 1
24 1
200 1
429 1
472 1
585 1
799 1
834 1
839 1
967 1
950 1
853 1
918 1
914 1
809 1
882 1
949 1
848 1
864 1
950 1
875 1
891 1
1017 1
930 1
890 1
939 1
782 1
599 1
585 1
509 1
454 1
615 1
688 1
583 1
602 1
589 1
399 1
343 1
395 1
336 1
414 1
636 1
666 1
641 1
725 1
622 1
406 1
370 1
355 1
333 1
556 1
776 1
758 1
782 1
850 1
774 1
814 1
977 1
922 1
792 1
760 1
558 1
269 1
177 1
110 1
27 1
140 1
369 1
439 1
565 1
796 1
849 1
864 1
995 1
965 1
818 1
812 1
724 1
499 1
447 1
412 1
218 1
145 1
199 1
180 1
327 1
648 1
779 1
820 1
955 1
982 1
965 1
1023 1
1023 1
1015 1
993 1
768 1
506 1
421 1
297 1
195 1
333 1
433 1
403 1
566 1
674 1
458 1
369 1
527 1
623 1
769 1
1018 1
1023 1
1023 1
1023 1
1023 1
1023 1
1023 1
719 1
368 1
0 1
0 1
0 1
0 1
0 1
0 1
0 1
0 1
0 1
133 1
587 1
862 1
1023 1
1023 1
1023 1
1023 1
754 1
513 1
473 1
349 1
279 1
450 1
569 1
548 1
557 1
377 1
4 1
0 1
0 1
0 1
0 1
0 1
0 1
0 1
0 1
0 1
104 1
565 1
1023 1
1023 1
1023 1
1023 1
1023 1
1023 1
994 1
634 1
420 1
274 1
150 1
297 1
526 1
567 1
666 1
806 1
732 1
673 1
726 1
598 1
415 1
414 1
397 1
408 1
669 1
881 1
879 1
930 1
917 1
638 1
415 1
346 1
247 1
332 1
636 1
785 1
834 1
983 1
1003 1
918 1
1010 1
961 1
823 1
807 1
668 1
443 1
416 1
398 1
266 1
288 1
343 1
222 1
210 1
299 1
220 1
198 1
323 1
228 1
195 1
638 1
1023 1
1023 1
1023 1
967 1
603 1
416 1
204 1
35 1
74 1
152 1
164 1
332 1
642 1
800 1
960 1
1023 1
1023 1
1022 1
936 1
641 1
397 1
327 1
254 1
359 1
675 1
819 1
817 1
876 1
764 1
529 1
492 1
461 1
267 1
180 1
45 1
0 1
0 1
0 1
0 1
0 1
362 1
1023 1
1023 1
1023 1
973 1
584 1
103 1
0 1
0 1
0 1
0 1
0 1
0 1
18 1
126 1
61 1
0 1
46 1
192 1
329 1
592 1
1018 1
1023 1
1023 1
1023 1
1023 1
903 1
816 1
643 1
672 1
763 1
629 1
538 1
531 1
344 1
169 1
200 1
241 1
386 1
774 1
1022 1
1005 1
1023 1
909 1
861 1
997 1
959 1
793 1
744 1
579 1
281 1
162 1
151 1
159 1
432 1
791 1
902 1
977 1
1023 1
942 1
876 1
915 1
775 1
639 1
645 1
491 1
247 1
176 1
122 1
86 1
254 1
533 1
590 1
649 1
775 1
715 1
654 1
760 1
725 1
611 1
662 1
645 1
505 1
525 1
496 1
264 1
199 1
298 1
283 1
294 1
351 1
221 1
248 1
677 1
1023 1
1023 1
1023 1
1023 1
1023 1
1023 1
913 1
820 1
682 1
293 1
0 1
0 1
0 1
0 1
0 1
74 1
311 1
313 1
73 1
0 1
0 1
0 1
0 1
0 1
0 1
0 1
0 1
0 1
69 1
475 1
886 1
824 1
705 1
853 1
910 1
1023 1
1023 1
1023 1
1023 1
1023 1
1023 1
1023 1
1023 1
1023 1
1023 1
589 1
94 1
0 1
0 1
0 1
0 1
0 1
0 1
0 1
0 1
0 1
0 1
0 1
0 1
0 1
32 1
94 1
238 1
349 1
252 1
264 1
341 1
245 1
254 1
402 1
403 1
425 1
642 1
920 1
1023 1
1023 1
629 1
0 1
0 1
0 1
0 1
0 1
0 1
0 1
0 1
0 1
0 1
0 1
392 1
1023 1
1023 1
1023 1
1023 1
1023 1
1023 1
717 1
324 1
168 1
58 1
0 1
0 1
30 1
162 1
165 1
257 1
472 1
511 1
533 1
674 1
671 1
599 1
689 1
713 1
604 1
657 1
716 1
598 1
609 1
696 1
593 1
564 1
662 1
601 1
554 1
673 1
666 1
586 1
671 1
694 1
591 1
652 1
721 1
605 1
607 1
679 1
566 1
533 1
638 1
579 1
526 1
638 1
624 1
530 1
610 1
627 1
513 1
591 1
698 1
612 1
671 1
892 1
1018 1
1023 1
1023 1
1023 1
1023 1
845 1
141 1
0 1
0 1
0 1
0 1
0 1
0 1
0 1
0 1
0 1
0 1
0 1
0 1
0 1
0 1
0 1
0 1
0 1
330 1
1023 1
1023 1
1023 1
1023 1
1023 1
1023 1
1023 1
1023 1
1023 1
1023 1
1023 1
964 1
690 1
409 1
56 1
0 1
0 1
0 1
0 1
0 1
0 1
79 1
300 1
420 1
600 1
914 1
1023 1
1023 1
1023 1
1023 1
1023 1
1023 1
1023 1
737 1
222 1
0 1
0 1
0 1
0 1
0 1
0 1
0 1
0 1
0 1
0 1
0 1
0 1
0 1
0 1
0 1
0 1
0 1
0 1
0 1
0 1
0 1
24 1
162 1
365 1
360 1
357 1
464 1
428 1
385 1
522 1
582 1
584 1
751 1
894 1
898 1
998 1
1023 1
956 1
975 1
1023 1
890 1
913 1
930 1
770 1
694 1
708 1
567 1
476 1
547 1
488 1
417 1
530 1
561 1
498 1
600 1
666 1
577 1
635 1
740 1
656 1
673 1
785 1
729 1
710 1
833 1
816 1
753 1
831 1
816 1
698 1
730 1
740 1
602 1
612 1
672 1
557 1
539 1
616 1
517 1
459 1
553 1
506 1
429 1
526 1
545 1
469 1
563 1
641 1
550 1
592 1
675 1
584 1
582 1
687 1
613 1
565 1
664 1
621 1
537 1
681 1
958 1
1023 1
1023 1
624 1
0 1
0 1
0 1
0 1
0 1
0 1
0 1
0 1
0 1
161 1
542 1
1023 1
1023 1
1023 1
1023 1
1023 1
838 1
702 1
549 1
554 1
700 1
653 1
590 1
657 1
581 1
468 1
525 1
516 1
410 1
490 1
735 1
991 1
1023 1
1023 1
1023 1
1023 1
442 1
0 1
0 1
0 1
0 1
0 1
0 1
0 1
0 1
0 1
0 1
0 1
0 1
118 1
502 1
706 1
1023 1
1023 1
1023 1
1023 1
1023 1
1023 1
1023 1
754 1
542 1
481 1
325 1
236 1
328 1
321 1
271 1
396 1
459 1
396 1
488 1
561 1
464 1
487 1
575 1
492 1
492 1
722 1
1003 1
1023 1
1023 1
751 1
238 1
0 1
0 1
0 1
0 1
0 1
0 1
0 1
0 1
0 1
223 1
448 1
250 1
139 1
511 1
1023 1
1023 1
1023 1
1023 1
1023 1
687 1
161 1
0 1
0 1
0 1
0 1
0 1
0 1
0 1
53 1
173 1
590 1
1023 1
1023 1
1023 1
1011 1
488 1
70 1
0 1
0 1
0 1
0 1
0 1
0 1
0 1
120 1
437 1
764 1
829 1
838 1
943 1
904 1
817 1
891 1
878 1
751 1
788 1
813 1
679 1
685 1
751 1
641 1
625 1
720 1
642 1
593 1
698 1
664 1
585 1
677 1
686 1
589 1
661 1
714 1
600 1
613 1
679 1
562 1
549 1
547 1
139 1
0 1
0 1
0 1
0 1
83 1
489 1
1023 1
1023 1
1023 1
1023 1
1023 1
1023 1
1023 1
810 1
679 1
508 1
255 1
193 1
198 1
78 1
73 1
166 1
179 1
120 1
243 1
334 1
213 1
22 1
0 1
0 1
0 1
0 1
0 1
0 1
0 1
0 1
0 1
104 1
963 1
1023 1
1023 1
1023 1
1023 1
530 1
51 1
0 1
156 1
818 1
1023 1
1023 1
1023 1
1023 1
1023 1
1023 1
169 1
0 1
0 1
0 1
0 1
0 1
0 1
0 1
0 1
0 1
0 1
0 1
153 1
694 1
961 1
1023 1
1023 1
1023 1
1023 1
941 1
787 1
823 1
746 1
623 1
667 1
658 1
529 1
561 1
598 1
469 1
471 1
559 1
491 1
513 1
674 1
676 1
668 1
797 1
792 1
702 1
765 1
764 1
635 1
664 1
699 1
557 1
534 1
590 1
474 1
441 1
543 1
487 1
431 1
540 1
542 1
474 1
586 1
646 1
577 1
662 1
765 1
693 1
736 1
841 1
748 1
668 1
653 1
427 1
190 1
565 1
1023 1
1023 1
1023 1
1023 1
1023 1
1023 1
652 1
0 1
0 1
0 1
0 1
0 1
0 1
0 1
0 1
0 1
0 1
0 1
0 1
0 1
0 1
0 1
0 1
0 1
0 1
0 1
0 1
515 1
1023 1
1023 1
1023 1
1023 1
1023 1
1023 1
1023 1
1023 1
1023 1
1023 1
1023 1
1023 1
865 1
387 1
0 1
0 1
0 1
0 1
0 1
0 1
0 1
0 1
0 1
0 1
0 1
0 1
67 1
326 1
455 1
639 1
870 1
886 1
925 1
1023 1
1023 1
1023 1
1023 1
1023 1
1023 1
1023 1
772 1
587 1
337 1
71 1
1 1
0 1
0 1
0 1
0 1
0 1
0 1
0 1
32 1
197 1
533 1
755 1
734 1
787 1
884 1
862 1
968 1
1023 1
1023 1
1017 1
940 1
719 1
666 1
698 1
585 1
587 1
607 1
363 1
132 1
44 1
0 1
0 1
0 1
25 1
250 1
300 1
335 1
427 1
258 1
58 1
97 1
132 1
0 1
0 1
0 1
0 1
0 1
0 1
0 1
0 1
0 1
0 1
0 1
121 1
456 1
780 1
913 1
1023 1
1023 1
1023 1
1023 1
1023 1
1023 1
1023 1
999 1
979 1
1023 1
1023 1
952 1
928 1
791 1
790 1
971 1
981 1
866 1
799 1
597 1
300 1
209 1
205 1
151 1
299 1
369 1
9 1
0 1
0 1
0 1
0 1
0 1
0 1
155 1
977 1
1023 1
257 1
469 1
1023 1
1023 1
1023 1
1023 1
54 1
0 1
0 1
0 1
0 1
0 1
0 1
0 1
0 1
0 1
0 1
0 1
0 1
0 1
0 1
0 1
0 1
139 1
926 1
1023 1
1023 1
1023 1
1023 1
1023 1
1023 1
1023 1
1023 1
1023 1
1023 1
1023 1
1023 1
1013 1
940 1
782 1
594 1
603 1
596 1
478 1
531 1
619 1
533 1
558 1
672 1
610 1
602 1
727 1
686 1
623 1
726 1
717 1
623 1
702 1
739 1
634 1
676 1
733 1
605 1
601 1
714 1
665 1
664 1
776 1
700 1
605 1
698 1
691 1
571 1
602 1
619 1
553 1
679 1
786 1
620 1
518 1
542 1
442 1
443 1
618 1
679 1
719 1
871 1
841 1
665 1
641 1
608 1
481 1
553 1
665 1
579 1
590 1
686 1
575 1
489 1
551 1
487 1
431 1
562 1
602 1
538 1
631 1
678 1
572 1
622 1
708 1
608 1
615 1
720 1
639 1
600 1
709 1
662 1
596 1
701 1
687 1
554 1
604 1
649 1
560 1
625 1
735 1
666 1
667 1
715 1
549 1
453 1
556 1
554 1
521 1
633 1
614 1
485 1
554 1
633 1
571 1
667 1
802 1
736 1
751 1
849 1
737 1
794 1
1023 1
1023 1
1023 1
304 1
0 1
0 1
0 1
0 1
0 1
0 1
0 1
0 1
0 1
0 1
34 1
515 1
957 1
1023 1
1023 1
1023 1
1023 1
1023 1
649 1
367 1
9 1
0 1
0 1
0 1
0 1
0 1
0 1
0 1
0 1
0 1
0 1
0 1
0 1
139 1
382 1
385 1
389 1
468 1
372 1
282 1
345 1
305 1
224 1
293 1
276 1
91 1
26 1
13 1
0 1
0 1
0 1
0 1
0 1
64 1
151 1
385 1
653 1
687 1
752 1
924 1
941 1
967 1
1023 1
1011 1
841 1
825 1
692 1
634 1
772 1
768 1
628 1
583 1
478 1
268 1
251 1
316 1
231 1
237 1
298 1
169 1
131 1
250 1
245 1
257 1
420 1
477 1
455 1
579 1
590 1
384 1
349 1
343 1
83 1
0 1
0 1
0 1
0 1
0 1
0 1
248 1
882 1
1023 1
1023 1
1023 1
1023 1
1023 1
1023 1
1023 1
1001 1
637 1
404 1
279 1
20 1
0 1
0 1
0 1
0 1
0 1
0 1
0 1
0 1
0 1
0 1
0 1
0 1
0 1
145 1
264 1
409 1
616 1
600 1
510 1
555 1
544 1
493 1
652 1
758 1
653 1
636 1
664 1
549 1
588 1
737 1
673 1
609 1
638 1
500 1
338 1
336 1
244 1
55 1
18 1
12 1
0 1
0 1
0 1
0 1
0 1
0 1
0 1
0 1
0 1
0 1
0 1
0 1
0 1
0 1
0 1
0 1
0 1
81 1
750 1
1023 1
1023 1
1023 1
1023 1
1023 1
1023 1
1023 1
1023 1
1023 1
327 1
0 1
0 1
0 1
0 1
0 1
0 1
0 1
0 1
0 1
0 1
0 1
0 1
0 1
0 1
0 1
0 1
0 1
0 1
0 1
0 1
0 1
0 1
0 1
60 1
753 1
1023 1
1023 1
1023 1
1023 1
1023 1
1023 1
1023 1
1023 1
1023 1
1023 1
1023 1
1023 1
1023 1
429 1
0 1
0 1
0 1
0 1
0 1
0 1
209 1
709 1
865 1
760 1
249 1
0 1
0 1
0 1
0 1
0 1
0 1
0 1
0 1
0 1
0 1
0 1
0 1
0 1
0 1
0 1
79 1
601 1
1023 1
1023 1
1023 1
1023 1
1023 1
1023 1
1023 1
1023 1
1023 1
1023 1
735 1
273 1
0 1
0 1
0 1
0 1
0 1
0 1
0 1
0 1
0 1
0 1
0 1
0 1
0 1
0 1
0 1
0 1
0 1
0 1
0 1
0 1
105 1
145 1
69 1
29 1
0 1
0 1
0 1
0 1
0 1
0 1
0 1
0 1
0 1
0 1
0 1
63 1
167 1
296 1
441 1
377 1
340 1
530 1
780 1
945 1
890 1
320 1
0 1
0 1
0 1
0 1
0 1
0 1
0 1
0 1
44 1
82 1
28 1
70 1
180 1
260 1
536 1
1023 1
1023 1
1023 1
1023 1
1023 1
1023 1
1023 1
1023 1
1023 1
1023 1
1023 1
793 1
362 1
30 1
0 1
0 1
0 1
0 1
0 1
0 1
0 1
0 1
0 1
326 1
1023 1
1023 1
1023 1
1023 1
1023 1
1023 1
1023 1
1023 1
947 1
492 1
15 1
0 1
0 1
0 1
0 1
0 1
0 1
0 1
0 1
0 1
0 1
0 1
0 1
0 1
0 1
0 1
0 1
0 1
0 1
0 1
0 1
0 1
0 1
0 1
0 1
0 1
0 1
0 1
0 1
0 1
0 1
0 1
21 1
464 1
932 1
1023 1
1023 1
1023 1
1023 1
1023 1
1023 1
1023 1
1023 1
1010 1
492 1
0 1
0 1
0 1
0 1
0 1
0 1
0 1
0 1
0 1
103 1
485 1
720 1
1009 1
1023 1
1023 1
1023 1
983 1
842 1
900 1
904 1
859 1
984 1
998 1
808 1
723 1
729 1
673 1
782 1
952 1
895 1
874 1
1023 1
1023 1
