84 0
276 0
300 0
318 0
325 0
363 0
392 0
392 0
406 0
418 0
402 0
397 0
398 0
378 0
359 0
360 0
344 0
323 0
331 0
329 0
329 0
328 0
328 0
327 0
327 0
326 0
327 0
327 0
327 0
327 0
328 0
329 0
336 0
349 0
338 0
332 0
347 0
349 0
346 0
365 0
370 0
355 0
363 0
366 0
346 0
355 0
371 0
363 0
362 0
365 0
342 0
332 0
346 0
348 0
343 0
357 0
358 0
341 0
349 0
354 0
334 0
336 0
343 0
329 0
333 0
349 0
347 0
347 0
365 0
364 0
355 0
366 0
360 0
336 0
338 0
343 0
329 0
340 0
355 0
343 0
348 0
360 0
354 0
348 0
361 0
360 0
349 0
364 0
365 0
348 0
359 0
364 0
347 0
353 0
359 0
340 0
337 0
349 0
339 0
332 0
343 0
341 0
335 0
352 0
357 0
343 0
350 0
352 0
331 0
339 0
351 0
342 0
344 0
352 0
344 0
338 0
354 0
353 0
342 0
356 0
355 0
336 0
344 0
355 0
341 0
346 0
351 0
333 0
334 0
356 0
361 0
364 0
382 0
380 0
367 0
378 0
378 0
354 0
362 0
362 0
345 0
351 0
356 0
336 0
331 0
343 0
332 0
329 0
347 0
352 0
342 0
351 0
347 0
325 0
333 0
344 0
333 0
340 0
346 0
331 0
339 0
359 0
360 0
360 0
374 0
368 0
351 0
360 0
351 0
328 0
335 0
345 0
333 0
344 0
361 0
354 0
355 0
364 0
354 0
344 0
351 0
346 0
332 0
341 0
343 0
327 0
341 0
349 0
336 0
347 0
358 0
347 0
344 0
355 0
341 0
333 0
345 0
344 0
331 0
349 0
359 0
351 0
366 0
382 0
372 0
374 0
369 0
337 0
325 0
324 0
313 0
309 0
331 0
340 0
339 0
361 0
364 0
346 0
355 0
365 0
350 0
357 0
369 0
354 0
351 0
360 0
351 0
343 0
354 0
349 0
335 0
345 0
350 0
337 0
351 0
362 0
349 0
353 0
352 0
329 0
320 0
332 0
325 0
323 0
342 0
344 0
334 0
349 0
354 0
346 0
357 0
368 0
353 0
357 0
367 0
354 0
356 0
365 0
356 0
345 0
357 0
351 0
335 0
350 0
351 0
336 0
348 0
355 0
340 0
343 0
351 0
337 0
335 0
355 0
358 0
359 0
377 0
376 0
361 0
366 0
366 0
347 0
359 0
361 0
341 0
342 0
348 0
334 0
336 0
355 0
353 0
343 0
354 0
350 0
329 0
337 0
338 0
320 0
331 0
343 0
332 0
340 0
351 0
338 0
339 0
350 0
345 0
339 0
351 0
350 0
336 0
353 0
359 0
343 0
360 0
371 0
354 0
357 0
363 0
347 0
339 0
351 0
346 0
344 0
369 0
385 0
391 0
405 0
396 0
356 0
347 0
341 0
312 0
310 0
317 0
305 0
307 0
318 0
309 0
300 0
319 0
331 0
336 0
365 0
386 0
381 0
380 0
372 0
329 0
279 0
224 0
160 0
125 0
132 0
153 0
191 0
256 0
314 0
351 0
404 0
439 0
447 0
470 0
486 0
475 0
472 0
471 0
449 0
427 0
406 0
363 0
349 0
411 0
491 0
551 0
610 0
645 0
608 0
531 0
399 0
246 0
179 0
199 0
245 0
312 0
367 0
362 0
294 0
211 0
114 0
33 0
20 0
31 0
49 0
77 0
133 0
203 0
258 0
326 0
391 0
424 0
454 0
486 0
494 0
489 0
498 0
489 0
462 0
460 0
455 0
426 0
421 0
411 0
376 0
357 0
345 0
322 0
308 0
315 0
311 0
305 0
322 0
329 0
321 0
338 0
346 0
333 0
347 0
359 0
348 0
356 0
367 0
359 0
357 0
365 0
356 0
340 0
347 0
347 0
332 0
346 0
354 0
340 0
350 0
359 0
346 0
351 0
357 0
348 0
343 0
352 0
347 0
337 0
349 0
351 0
337 0
351 0
358 0
339 0
349 0
360 0
343 0
346 0
354 0
345 0
341 0
353 0
349 0
340 0
349 0
349 0
333 0
344 0
350 0
335 0
345 0
352 0
337 0
339 0
350 0
343 0
343 0
356 0
351 0
340 0
353 0
356 0
341 0
353 0
358 0
343 0
349 0
356 0
344 0
346 0
356 0
345 0
339 0
347 0
339 0
330 0
345 0
350 0
336 0
350 0
354 0
340 0
348 0
358 0
344 0
344 0
350 0
340 0
332 0
339 0
336 0
328 0
345 0
353 0
343 0
356 0
363 0
347 0
357 0
360 0
342 0
342 0
350 0
341 0
339 0
352 0
350 0
339 0
349 0
350 0
334 0
347 0
357 0
341 0
350 0
355 0
339 0
337 0
345 0
337 0
334 0
347 0
343 0
334 0
348 0
352 0
339 0
353 0
359 0
343 0
351 0
359 0
342 0
343 0
351 0
341 0
338 0
350 0
350 0
342 0
355 0
358 0
345 0
360 0
367 0
351 0
356 0
358 0
342 0
341 0
349 0
338 0
333 0
346 0
345 0
333 0
345 0
348 0
331 0
341 0
348 0
333 0
342 0
352 0
344 0
352 0
365 0
362 0
358 0
368 0
363 0
346 0
354 0
352 0
332 0
344 0
352 0
338 0
345 0
355 0
340 0
341 0
351 0
344 0
340 0
350 0
349 0
339 0
350 0
356 0
341 0
353 0
357 0
340 0
347 0
354 0
340 0
340 0
351 0
341 0
337 0
352 0
350 0
341 0
353 0
356 0
340 0
349 0
355 0
336 0
345 0
353 0
341 0
343 0
354 0
349 0
346 0
358 0
357 0
347 0
359 0
359 0
341 0
346 0
348 0
329 0
335 0
345 0
335 0
339 0
352 0
346 0
342 0
354 0
352 0
342 0
353 0
357 0
341 0
350 0
356 0
340 0
350 0
354 0
343 0
342 0
351 0
343 0
339 0
352 0
349 0
337 0
349 0
353 0
338 0
350 0
359 0
343 0
350 0
356 0
343 0
342 0
351 0
343 0
341 0
353 0
353 0
341 0
353 0
352 0
334 0
345 0
354 0
343 0
349 0
356 0
343 0
341 0
351 0
345 0
341 0
354 0
353 0
341 0
350 0
351 0
333 0
343 0
350 0
334 0
345 0
353 0
345 0
346 0
356 0
350 0
344 0
357 0
354 0
339 0
345 0
345 0
329 0
342 0
356 0
347 0
356 0
364 0
352 0
349 0
354 0
346 0
341 0
352 0
353 0
340 0
355 0
360 0
345 0
356 0
359 0
336 0
334 0
336 0
323 0
324 0
341 0
343 0
343 0
357 0
356 0
343 0
351 0
354 0
338 0
351 0
359 0
344 0
352 0
360 0
348 0
348 0
359 0
352 0
346 0
360 0
360 0
347 0
358 0
359 0
339 0
341 0
344 0
329 0
336 0
350 0
341 0
345 0
355 0
350 0
344 0
351 0
347 0
332 0
343 0
345 0
327 0
341 0
349 0
335 0
342 0
350 0
340 0
340 0
353 0
351 0
348 0
362 0
362 0
349 0
355 0
358 0
342 0
353 0
359 0
344 0
348 0
353 0
339 0
339 0
348 0
342 0
333 0
345 0
343 0
330 0
344 0
348 0
334 0
345 0
353 0
341 0
345 0
355 0
343 0
341 0
349 0
345 0
342 0
357 0
359 0
348 0
362 0
369 0
352 0
362 0
365 0
346 0
349 0
355 0
342 0
339 0
349 0
343 0
334 0
344 0
342 0
329 0
340 0
345 0
331 0
344 0
355 0
342 0
350 0
359 0
347 0
347 0
355 0
350 0
342 0
353 0
353 0
339 0
353 0
363 0
350 0
360 0
364 0
346 0
348 0
355 0
346 0
348 0
360 0
352 0
344 0
349 0
344 0
328 0
338 0
345 0
332 0
348 0
361 0
348 0
355 0
360 0
347 0
339 0
344 0
335 0
327 0
340 0
343 0
335 0
349 0
355 0
343 0
350 0
357 0
339 0
343 0
349 0
337 0
338 0
349 0
344 0
339 0
353 0
356 0
343 0
356 0
361 0
346 0
355 0
363 0
352 0
357 0
365 0
354 0
350 0
356 0
345 0
333 0
340 0
341 0
329 0
344 0
350 0
335 0
344 0
351 0
335 0
342 0
354 0
347 0
348 0
359 0
356 0
346 0
356 0
357 0
345 0
355 0
357 0
338 0
344 0
348 0
333 0
339 0
349 0
337 0
336 0
347 0
341 0
333 0
344 0
348 0
336 0
350 0
353 0
336 0
347 0
354 0
343 0
347 0
356 0
347 0
344 0
354 0
349 0
340 0
353 0
352 0
339 0
350 0
356 0
342 0
355 0
367 0
355 0
362 0
369 0
354 0
345 0
349 0
345 0
339 0
359 0
369 0
360 0
375 0
379 0
363 0
372 0
376 0
359 0
358 0
359 0
341 0
334 0
340 0
332 0
323 0
331 0
332 0
314 0
324 0
330 0
312 0
327 0
341 0
335 0
344 0
355 0
347 0
347 0
359 0
358 0
352 0
365 0
365 0
350 0
359 0
359 0
340 0
345 0
352 0
331 0
332 0
337 0
324 0
324 0
337 0
341 0
337 0
352 0
354 0
339 0
352 0
358 0
345 0
352 0
354 0
336 0
336 0
343 0
335 0
333 0
347 0
343 0
338 0
353 0
357 0
346 0
360 0
368 0
353 0
363 0
367 0
346 0
339 0
337 0
328 0
328 0
344 0
345 0
336 0
346 0
344 0
327 0
340 0
345 0
333 0
345 0
359 0
349 0
358 0
366 0
353 0
348 0
356 0
354 0
342 0
352 0
350 0
331 0
341 0
347 0
335 0
349 0
357 0
347 0
354 0
364 0
355 0
350 0
357 0
346 0
332 0
340 0
343 0
331 0
344 0
352 0
335 0
344 0
352 0
336 0
338 0
346 0
338 0
339 0
352 0
354 0
348 0
361 0
360 0
345 0
355 0
360 0
348 0
357 0
368 0
355 0
359 0
370 0
360 0
355 0
358 0
348 0
328 0
330 0
327 0
309 0
321 0
333 0
323 0
339 0
354 0
345 0
350 0
358 0
351 0
349 0
364 0
365 0
357 0
368 0
369 0
350 0
357 0
359 0
338 0
342 0
348 0
332 0
336 0
346 0
338 0
336 0
343 0
340 0
328 0
339 0
342 0
327 0
343 0
350 0
337 0
348 0
359 0
348 0
354 0
365 0
357 0
356 0
361 0
358 0
348 0
358 0
363 0
349 0
359 0
365 0
346 0
355 0
362 0
347 0
346 0
347 0
332 0
327 0
347 0
356 0
354 0
365 0
356 0
327 0
322 0
319 0
298 0
303 0
311 0
303 0
311 0
330 0
334 0
341 0
357 0
361 0
355 0
373 0
378 0
362 0
374 0
378 0
361 0
367 0
373 0
355 0
351 0
354 0
339 0
330 0
336 0
331 0
319 0
331 0
337 0
328 0
342 0
352 0
337 0
347 0
353 0
341 0
349 0
360 0
355 0
352 0
364 0
362 0
349 0
358 0
356 0
338 0
346 0
352 0
336 0
344 0
353 0
344 0
348 0
357 0
347 0
340 0
344 0
339 0
329 0
339 0
344 0
332 0
346 0
354 0
339 0
347 0
354 0
343 0
346 0
354 0
345 0
339 0
349 0
348 0
338 0
348 0
348 0
331 0
337 0
339 0
324 0
334 0
344 0
334 0
341 0
351 0
350 0
352 0
369 0
373 0
363 0
375 0
375 0
355 0
362 0
363 0
342 0
345 0
353 0
342 0
347 0
359 0
351 0
347 0
354 0
347 0
328 0
328 0
325 0
306 0
319 0
329 0
316 0
328 0
337 0
332 0
342 0
362 0
365 0
363 0
372 0
367 0
352 0
359 0
357 0
339 0
345 0
351 0
337 0
349 0
361 0
352 0
356 0
365 0
357 0
349 0
359 0
358 0
350 0
363 0
366 0
345 0
346 0
341 0
315 0
314 0
316 0
303 0
308 0
325 0
327 0
330 0
344 0
347 0
341 0
358 0
364 0
350 0
360 0
362 0
342 0
349 0
351 0
334 0
332 0
336 0
327 0
321 0
332 0
335 0
327 0
342 0
348 0
336 0
348 0
352 0
336 0
341 0
345 0
334 0
342 0
358 0
360 0
359 0
368 0
360 0
342 0
349 0
350 0
336 0
351 0
357 0
341 0
346 0
349 0
336 0
333 0
335 0
325 0
322 0
335 0
339 0
333 0
346 0
350 0
338 0
351 0
359 0
347 0
355 0
363 0
349 0
349 0
356 0
350 0
343 0
353 0
352 0
340 0
349 0
350 0
332 0
341 0
343 0
326 0
330 0
333 0
322 0
325 0
333 0
329 0
327 0
342 0
346 0
340 0
355 0
361 0
347 0
357 0
361 0
343 0
350 0
360 0
351 0
352 0
355 0
347 0
338 0
344 0
336 0
323 0
333 0
340 0
332 0
347 0
356 0
341 0
348 0
355 0
345 0
350 0
361 0
354 0
345 0
349 0
343 0
329 0
344 0
349 0
339 0
351 0
357 0
342 0
345 0
347 0
333 0
337 0
349 0
346 0
344 0
355 0
352 0
339 0
347 0
349 0
330 0
340 0
343 0
327 0
333 0
337 0
328 0
329 0
338 0
336 0
336 0
353 0
356 0
348 0
357 0
357 0
343 0
355 0
365 0
352 0
358 0
361 0
342 0
340 0
343 0
337 0
327 0
336 0
339 0
327 0
341 0
347 0
335 0
345 0
350 0
339 0
349 0
358 0
349 0
352 0
357 0
347 0
336 0
344 0
344 0
333 0
345 0
350 0
333 0
344 0
352 0
337 0
347 0
352 0
343 0
342 0
346 0
337 0
328 0
334 0
332 0
323 0
340 0
351 0
344 0
361 0
369 0
357 0
362 0
364 0
347 0
343 0
346 0
338 0
329 0
338 0
340 0
327 0
340 0
345 0
332 0
346 0
356 0
347 0
356 0
360 0
348 0
346 0
351 0
345 0
339 0
352 0
356 0
347 0
358 0
358 0
336 0
342 0
348 0
335 0
343 0
348 0
338 0
335 0
339 0
332 0
323 0
331 0
331 0
321 0
338 0
349 0
341 0
359 0
372 0
361 0
366 0
367 0
348 0
339 0
341 0
332 0
324 0
333 0
335 0
325 0
339 0
348 0
339 0
350 0
357 0
344 0
354 0
360 0
349 0
343 0
346 0
339 0
333 0
347 0
348 0
337 0
349 0
353 0
339 0
351 0
358 0
345 0
350 0
353 0
342 0
338 0
343 0
335 0
327 0
338 0
342 0
333 0
349 0
351 0
336 0
348 0
347 0
331 0
335 0
341 0
330 0
331 0
336 0
332 0
322 0
332 0
336 0
328 0
347 0
359 0
353 0
364 0
372 0
358 0
365 0
367 0
353 0
348 0
347 0
336 0
325 0
334 0
337 0
328 0
341 0
346 0
330 0
340 0
342 0
325 0
330 0
336 0
329 0
329 0
333 0
330 0
328 0
345 0
354 0
348 0
363 0
367 0
354 0
365 0
367 0
356 0
358 0
362 0
352 0
352 0
357 0
349 0
334 0
340 0
335 0
320 0
333 0
338 0
325 0
336 0
336 0
321 0
326 0
330 0
322 0
328 0
341 0
344 0
342 0
358 0
362 0
351 0
363 0
365 0
344 0
350 0
353 0
340 0
347 0
355 0
347 0
347 0
352 0
346 0
333 0
339 0
336 0
321 0
333 0
336 0
319 0
330 0
341 0
336 0
352 0
366 0
359 0
360 0
366 0
361 0
353 0
362 0
359 0
339 0
338 0
333 0
315 0
325 0
331 0
318 0
326 0
333 0
327 0
332 0
348 0
352 0
349 0
363 0
363 0
349 0
358 0
357 0
337 0
345 0
346 0
331 0
333 0
339 0
329 0
330 0
340 0
339 0
333 0
347 0
349 0
339 0
353 0
356 0
342 0
357 0
362 0
351 0
356 0
361 0
349 0
350 0
357 0
350 0
334 0
336 0
330 0
316 0
332 0
342 0
332 0
343 0
345 0
330 0
334 0
332 0
320 0
317 0
324 0
322 0
318 0
335 0
342 0
337 0
358 0
372 0
363 0
374 0
373 0
349 0
342 0
337 0
322 0
320 0
331 0
335 0
337 0
354 0
362 0
353 0
362 0
360 0
340 0
346 0
347 0
335 0
342 0
349 0
340 0
340 0
348 0
345 0
335 0
340 0
336 0
320 0
332 0
340 0
331 0
343 0
349 0
341 0
347 0
350 0
340 0
336 0
342 0
338 0
329 0
343 0
346 0
335 0
347 0
349 0
333 0
341 0
346 0
336 0
341 0
348 0
341 0
340 0
352 0
356 0
350 0
358 0
356 0
339 0
350 0
355 0
342 0
352 0
355 0
341 0
347 0
352 0
338 0
333 0
333 0
328 0
322 0
343 0
357 0
353 0
366 0
365 0
342 0
339 0
332 0
317 0
326 0
341 0
339 0
343 0
351 0
348 0
338 0
348 0
346 0
328 0
337 0
339 0
329 0
342 0
350 0
340 0
346 0
350 0
336 0
332 0
338 0
335 0
331 0
349 0
357 0
348 0
360 0
362 0
349 0
361 0
363 0
346 0
346 0
348 0
340 0
340 0
352 0
355 0
344 0
352 0
347 0
326 0
333 0
336 0
325 0
339 0
343 0
336 0
342 0
346 0
336 0
331 0
336 0
332 0
323 0
339 0
346 0
337 0
352 0
355 0
342 0
355 0
363 0
354 0
360 0
371 0
370 0
367 0
369 0
358 0
340 0
341 0
336 0
318 0
332 0
340 0
332 0
345 0
347 0
333 0
337 0
345 0
341 0
343 0
355 0
355 0
345 0
356 0
358 0
346 0
356 0
359 0
343 0
351 0
355 0
343 0
348 0
352 0
345 0
340 0
346 0
341 0
331 0
343 0
346 0
333 0
349 0
358 0
348 0
357 0
356 0
339 0
338 0
342 0
340 0
339 0
351 0
350 0
340 0
349 0
346 0
329 0
339 0
339 0
323 0
334 0
344 0
337 0
345 0
357 0
354 0
353 0
364 0
362 0
349 0
355 0
354 0
340 0
354 0
360 0
348 0
355 0
352 0
333 0
334 0
338 0
333 0
330 0
341 0
339 0
330 0
342 0
349 1
338 1
352 1
357 1
344 1
353 1
356 1
346 1
347 1
350 1
345 1
340 1
349 1
347 1
338 1
352 1
354 1
340 1
353 1
353 1
337 1
344 1
346 1
335 1
342 1
351 1
347 1
342 1
349 1
344 1
330 1
339 1
340 1
327 1
343 1
354 1
346 1
356 1
360 1
347 1
352 1
357 1
351 1
345 1
353 1
352 1
343 1
358 1
362 1
348 1
359 1
362 1
346 1
350 1
349 1
336 1
335 1
338 1
331 1
325 1
332 1
331 1
325 1
340 1
346 1
337 1
350 1
349 1
331 1
342 1
351 1
351 1
361 1
375 1
370 1
360 1
365 1
364 1
351 1
362 1
362 1
345 1
353 1
355 1
344 1
349 1
351 1
335 1
332 1
333 1
327 1
324 1
337 1
341 1
334 1
347 1
346 1
328 1
340 1
350 1
344 1
365 1
378 1
373 1
376 1
375 1
362 1
348 1
350 1
345 1
331 1
342 1
344 1
331 1
342 1
344 1
329 1
340 1
346 1
338 1
343 1
353 1
349 1
341 1
346 1
341 1
328 1
345 1
354 1
349 1
362 1
365 1
350 1
353 1
357 1
350 1
354 1
356 1
344 1
332 1
337 1
332 1
319 1
333 1
340 1
332 1
346 1
347 1
329 1
334 1
334 1
322 1
325 1
333 1
335 1
338 1
357 1
364 1
353 1
364 1
362 1
344 1
352 1
351 1
337 1
353 1
363 1
356 1
361 1
362 1
350 1
339 1
346 1
349 1
338 1
351 1
350 1
334 1
343 1
345 1
332 1
339 1
343 1
333 1
339 1
347 1
345 1
337 1
344 1
344 1
334 1
348 1
353 1
343 1
354 1
361 1
349 1
354 1
355 1
341 1
337 1
339 1
335 1
332 1
345 1
352 1
348 1
362 1
368 1
355 1
368 1
371 1
360 1
363 1
358 1
338 1
328 1
330 1
327 1
325 1
340 1
345 1
336 1
347 1
348 1
336 1
348 1
353 1
345 1
352 1
356 1
348 1
347 1
352 1
349 1
343 1
355 1
356 1
343 1
355 1
359 1
347 1
360 1
360 1
346 1
351 1
357 1
350 1
353 1
356 1
345 1
328 1
327 1
321 1
305 1
318 1
330 1
329 1
351 1
364 1
357 1
367 1
373 1
365 1
363 1
364 1
353 1
338 1
342 1
343 1
330 1
342 1
345 1
335 1
346 1
349 1
334 1
338 1
341 1
334 1
338 1
347 1
344 1
340 1
356 1
358 1
347 1
359 1
363 1
352 1
365 1
367 1
354 1
353 1
353 1
343 1
343 1
350 1
347 1
335 1
347 1
350 1
340 1
353 1
353 1
337 1
347 1
349 1
337 1
345 1
350 1
343 1
344 1
351 1
346 1
335 1
344 1
347 1
333 1
345 1
347 1
337 1
347 1
346 1
337 1
339 1
342 1
336 1
338 1
348 1
349 1
341 1
352 1
352 1
340 1
355 1
361 1
349 1
361 1
365 1
352 1
354 1
354 1
344 1
341 1
348 1
348 1
337 1
341 1
336 1
322 1
334 1
340 1
333 1
347 1
350 1
339 1
344 1
351 1
348 1
353 1
365 1
365 1
354 1
359 1
354 1
337 1
347 1
347 1
333 1
342 1
344 1
330 1
341 1
349 1
343 1
346 1
356 1
354 1
345 1
354 1
354 1
341 1
354 1
357 1
341 1
348 1
351 1
341 1
347 1
356 1
355 1
355 1
362 1
360 1
349 1
357 1
357 1
342 1
352 1
354 1
339 1
344 1
340 1
320 1
326 1
337 1
339 1
340 1
349 1
346 1
337 1
349 1
355 1
345 1
361 1
366 1
353 1
361 1
364 1
351 1
352 1
353 1
345 1
341 1
347 1
346 1
338 1
350 1
349 1
333 1
340 1
339 1
321 1
332 1
332 1
317 1
325 1
339 1
344 1
349 1
361 1
360 1
351 1
357 1
350 1
331 1
339 1
341 1
330 1
343 1
351 1
346 1
355 1
364 1
361 1
358 1
365 1
362 1
352 1
364 1
366 1
351 1
358 1
351 1
334 1
338 1
343 1
336 1
343 1
352 1
350 1
348 1
355 1
353 1
343 1
356 1
354 1
335 1
343 1
340 1
329 1
343 1
352 1
347 1
353 1
359 1
355 1
348 1
352 1
349 1
338 1
352 1
357 1
345 1
353 1
348 1
328 1
332 1
333 1
326 1
334 1
343 1
342 1
343 1
354 1
354 1
343 1
354 1
357 1
341 1
351 1
351 1
338 1
345 1
347 1
335 1
337 1
339 1
335 1
332 1
341 1
345 1
341 1
357 1
363 1
353 1
366 1
367 1
347 1
351 1
355 1
343 1
348 1
354 1
351 1
347 1
352 1
348 1
337 1
350 1
359 1
354 1
367 1
365 1
345 1
349 1
349 1
338 1
339 1
345 1
341 1
339 1
355 1
360 1
352 1
362 1
360 1
340 1
344 1
342 1
329 1
340 1
349 1
343 1
348 1
346 1
336 1
328 1
335 1
333 1
323 1
336 1
338 1
327 1
341 1
346 1
336 1
346 1
348 1
341 1
344 1
354 1
358 1
357 1
367 1
365 1
355 1
366 1
368 1
354 1
362 1
357 1
337 1
338 1
335 1
321 1
328 1
339 1
340 1
338 1
349 1
349 1
340 1
352 1
355 1
339 1
348 1
349 1
336 1
342 1
343 1
341 1
345 1
348 1
341 1
336 1
346 1
347 1
337 1
350 1
353 1
341 1
352 1
352 1
337 1
347 1
359 1
358 1
363 1
371 1
368 1
359 1
365 1
364 1
350 1
352 1
343 1
325 1
332 1
338 1
332 1
345 1
352 1
348 1
349 1
357 1
353 1
344 1
348 1
343 1
330 1
342 1
349 1
337 1
351 1
351 1
337 1
341 1
343 1
336 1
337 1
346 1
348 1
344 1
354 1
358 1
349 1
361 1
360 1
342 1
350 1
351 1
340 1
346 1
347 1
337 1
343 1
353 1
357 1
350 1
358 1
358 1
348 1
357 1
356 1
340 1
345 1
343 1
328 1
336 1
340 1
331 1
332 1
340 1
336 1
334 1
353 1
360 1
354 1
367 1
365 1
346 1
348 1
344 1
329 1
332 1
335 1
330 1
335 1
345 1
345 1
338 1
347 1
349 1
343 1
365 1
372 1
359 1
364 1
361 1
348 1
354 1
357 1
344 1
336 1
335 1
333 1
328 1
341 1
347 1
340 1
357 1
364 1
356 1
366 1
362 1
344 1
350 1
350 1
345 1
348 1
358 1
358 1
352 1
359 1
356 1
340 1
349 1
352 1
336 1
349 1
352 1
342 1
346 1
347 1
334 1
335 1
337 1
336 1
329 1
338 1
337 1
326 1
341 1
349 1
342 1
354 1
355 1
340 1
349 1
358 1
353 1
358 1
364 1
359 1
349 1
355 1
352 1
336 1
343 1
344 1
331 1
337 1
336 1
329 1
341 1
353 1
349 1
347 1
348 1
341 1
334 1
349 1
352 1
341 1
352 1
356 1
345 1
355 1
356 1
349 1
353 1
355 1
346 1
342 1
345 1
341 1
333 1
337 1
332 1
312 1
321 1
327 1
326 1
353 1
366 1
358 1
365 1
368 1
361 1
358 1
362 1
360 1
349 1
354 1
350 1
334 1
343 1
343 1
333 1
342 1
343 1
330 1
334 1
339 1
335 1
343 1
357 1
359 1
350 1
355 1
350 1
332 1
342 1
347 1
336 1
343 1
346 1
340 1
350 1
359 1
361 1
363 1
372 1
371 1
362 1
367 1
359 1
340 1
345 1
339 1
321 1
323 1
323 1
314 1
332 1
345 1
347 1
348 1
355 1
352 1
342 1
350 1
349 1
333 1
347 1
352 1
342 1
350 1
351 1
343 1
348 1
350 1
345 1
344 1
350 1
347 1
337 1
347 1
351 1
341 1
353 1
352 1
332 1
337 1
338 1
333 1
349 1
363 1
366 1
369 1
374 1
372 1
361 1
365 1
361 1
343 1
350 1
348 1
328 1
328 1
325 1
314 1
325 1
340 1
343 1
351 1
363 1
367 1
356 1
362 1
357 1
344 1
351 1
350 1
337 1
341 1
340 1
327 1
327 1
331 1
333 1
340 1
355 1
357 1
346 1
350 1
344 1
322 1
327 1
330 1
327 1
350 1
366 1
367 1
374 1
375 1
362 1
349 1
349 1
348 1
344 1
359 1
365 1
355 1
363 1
355 1
332 1
336 1
336 1
330 1
341 1
351 1
350 1
345 1
348 1
345 1
331 1
340 1
341 1
330 1
341 1
342 1
332 1
340 1
340 1
332 1
341 1
352 1
352 1
352 1
358 1
354 1
344 1
355 1
356 1
341 1
348 1
348 1
335 1
345 1
351 1
346 1
349 1
349 1
337 1
326 1
331 1
332 1
331 1
352 1
360 1
352 1
363 1
362 1
345 1
354 1
355 1
343 1
353 1
361 1
358 1
352 1
357 1
356 1
345 1
353 1
353 1
340 1
352 1
355 1
344 1
351 1
349 1
341 1
341 1
344 1
338 1
332 1
337 1
336 1
330 1
344 1
350 1
338 1
345 1
344 1
330 1
342 1
352 1
353 1
356 1
359 1
354 1
348 1
354 1
354 1
347 1
358 1
362 1
351 1
362 1
365 1
350 1
356 1
354 1
340 1
339 1
340 1
333 1
329 1
337 1
340 1
333 1
347 1
350 1
342 1
350 1
352 1
342 1
350 1
349 1
338 1
337 1
345 1
347 1
347 1
355 1
356 1
345 1
355 1
354 1
341 1
349 1
349 1
336 1
345 1
351 1
347 1
349 1
352 1
346 1
339 1
344 1
342 1
331 1
343 1
347 1
339 1
354 1
359 1
349 1
354 1
352 1
342 1
342 1
348 1
348 1
343 1
351 1
350 1
338 1
346 1
347 1
339 1
350 1
355 1
343 1
351 1
352 1
341 1
341 1
342 1
336 1
331 1
344 1
348 1
341 1
352 1
354 1
341 1
351 1
353 1
342 1
350 1
354 1
351 1
351 1
355 1
353 1
348 1
356 1
356 1
342 1
348 1
342 1
328 1
336 1
339 1
332 1
342 1
347 1
339 1
346 1
355 1
357 1
352 1
358 1
357 1
344 1
352 1
355 1
345 1
354 1
353 1
340 1
347 1
346 1
337 1
343 1
349 1
349 1
345 1
354 1
354 1
343 1
352 1
354 1
342 1
351 1
353 1
340 1
343 1
344 1
339 1
339 1
341 1
336 1
329 1
336 1
339 1
333 1
348 1
355 1
348 1
362 1
361 1
346 1
351 1
356 1
350 1
351 1
354 1
347 1
337 1
342 1
342 1
332 1
343 1
348 1
342 1
356 1
359 1
350 1
356 1
356 1
350 1
356 1
361 1
360 1
349 1
352 1
348 1
332 1
342 1
347 1
334 1
343 1
343 1
331 1
340 1
346 1
346 1
349 1
355 1
353 1
346 1
348 1
346 1
336 1
348 1
353 1
342 1
350 1
347 1
335 1
343 1
347 1
342 1
341 1
344 1
340 1
332 1
342 1
348 1
343 1
355 1
353 1
339 1
345 1
347 1
341 1
352 1
358 1
352 1
350 1
352 1
345 1
336 1
343 1
340 1
329 1
344 1
349 1
340 1
349 1
348 1
339 1
346 1
351 1
346 1
349 1
353 1
353 1
346 1
353 1
351 1
338 1
345 1
345 1
336 1
347 1
350 1
343 1
348 1
348 1
339 1
337 1
346 1
350 1
347 1
357 1
360 1
349 1
356 1
354 1
341 1
350 1
354 1
348 1
357 1
359 1
349 1
346 1
342 1
334 1
323 1
331 1
336 1
329 1
343 1
345 1
332 1
341 1
345 1
343 1
349 1
352 1
349 1
349 1
357 1
361 1
358 1
366 1
364 1
353 1
357 1
352 1
341 1
352 1
357 1
349 1
354 1
352 1
343 1
339 1
344 1
341 1
336 1
349 1
354 1
342 1
347 1
343 1
331 1
340 1
343 1
336 1
339 1
340 1
337 1
339 1
344 1
344 1
334 1
341 1
339 1
331 1
345 1
353 1
344 1
358 1
358 1
345 1
345 1
346 1
344 1
346 1
356 1
360 1
353 1
357 1
351 1
332 1
336 1
336 1
329 1
348 1
355 1
348 1
355 1
351 1
340 1
335 1
341 1
343 1
338 1
350 1
358 1
349 1
359 1
357 1
345 1
349 1
348 1
338 1
343 1
344 1
337 1
338 1
348 1
353 1
348 1
357 1
353 1
340 1
347 1
346 1
333 1
341 1
340 1
332 1
338 1
345 1
349 1
347 1
354 1
353 1
345 1
352 1
350 1
338 1
351 1
356 1
349 1
356 1
352 1
336 1
335 1
333 1
329 1
327 1
333 1
332 1
324 1
336 1
341 1
335 1
350 1
356 1
351 1
359 1
356 1
345 1
347 1
348 1
347 1
346 1
350 1
347 1
337 1
343 1
346 1
339 1
350 1
351 1
337 1
343 1
344 1
335 1
347 1
356 1
359 1
356 1
355 1
348 1
338 1
347 1
350 1
343 1
355 1
362 1
355 1
364 1
368 1
364 1
365 1
365 1
356 1
346 1
346 1
339 1
326 1
332 1
336 1
330 1
344 1
352 1
349 1
356 1
352 1
340 1
340 1
347 1
351 1
353 1
361 1
359 1
347 1
351 1
346 1
333 1
341 1
344 1
330 1
342 1
345 1
339 1
345 1
355 1
358 1
353 1
356 1
351 1
339 1
341 1
336 1
322 1
333 1
333 1
324 1
338 1
344 1
345 1
353 1
357 1
356 1
351 1
358 1
358 1
349 1
358 1
358 1
343 1
351 1
353 1
345 1
352 1
350 1
342 1
343 1
343 1
340 1
334 1
337 1
332 1
326 1
343 1
349 1
346 1
360 1
367 1
359 1
366 1
361 1
344 1
334 1
331 1
328 1
328 1
341 1
351 1
347 1
357 1
356 1
343 1
352 1
351 1
338 1
343 1
340 1
332 1
334 1
340 1
339 1
338 1
348 1
352 1
345 1
357 1
366 1
359 1
371 1
372 1
360 1
362 1
359 1
352 1
351 1
349 1
347 1
343 1
351 1
351 1
339 1
344 1
342 1
331 1
338 1
343 1
336 1
346 1
347 1
339 1
338 1
335 1
329 1
323 1
330 1
335 1
331 1
345 1
351 1
347 1
361 1
368 1
365 1
376 1
375 1
364 1
357 1
355 1
348 1
340 1
344 1
341 1
328 1
332 1
329 1
319 1
328 1
330 1
327 1
339 1
348 1
351 1
354 1
356 1
356 1
352 1
360 1
359 1
346 1
352 1
352 1
342 1
351 1
351 1
332 1
339 1
345 1
345 1
348 1
353 1
356 1
352 1
363 1
364 1
354 1
357 1
349 1
332 1
339 1
337 1
329 1
336 1
340 1
337 1
338 1
340 1
337 1
330 1
339 1
344 1
336 1
347 1
351 1
342 1
354 1
359 1
354 1
360 1
359 1
354 1
356 1
358 1
355 1
343 1
346 1
344 1
336 1
351 1
356 1
352 1
361 1
358 1
346 1
348 1
348 1
344 1
344 1
349 1
351 1
343 1
345 1
341 1
331 1
342 1
345 1
339 1
350 1
349 1
339 1
343 1
343 1
339 1
343 1
346 1
344 1
335 1
342 1
344 1
336 1
350 1
357 1
351 1
363 1
366 1
360 1
365 1
365 1
361 1
358 1
354 1
345 1
331 1
333 1
333 1
327 1
338 1
341 1
328 1
337 1
338 1
335 1
345 1
355 1
361 1
365 1
370 1
370 1
362 1
360 1
354 1
340 1
347 1
348 1
340 1
351 1
352 1
345 1
348 1
345 1
336 1
332 1
337 1
337 1
331 1
337 1
336 1
328 1
340 1
344 1
339 1
345 1
342 1
336 1
343 1
349 1
349 1
351 1
352 1
349 1
339 1
343 1
343 1
334 1
345 1
344 1
331 1
341 1
347 1
345 1
354 1
360 1
359 1
352 1
353 1
353 1
348 1
357 1
358 1
345 1
352 1
346 1
333 1
344 1
351 1
352 1
362 1
364 1
359 1
351 1
349 1
343 1
333 1
338 1
337 1
325 1
334 1
336 1
333 1
344 1
347 1
343 1
350 1
354 1
350 1
349 1
353 1
354 1
349 1
358 1
359 1
348 1
356 1
354 1
343 1
353 1
351 1
343 1
343 1
338 1
333 1
329 1
335 1
341 1
339 1
349 1
349 1
337 1
343 1
346 1
341 1
352 1
352 1
345 1
348 1
346 1
344 1
344 1
353 1
360 1
357 1
365 1
366 1
352 1
357 1
355 1
341 1
345 1
343 1
338 1
341 1
344 1
348 1
350 1
353 1
354 1
348 1
353 1
351 1
340 1
348 1
349 1
342 1
351 1
354 1
350 1
348 1
343 1
337 1
332 1
339 1
344 1
340 1
347 1
347 1
335 1
343 1
344 1
340 1
349 1
345 1
334 1
333 1
333 1
330 1
330 1
342 1
348 1
345 1
357 1
363 1
357 1
367 1
364 1
347 1
346 1
338 1
329 1
326 1
328 1
333 1
341 1
356 1
366 1
363 1
373 1
371 1
361 1
369 1
369 1
357 1
359 1
354 1
343 1
342 1
341 1
341 1
337 1
341 1
340 1
329 1
333 1
331 1
322 1
332 1
334 1
328 1
342 1
341 1
337 1
338 1
341 1
344 1
344 1
351 1
352 1
343 1
352 1
358 1
356 1
368 1
364 1
350 1
352 1
352 1
351 1
353 1
351 1
345 1
339 1
345 1
349 1
344 1
349 1
346 1
332 1
338 1
331 1
319 1
323 1
326 1
326 1
334 1
340 1
345 1
347 1
357 1
362 1
354 1
359 1
357 1
347 1
354 1
349 1
340 1
343 1
339 1
333 1
339 1
341 1
339 1
334 1
342 1
345 1
342 1
354 1
360 1
352 1
359 1
356 1
345 1
348 1
346 1
346 1
351 1
356 1
358 1
353 1
352 1
351 1
341 1
351 1
356 1
352 1
362 0
358 0
346 0
347 0
346 0
342 0
346 0
348 0
347 0
340 0
340 0
337 0
328 0
335 0
338 0
333 0
346 0
353 0
351 0
358 0
354 0
349 0
349 0
351 0
348 0
343 0
348 0
347 0
340 0
349 0
347 0
335 0
337 0
333 0
328 0
338 0
346 0
346 0
353 0
354 0
352 0
345 0
344 0
340 0
331 0
344 0
350 0
346 0
355 0
352 0
345 0
350 0
351 0
345 0
343 0
343 0
340 0
332 0
333 0
332 0
323 0
330 0
331 0
327 0
339 0
341 0
338 0
349 0
350 0
349 0
352 0
351 0
350 0
347 0
357 0
363 0
357 0
364 0
361 0
349 0
354 0
352 0
344 0
351 0
347 0
338 0
335 0
334 0
336 0
336 0
342 0
342 0
336 0
349 0
352 0
345 0
354 0
350 0
340 0
347 0
347 0
342 0
341 0
342 0
344 0
346 0
357 0
363 0
353 0
358 0
358 0
350 0
355 0
352 0
344 0
349 0
348 0
343 0
342 0
341 0
341 0
336 0
342 0
341 0
331 0
341 0
344 0
342 0
355 0
359 0
352 0
356 0
349 0
341 0
338 0
340 0
343 0
342 0
349 0
351 0
339 0
347 0
344 0
334 0
346 0
346 0
338 0
346 0
351 0
355 0
358 0
361 0
361 0
352 0
354 0
351 0
339 0
344 0
343 0
337 0
344 0
340 0
332 0
336 0
332 0
326 0
327 0
331 0
337 0
338 0
349 0
350 0
340 0
344 0
343 0
337 0
348 0
348 0
344 0
350 0
355 0
355 0
358 0
360 0
358 0
350 0
352 0
351 0
343 0
356 0
359 0
354 0
363 0
356 0
341 0
340 0
335 0
333 0
334 0
343 0
349 0
347 0
357 0
357 0
346 0
354 0
352 0
337 0
345 0
337 0
327 0
329 0
328 0
329 0
333 0
343 0
349 0
345 0
352 0
354 0
347 0
354 0
351 0
340 0
342 0
339 0
334 0
338 0
339 0
341 0
342 0
351 0
357 0
353 0
353 0
347 0
334 0
341 0
337 0
329 0
336 0
331 0
327 0
336 0
342 0
346 0
352 0
361 0
370 0
369 0
378 0
381 0
372 0
378 0
372 0
355 0
355 0
343 0
331 0
332 0
332 0
331 0
327 0
327 0
324 0
317 0
325 0
331 0
332 0
347 0
354 0
349 0
356 0
353 0
345 0
351 0
353 0
355 0
351 0
350 0
348 0
344 0
352 0
356 0
346 0
351 0
345 0
335 0
339 0
338 0
335 0
342 0
345 0
346 0
342 0
345 0
349 0
342 0
344 0
340 0
329 0
336 0
338 0
333 0
343 0
349 0
352 0
363 0
365 0
363 0
357 0
358 0
355 0
346 0
350 0
347 0
337 0
344 0
343 0
336 0
344 0
343 0
343 0
347 0
347 0
347 0
345 0
350 0
355 0
354 0
361 0
358 0
346 0
349 0
342 0
334 0
341 0
339 0
329 0
333 0
332 0
331 0
331 0
337 0
343 0
341 0
351 0
352 0
342 0
347 0
344 0
336 0
344 0
340 0
335 0
341 0
344 0
351 0
355 0
361 0
360 0
349 0
351 0
343 0
334 0
343 0
349 0
348 0
362 0
363 0
357 0
356 0
351 0
349 0
345 0
349 0
348 0
340 0
341 0
338 0
329 0
340 0
340 0
335 0
347 0
347 0
341 0
341 0
339 0
340 0
340 0
344 0
343 0
332 0
336 0
336 0
332 0
346 0
353 0
355 0
366 0
366 0
363 0
360 0
356 0
355 0
353 0
358 0
356 0
346 0
351 0
352 0
345 0
352 0
348 0
338 0
339 0
331 0
325 0
328 0
334 0
344 0
350 0
357 0
360 0
352 0
354 0
350 0
343 0
350 0
344 0
336 0
337 0
335 0
331 0
335 0
337 0
337 0
337 0
344 0
347 0
336 0
340 0
339 0
337 0
351 0
354 0
351 0
356 0
355 0
352 0
354 0
357 0
357 0
356 0
360 0
356 0
345 0
348 0
347 0
341 0
354 0
353 0
341 0
343 0
338 0
336 0
339 0
343 0
346 0
339 0
339 0
338 0
334 0
346 0
349 0
346 0
353 0
343 0
330 0
333 0
335 0
338 0
347 0
352 0
351 0
342 0
343 0
346 0
341 0
353 0
352 0
344 0
350 0
349 0
344 0
352 0
351 0
347 0
350 0
349 0
349 0
344 0
347 0
346 0
339 0
345 0
342 0
332 0
337 0
337 0
333 0
343 0
349 0
354 0
356 0
356 0
354 0
345 0
343 0
339 0
330 0
337 0
336 0
331 0
342 0
347 0
350 0
361 0
363 0
358 0
357 0
357 0
354 0
346 0
345 0
342 0
333 0
339 0
340 0
335 0
345 0
349 0
352 0
359 0
357 0
353 0
352 0
352 0
353 0
349 0
351 0
351 0
344 0
351 0
347 0
338 0
343 0
342 0
340 0
351 0
356 0
359 0
359 0
360 0
360 0
356 0
358 0
357 0
346 0
347 0
341 0
328 0
333 0
327 0
321 0
326 0
330 0
336 0
340 0
343 0
343 0
340 0
347 0
350 0
343 0
349 0
343 0
334 0
341 0
341 0
341 0
349 0
346 0
343 0
341 0
340 0
339 0
335 0
342 0
342 0
338 0
352 0
358 0
359 0
367 0
363 0
353 0
354 0
350 0
349 0
347 0
350 0
354 0
350 0
356 0
356 0
347 0
350 0
346 0
339 0
346 0
342 0
336 0
338 0
334 0
332 0
331 0
335 0
338 0
338 0
348 0
350 0
340 0
346 0
341 0
335 0
338 0
329 0
324 0
330 0
337 0
349 0
359 0
363 0
362 0
352 0
352 0
346 0
336 0
345 0
351 0
352 0
367 0
366 0
356 0
356 0
354 0
355 0
353 0
352 0
352 0
345 0
351 0
351 0
340 0
344 0
342 0
336 0
346 0
345 0
344 0
351 0
351 0
352 0
352 0
355 0
354 0
344 0
343 0
339 0
332 0
341 0
341 0
335 0
339 0
331 0
326 0
327 0
328 0
332 0
338 0
347 0
353 0
351 0
359 0
359 0
354 0
363 0
363 0
353 0
361 0
357 0
349 0
348 0
339 0
334 0
331 0
335 0
341 0
337 0
344 0
345 0
340 0
348 0
347 0
339 0
348 0
349 0
350 0
354 0
350 0
343 0
335 0
338 0
343 0
340 0
348 0
353 0
349 0
356 0
354 0
349 0
354 0
354 0
350 0
355 0
355 0
355 0
353 0
353 0
348 0
337 0
339 0
335 0
328 0
335 0
330 0
324 0
329 0
330 0
335 0
347 0
351 0
355 0
354 0
363 0
369 0
366 0
369 0
361 0
348 0
349 0
346 0
340 0
345 0
341 0
341 0
346 0
353 0
359 0
362 0
365 0
365 0
355 0
358 0
353 0
341 0
347 0
341 0
335 0
340 0
338 0
339 0
344 0
347 0
350 0
349 0
350 0
352 0
346 0
351 0
348 0
338 0
346 0
341 0
334 0
337 0
333 0
330 0
334 0
335 0
340 0
342 0
347 0
350 0
346 0
352 0
352 0
346 0
353 0
350 0
345 0
352 0
350 0
350 0
353 0
348 0
341 0
332 0
330 0
335 0
336 0
350 0
356 0
351 0
356 0
351 0
347 0
351 0
350 0
348 0
356 0
354 0
353 0
350 0
349 0
348 0
342 0
345 0
339 0
329 0
334 0
332 0
331 0
342 0
345 0
345 0
351 0
352 0
354 0
349 0
348 0
346 0
341 0
344 0
339 0
328 0
333 0
332 0
333 0
350 0
352 0
351 0
352 0
351 0
348 0
342 0
346 0
350 0
349 0
358 0
359 0
351 0
353 0
345 0
336 0
340 0
340 0
343 0
348 0
352 0
357 0
357 0
360 0
358 0
349 0
356 0
356 0
345 0
349 0
338 0
325 0
322 0
316 0
316 0
325 0
334 0
345 0
349 0
357 0
360 0
354 0
358 0
356 0
354 0
364 0
362 0
357 0
357 0
350 0
346 0
346 0
344 0
336 0
326 0
325 0
325 0
321 0
333 0
339 0
336 0
345 0
344 0
347 0
356 0
356 0
359 0
358 0
356 0
355 0
352 0
356 0
357 0
350 0
358 0
357 0
351 0
357 0
349 0
342 0
345 0
342 0
341 0
346 0
342 0
342 0
336 0
341 0
344 0
339 0
344 0
340 0
337 0
345 0
343 0
343 0
351 0
351 0
355 0
360 0
362 0
363 0
360 0
359 0
354 0
341 0
342 0
340 0
334 0
340 0
338 0
335 0
341 0
339 0
340 0
344 0
347 0
352 0
351 0
353 0
352 0
343 0
349 0
349 0
345 0
358 0
354 0
345 0
346 0
343 0
342 0
344 0
344 0
345 0
338 0
341 0
342 0
340 0
345 0
342 0
334 0
345 0
351 0
355 0
362 0
357 0
353 0
349 0
351 0
352 0
349 0
355 0
355 0
349 0
353 0
349 0
337 0
345 0
340 0
336 0
338 0
339 0
343 0
344 0
342 0
343 0
342 0
349 0
350 0
345 0
353 0
351 0
346 0
355 0
355 0
354 0
362 0
359 0
352 0
345 0
342 0
346 0
341 0
341 0
335 0
324 0
329 0
332 0
333 0
346 0
346 0
346 0
356 0
352 0
351 0
349 0
352 0
355 0
354 0
362 0
362 0
355 0
355 0
345 0
329 0
333 0
329 0
331 0
339 0
339 0
340 0
341 0
348 0
359 0
366 0
376 0
377 0
367 0
365 0
349 0
333 0
333 0
331 0
335 0
343 0
341 0
336 0
331 0
333 0
342 0
344 0
354 0
355 0
344 0
346 0
338 0
329 0
337 0
338 0
341 0
348 0
345 0
346 0
346 0
351 0
356 0
354 0
358 0
356 0
348 0
348 0
338 0
327 0
329 0
325 0
328 0
337 0
340 0
345 0
347 0
350 0
357 0
356 0
362 0
361 0
354 0
360 0
356 0
350 0
353 0
349 0
344 0
346 0
346 0
350 0
351 0
351 0
351 0
342 0
345 0
348 0
343 0
347 0
341 0
335 0
340 0
338 0
338 0
341 0
342 0
346 0
348 0
350 0
351 0
346 0
349 0
341 0
331 0
336 0
339 0
338 0
351 0
351 0
344 0
343 0
337 0
333 0
333 0
336 0
340 0
340 0
349 0
355 0
357 0
371 0
371 0
367 0
368 0
360 0
353 0
349 0
342 0
339 0
337 0
338 0
337 0
329 0
336 0
340 0
346 0
356 0
355 0
349 0
354 0
346 0
341 0
342 0
340 0
343 0
343 0
344 0
343 0
334 0
340 0
340 0
338 0
349 0
349 0
342 0
348 0
343 0
342 0
343 0
339 0
340 0
341 0
345 0
349 0
345 0
349 0
348 0
347 0
357 0
357 0
351 0
353 0
345 0
340 0
348 0
352 0
358 0
356 0
357 0
358 0
350 0
354 0
352 0
348 0
353 0
345 0
336 0
334 0
327 0
327 0
335 0
340 0
345 0
341 0
339 0
333 0
330 0
340 0
344 0
341 0
349 0
348 0
347 0
352 0
349 0
347 0
348 0
348 0
353 0
354 0
356 0
356 0
350 0
353 0
352 0
346 0
352 0
347 0
342 0
347 0
345 0
344 0
347 0
343 0
339 0
333 0
336 0
342 0
344 0
355 0
356 0
353 0
356 0
349 0
342 0
349 0
348 0
350 0
353 0
352 0
350 0
344 0
343 0
341 0
337 0
345 0
350 0
347 0
354 0
348 0
339 0
339 0
336 0
339 0
345 0
344 0
342 0
335 0
332 0
333 0
335 0
348 0
353 0
352 0
362 0
361 0
357 0
367 0
368 0
369 0
367 0
360 0
355 0
346 0
345 0
345 0
340 0
346 0
345 0
340 0
342 0
335 0
333 0
338 0
335 0
336 0
340 0
340 0
345 0
348 0
359 0
365 0
364 0
369 0
363 0
350 0
347 0
335 0
330 0
331 0
325 0
325 0
326 0
325 0
328 0
328 0
335 0
340 0
345 0
358 0
359 0
354 0
359 0
353 0
353 0
359 0
358 0
358 0
355 0
346 0
338 0
330 0
334 0
340 0
339 0
349 0
353 0
351 0
360 0
354 0
351 0
352 0
345 0
342 0
342 0
342 0
346 0
344 0
346 0
343 0
336 0
341 0
341 0
337 0
345 0
344 0
342 0
345 0
340 0
341 0
343 0
344 0
349 0
350 0
359 0
359 0
359 0
363 0
356 0
349 0
354 0
354 0
355 0
361 0
354 0
348 0
342 0
341 0
342 0
339 0
342 0
341 0
333 0
335 0
333 0
333 0
342 0
341 0
340 0
343 0
343 0
342 0
346 0
348 0
353 0
347 0
350 0
347 0
339 0
344 0
347 0
345 0
355 0
350 0
343 0
344 0
341 0
344 0
347 0
348 0
352 0
350 0
352 0
349 0
342 0
345 0
345 0
339 0
347 0
342 0
343 0
344 0
341 0
341 0
342 0
343 0
346 0
346 0
353 0
358 0
353 0
358 0
354 0
347 0
347 0
340 0
339 0
344 0
341 0
344 0
347 0
349 0
352 0
348 0
348 0
338 0
329 0
333 0
333 0
334 0
346 0
341 0
340 0
345 0
348 0
351 0
354 0
356 0
359 0
355 0
353 0
348 0
345 0
350 0
347 0
343 0
350 0
345 0
343 0
351 0
347 0
341 0
335 0
329 0
329 0
326 0
336 0
344 0
347 0
359 0
361 0
360 0
365 0
357 0
352 0
353 0
347 0
347 0
348 0
348 0
351 0
348 0
349 0
348 0
341 0
345 0
340 0
328 0
329 0
325 0
327 0
335 0
338 0
346 0
350 0
354 0
362 0
361 0
364 0
360 0
355 0
356 0
349 0
340 0
342 0
333 0
328 0
333 0
337 0
342 0
344 0
347 0
348 0
346 0
353 0
357 0
357 0
365 0
364 0
363 0
368 0
360 0
355 0
353 0
345 0
341 0
335 0
334 0
337 0
338 0
348 0
348 0
344 0
348 0
344 0
338 0
341 0
337 0
336 0
338 0
340 0
348 0
347 0
347 0
347 0
345 0
355 0
362 0
362 0
370 0
364 0
355 0
365 0
361 0
356 0
358 0
350 0
344 0
337 0
333 0
331 0
326 0
331 0
332 0
328 0
335 0
333 0
331 0
342 0
345 0
348 0
355 0
352 0
353 0
351 0
350 0
352 0
349 0
356 0
355 0
351 0
355 0
349 0
341 0
343 0
338 0
336 0
334 0
327 0
324 0
322 0
326 0
333 0
339 0
351 0
358 0
359 0
365 0
363 0
362 0
370 0
361 0
354 0
349 0
343 0
341 0
340 0
345 0
348 0
343 0
347 0
343 0
335 0
340 0
336 0
335 0
342 0
336 0
333 0
334 0
330 0
334 0
336 0
343 0
349 0
347 0
353 0
352 0
347 0
352 0
349 0
346 0
351 0
350 0
348 0
351 0
346 0
345 0
342 0
342 0
343 0
341 0
345 0
345 0
342 0
347 0
348 0
347 0
365 0
366 0
367 0
367 0
362 0
357 0
351 0
347 0
346 0
341 0
343 0
337 0
331 0
338 0
338 0
337 0
343 0
334 0
329 0
331 0
333 0
341 0
346 0
349 0
344 0
333 0
336 0
337 0
340 0
354 0
356 0
354 0
358 0
355 0
354 0
360 0
364 0
370 0
367 0
365 0
359 0
348 0
349 0
347 0
342 0
348 0
340 0
334 0
338 0
332 0
335 0
339 0
339 0
338 0
331 0
328 0
330 0
325 0
334 0
336 0
338 0
350 0
351 0
353 0
361 0
361 0
363 0
365 0
357 0
349 0
340 0
336 0
336 0
334 0
342 0
342 0
340 0
346 0
343 0
341 0
346 0
341 0
338 0
340 0
338 0
343 0
343 0
349 0
355 0
356 0
358 0
353 0
344 0
351 0
351 0
355 0
363 0
361 0
362 0
360 0
353 0
346 0
336 0
335 0
340 0
340 0
351 0
352 0
347 0
348 0
337 0
332 0
336 0
330 0
331 0
334 0
333 0
336 0
336 0
341 0
345 0
342 0
352 0
351 0
345 0
350 0
343 0
338 0
342 0
340 0
340 0
336 0
330 0
331 0
329 0
336 0
342 0
347 0
358 0
359 0
356 0
363 0
361 0
359 0
365 0
355 0
350 0
344 0
339 0
338 0
333 0
336 0
339 0
337 0
346 0
346 0
345 0
351 0
350 0
352 0
357 0
352 0
352 0
348 0
345 0
346 0
347 0
351 0
350 0
344 0
351 0
351 0
351 0
362 0
362 0
359 0
363 0
359 0
359 0
356 0
353 0
353 0
346 0
347 0
345 0
341 0
342 0
340 0
337 0
345 0
340 0
341 0
348 0
343 0
343 0
340 0
337 0
338 0
338 0
344 0
348 0
344 0
351 0
348 0
342 0
345 0
339 0
340 0
343 0
337 0
336 0
336 0
337 0
344 0
344 0
349 0
351 0
350 0
355 0
350 0
346 0
351 0
348 0
347 0
352 0
346 0
346 0
344 0
340 0
341 0
340 0
346 0
349 0
352 0
362 0
366 0
367 0
373 0
364 0
356 0
356 0
352 0
354 0
353 0
350 0
347 0
341 0
341 0
340 0
334 0
341 0
339 0
335 0
343 0
340 0
341 0
345 0
341 0
345 0
348 0
347 0
347 0
343 0
344 0
344 0
340 0
349 0
348 0
347 0
351 0
342 0
335 0
334 0
331 0
336 0
341 0
348 0
358 0
358 0
357 0
350 0
343 0
348 0
351 0
352 0
360 0
356 0
357 0
361 0
357 0
358 0
357 0
357 0
356 0
351 0
349 0
346 0
339 0
344 0
342 0
340 0
346 0
341 0
340 0
340 0
339 0
345 0
348 0
347 0
345 0
336 0
331 0
321 0
312 0
319 0
323 0
330 0
346 0
354 0
359 0
368 0
367 0
367 0
365 0
364 0
365 0
358 0
357 0
351 0
343 0
344 0
336 0
335 0
339 0
332 0
329 0
335 0
333 0
338 0
337 0
337 0
337 0
337 0
345 0
352 0
354 0
363 0
363 0
360 0
363 0
358 0
357 0
359 0
355 0
356 0
354 0
351 0
351 0
352 0
359 0
364 0
362 0
366 0
355 0
349 0
349 0
343 0
339 0
344 0
340 0
341 0
337 0
334 0
335 0
331 0
333 0
331 0
328 0
334 0
331 0
332 0
341 0
339 0
344 0
352 0
351 0
354 1
350 1
351 1
347 1
345 1
350 1
352 1
349 1
353 1
349 1
348 1
352 1
345 1
343 1
346 1
341 1
342 1
343 1
342 1
342 1
342 1
343 1
336 1
331 1
335 1
333 1
334 1
343 1
343 1
344 1
346 1
347 1
354 1
355 1
356 1
357 1
351 1
355 1
356 1
352 1
356 1
351 1
351 1
355 1
348 1
343 1
346 1
347 1
354 1
353 1
354 1
348 1
338 1
339 1
337 1
336 1
342 1
339 1
339 1
345 1
343 1
347 1
348 1
342 1
339 1
335 1
336 1
337 1
339 1
348 1
350 1
350 1
358 1
350 1
347 1
347 1
339 1
338 1
335 1
331 1
332 1
332 1
340 1
351 1
355 1
362 1
358 1
353 1
357 1
355 1
355 1
360 1
351 1
345 1
347 1
341 1
343 1
345 1
351 1
355 1
352 1
356 1
354 1
345 1
348 1
346 1
344 1
353 1
349 1
345 1
347 1
342 1
340 1
337 1
338 1
342 1
341 1
345 1
343 1
340 1
349 1
346 1
349 1
356 1
352 1
352 1
354 1
348 1
348 1
341 1
340 1
342 1
341 1
347 1
345 1
345 1
350 1
346 1
344 1
349 1
345 1
346 1
352 1
352 1
358 1
355 1
353 1
347 1
337 1
339 1
337 1
335 1
341 1
337 1
333 1
339 1
338 1
345 1
352 1
352 1
355 1
354 1
358 1
358 1
355 1
361 1
360 1
357 1
361 1
352 1
345 1
344 1
337 1
337 1
338 1
335 1
337 1
334 1
336 1
340 1
341 1
350 1
349 1
347 1
350 1
343 1
337 1
338 1
330 1
329 1
332 1
334 1
342 1
347 1
355 1
358 1
360 1
370 1
371 1
368 1
370 1
363 1
355 1
357 1
345 1
339 1
337 1
336 1
339 1
337 1
333 1
326 1
318 1
331 1
337 1
344 1
356 1
350 1
347 1
349 1
342 1
341 1
340 1
339 1
341 1
337 1
337 1
336 1
335 1
343 1
341 1
339 1
349 1
349 1
356 1
365 1
360 1
359 1
358 1
353 1
349 1
345 1
347 1
345 1
343 1
346 1
341 1
338 1
343 1
338 1
340 1
345 1
343 1
348 1
347 1
343 1
341 1
338 1
343 1
348 1
352 1
363 1
361 1
356 1
356 1
347 1
346 1
349 1
348 1
351 1
349 1
346 1
349 1
351 1
356 1
358 1
353 1
353 1
345 1
339 1
340 1
334 1
334 1
339 1
336 1
340 1
342 1
343 1
349 1
349 1
356 1
357 1
356 1
363 1
364 1
364 1
370 1
364 1
362 1
363 1
355 1
354 1
349 1
342 1
342 1
339 1
341 1
336 1
327 1
329 1
323 1
322 1
334 1
337 1
343 1
352 1
350 1
352 1
349 1
345 1
346 1
342 1
345 1
342 1
338 1
343 1
345 1
349 1
360 1
358 1
358 1
362 1
354 1
352 1
350 1
345 1
344 1
340 1
344 1
345 1
341 1
347 1
343 1
341 1
347 1
342 1
341 1
341 1
336 1
341 1
343 1
346 1
348 1
346 1
346 1
344 1
341 1
347 1
346 1
348 1
354 1
352 1
354 1
360 1
356 1
354 1
350 1
346 1
342 1
335 1
335 1
337 1
337 1
344 1
343 1
342 1
351 1
347 1
346 1
349 1
342 1
343 1
344 1
348 1
354 1
356 1
361 1
353 1
348 1
351 1
346 1
346 1
348 1
339 1
337 1
337 1
337 1
347 1
351 1
351 1
348 1
341 1
341 1
338 1
338 1
349 1
350 1
352 1
360 1
355 1
356 1
356 1
349 1
347 1
344 1
340 1
339 1
332 1
331 1
325 1
320 1
328 1
331 1
339 1
351 1
354 1
363 1
369 1
365 1
364 1
360 1
355 1
351 1
342 1
337 1
328 1
318 1
322 1
322 1
327 1
341 1
341 1
348 1
355 1
361 1
374 1
378 1
376 1
372 1
364 1
359 1
352 1
343 1
347 1
343 1
342 1
346 1
338 1
339 1
342 1
341 1
342 1
339 1
340 1
345 1
342 1
346 1
347 1
344 1
349 1
346 1
345 1
350 1
345 1
349 1
353 1
348 1
349 1
345 1
344 1
339 1
333 1
338 1
335 1
332 1
335 1
326 1
325 1
331 1
330 1
339 1
352 1
359 1
372 1
375 1
377 1
381 1
379 1
382 1
376 1
369 1
364 1
349 1
340 1
340 1
332 1
332 1
335 1
334 1
339 1
341 1
345 1
349 1
348 1
350 1
344 1
336 1
335 1
330 1
331 1
339 1
335 1
338 1
347 1
344 1
348 1
347 1
349 1
349 1
350 1
357 1
356 1
354 1
360 1
358 1
361 1
363 1
355 1
356 1
348 1
335 1
328 1
322 1
319 1
319 1
314 1
322 1
323 1
328 1
341 1
336 1
344 1
354 1
358 1
371 1
377 1
373 1
371 1
362 1
358 1
356 1
350 1
351 1
347 1
345 1
348 1
341 1
343 1
352 1
349 1
352 1
353 1
346 1
348 1
346 1
342 1
334 1
325 1
325 1
323 1
319 1
331 1
331 1
333 1
343 1
340 1
345 1
348 1
346 1
347 1
345 1
345 1
347 1
348 1
350 1
349 1
345 1
353 1
348 1
348 1
355 1
351 1
352 1
350 1
345 1
341 1
336 1
336 1
336 1
334 1
336 1
334 1
333 1
339 1
337 1
342 1
347 1
345 1
347 1
352 1
350 1
355 1
360 1
364 1
363 1
359 1
362 1
357 1
355 1
360 1
353 1
348 1
349 1
344 1
349 1
348 1
343 1
344 1
339 1
338 1
338 1
337 1
342 1
342 1
344 1
351 1
344 1
341 1
343 1
333 1
333 1
336 1
334 1
337 1
337 1
339 1
338 1
337 1
344 1
344 1
347 1
357 1
356 1
361 1
365 1
359 1
361 1
364 1
362 1
367 1
367 1
366 1
357 1
349 1
348 1
340 1
337 1
340 1
337 1
341 1
345 1
341 1
343 1
344 1
342 1
343 1
339 1
341 1
341 1
342 1
345 1
335 1
331 1
333 1
326 1
331 1
338 1
335 1
339 1
342 1
342 1
347 1
346 1
349 1
347 1
342 1
348 1
350 1
354 1
359 1
349 1
346 1
347 1
341 1
347 1
350 1
346 1
347 1
342 1
344 1
345 1
347 1
356 1
355 1
354 1
360 1
357 1
360 1
366 1
361 1
365 1
362 1
354 1
349 1
341 1
336 1
330 1
325 1
328 1
325 1
329 1
338 1
332 1
332 1
337 1
339 1
351 1
358 1
358 1
357 1
350 1
349 1
350 1
349 1
353 1
346 1
345 1
351 1
346 1
349 1
351 1
348 1
347 1
349 1
347 1
348 1
345 1
344 1
336 1
328 1
330 1
324 1
323 1
335 1
335 1
341 1
348 1
344 1
348 1
348 1
345 1
344 1
340 1
343 1
347 1
351 1
358 1
352 1
347 1
354 1
346 1
347 1
353 1
352 1
358 1
357 1
350 1
344 1
338 1
342 1
347 1
348 1
355 1
350 1
348 1
353 1
347 1
350 1
351 1
344 1
344 1
344 1
336 1
333 1
332 1
336 1
338 1
337 1
345 1
343 1
347 1
353 1
350 1
355 1
359 1
357 1
362 1
362 1
362 1
366 1
365 1
362 1
353 1
346 1
345 1
340 1
343 1
349 1
340 1
338 1
338 1
332 1
336 1
338 1
343 1
351 1
355 1
360 1
359 1
353 1
351 1
341 1
334 1
340 1
332 1
334 1
336 1
334 1
344 1
353 1
358 1
367 1
370 1
371 1
365 1
359 1
362 1
357 1
352 1
358 1
346 1
338 1
336 1
328 1
333 1
335 1
341 1
352 1
357 1
362 1
360 1
356 1
352 1
339 1
333 1
336 1
330 1
335 1
341 1
338 1
341 1
342 1
344 1
344 1
345 1
349 1
351 1
349 1
354 1
351 1
352 1
358 1
351 1
350 1
349 1
338 1
338 1
334 1
329 1
326 1
321 1
327 1
328 1
332 1
342 1
339 1
342 1
351 1
349 1
352 1
358 1
358 1
367 1
370 1
370 1
372 1
365 1
360 1
350 1
341 1
342 1
337 1
338 1
345 1
337 1
336 1
338 1
334 1
338 1
342 1
349 1
355 1
358 1
358 1
353 1
347 1
349 1
342 1
343 1
347 1
340 1
347 1
352 1
349 1
353 1
353 1
349 1
349 1
347 1
352 1
351 1
351 1
355 1
346 1
342 1
347 1
340 1
342 1
342 1
335 1
338 1
339 1
341 1
347 1
348 1
353 1
350 1
348 1
352 1
349 1
353 1
359 1
351 1
352 1
352 1
343 1
339 1
331 1
325 1
320 1
316 1
320 1
320 1
324 1
336 1
340 1
352 1
362 1
360 1
363 1
363 1
355 1
356 1
354 1
352 1
354 1
355 1
361 1
360 1
359 1
360 1
346 1
343 1
347 1
346 1
350 1
362 1
364 1
372 1
370 1
364 1
355 1
345 1
341 1
335 1
334 1
337 1
331 1
331 1
340 1
338 1
347 1
352 1
352 1
353 1
350 1
346 1
341 1
333 1
335 1
333 1
331 1
336 1
331 1
337 1
348 1
349 1
357 1
357 1
351 1
349 1
344 1
338 1
334 1
331 1
339 1
346 1
353 1
360 1
350 1
349 1
349 1
340 1
338 1
337 1
331 1
334 1
336 1
342 1
349 1
352 1
359 1
355 1
353 1
358 1
351 1
349 1
353 1
345 1
347 1
348 1
341 1
340 1
337 1
339 1
342 1
341 1
345 1
342 1
339 1
346 1
344 1
350 1
357 1
351 1
352 1
350 1
345 1
347 1
349 1
349 1
347 1
344 1
344 1
336 1
335 1
343 1
338 1
343 1
348 1
341 1
343 1
343 1
343 1
352 1
354 1
358 1
360 1
357 1
356 1
350 1
348 1
351 1
341 1
341 1
346 1
339 1
340 1
340 1
337 1
343 1
342 1
341 1
338 1
336 1
342 1
347 1
353 1
363 1
357 1
359 1
358 1
348 1
349 1
348 1
343 1
344 1
341 1
340 1
342 1
343 1
351 1
345 1
345 1
353 1
350 1
352 1
354 1
344 1
339 1
337 1
333 1
335 1
336 1
340 1
344 1
347 1
351 1
350 1
352 1
358 1
353 1
356 1
362 1
356 1
358 1
356 1
353 1
353 1
351 1
349 1
342 1
338 1
342 1
340 1
341 1
345 1
340 1
346 1
351 1
349 1
355 1
353 1
351 1
352 1
349 1
346 1
341 1
337 1
341 1
336 1
334 1
344 1
337 1
342 1
349 1
349 1
357 1
361 1
363 1
371 1
369 1
367 1
362 1
360 1
359 1
350 1
345 1
343 1
331 1
329 1
331 1
325 1
331 1
335 1
338 1
346 1
351 1
357 1
359 1
361 1
362 1
353 1
347 1
349 1
342 1
347 1
350 1
344 1
346 1
342 1
335 1
329 1
330 1
331 1
331 1
334 1
341 1
337 1
340 1
349 1
345 1
347 1
354 1
349 1
351 1
349 1
344 1
343 1
340 1
340 1
337 1
339 1
347 1
347 1
354 1
365 1
357 1
357 1
360 1
351 1
350 1
347 1
343 1
343 1
343 1
347 1
349 1
348 1
348 1
336 1
328 1
334 1
328 1
334 1
339 1
339 1
352 1
357 1
357 1
361 1
361 1
360 1
357 1
355 1
359 1
351 1
352 1
355 1
346 1
344 1
341 1
334 1
337 1
339 1
337 1
338 1
335 1
335 1
328 1
326 1
329 1
321 1
324 1
335 1
339 1
351 1
358 1
349 1
346 1
343 1
338 1
339 1
341 1
349 1
354 1
357 1
360 1
356 1
359 1
367 1
363 1
366 1
366 1
362 1
364 1
361 1
355 1
348 1
341 1
341 1
342 1
349 1
355 1
344 1
337 1
339 1
333 1
338 1
341 1
335 1
336 1
336 1
336 1
340 1
340 1
342 1
339 1
339 1
339 1
327 1
326 1
331 1
329 1
340 1
348 1
344 1
348 1
348 1
349 1
352 1
352 1
356 1
353 1
353 1
356 1
351 1
356 1
365 1
362 1
369 1
373 1
365 1
364 1
358 1
350 1
346 1
342 1
342 1
334 1
331 1
338 1
335 1
340 1
347 1
340 1
341 1
342 1
333 1
334 1
336 1
339 1
345 1
349 1
357 1
356 1
358 1
359 1
346 1
342 1
342 1
336 1
342 1
350 1
347 1
349 1
348 1
349 1
353 1
355 1
361 1
356 1
352 1
352 1
344 1
339 1
342 1
331 1
331 1
332 1
332 1
343 1
350 1
352 1
352 1
348 1
349 1
347 1
348 1
352 1
346 1
349 1
354 1
345 1
345 1
345 1
343 1
348 1
347 1
347 1
351 1
353 1
356 1
351 1
347 1
347 1
337 1
339 1
343 1
332 1
333 1
335 1
332 1
339 1
342 1
343 1
342 1
340 1
344 1
341 1
339 1
349 1
349 1
356 1
362 1
354 1
352 1
349 1
340 1
341 1
341 1
341 1
341 1
344 1
348 1
344 1
344 1
353 1
347 1
350 1
357 1
354 1
356 1
356 1
351 1
349 1
347 1
345 1
347 1
348 1
347 1
338 1
337 1
340 1
336 1
344 1
351 1
347 1
353 1
357 1
354 1
356 1
354 1
352 1
347 1
344 1
346 1
341 1
340 1
344 1
336 1
340 1
343 1
335 1
340 1
340 1
332 1
333 1
336 1
340 1
346 1
348 1
350 1
341 1
341 1
352 1
348 1
354 1
360 1
357 1
363 1
363 1
358 1
358 1
356 1
353 1
351 1
348 1
352 1
350 1
351 1
353 1
343 1
341 1
342 1
333 1
336 1
340 1
335 1
339 1
343 1
347 1
347 1
346 1
347 1
339 1
340 1
343 1
341 1
343 1
347 1
337 1
339 1
336 1
329 1
330 1
333 1
338 1
343 1
351 1
357 1
356 1
359 1
363 1
353 1
355 1
357 1
345 1
340 1
340 1
337 1
341 1
344 1
349 1
352 1
356 1
362 1
358 1
360 1
361 1
352 1
349 1
352 1
339 1
338 1
335 1
326 1
327 1
328 1
331 1
332 1
330 1
332 1
326 1
326 1
339 1
342 1
351 1
362 1
361 1
369 1
374 1
373 1
374 1
371 1
361 1
350 1
346 1
345 1
337 1
339 1
339 1
331 1
333 1
339 1
334 1
335 1
333 1
329 1
330 1
335 1
339 1
344 1
350 1
355 1
351 1
353 1
357 1
348 1
349 1
355 1
355 1
365 1
368 1
363 1
358 1
353 1
353 1
353 1
354 1
354 1
343 1
341 1
341 1
334 1
336 1
341 1
334 1
341 1
345 1
345 1
349 1
349 1
344 1
337 1
338 1
341 1
336 1
336 1
346 1
342 1
347 1
353 1
348 1
353 1
355 1
350 1
348 1
343 1
343 1
344 1
344 1
346 1
339 1
341 1
349 1
346 1
353 1
360 1
350 1
351 1
350 1
345 1
345 1
347 1
349 1
346 1
346 1
349 1
346 1
347 1
352 1
347 1
349 1
353 1
347 1
351 1
350 1
346 1
347 1
348 1
350 1
352 1
356 1
357 1
346 1
341 1
341 1
333 1
337 1
343 1
339 1
344 1
346 1
347 1
353 1
356 1
356 1
350 1
348 1
345 1
334 1
332 1
335 1
332 1
343 1
356 1
355 1
361 1
364 1
360 1
360 1
357 1
355 1
349 1
348 1
352 1
347 1
348 1
356 1
347 1
349 1
349 1
342 1
348 1
348 1
341 1
335 1
329 1
325 1
321 1
325 1
335 1
334 1
339 1
351 1
350 1
358 1
366 1
363 1
367 1
366 1
364 1
362 1
357 1
355 1
349 1
345 1
343 1
331 1
330 1
333 1
328 1
332 1
339 1
334 1
338 1
339 1
340 1
345 1
351 1
353 1
343 1
336 1
339 1
336 1
345 1
356 1
357 1
366 1
368 1
361 1
360 1
355 1
348 1
348 1
347 1
346 1
336 1
333 1
330 1
319 1
323 1
331 1
330 1
341 1
351 1
350 1
355 1
352 1
345 1
338 1
338 1
343 1
346 1
349 1
360 1
357 1
362 1
373 1
368 1
370 1
369 1
356 1
350 1
344 1
339 1
338 1
338 1
339 1
336 1
337 1
345 1
341 1
345 1
350 1
346 1
355 1
357 1
350 1
352 1
347 1
344 1
347 1
348 1
349 1
343 1
341 1
345 1
338 1
342 1
348 1
335 1
334 1
331 1
323 1
323 1
323 1
326 1
333 1
344 1
354 1
355 1
359 1
362 1
355 1
360 1
365 1
357 1
362 1
364 1
355 1
356 1
356 1
352 1
350 1
348 1
349 1
346 1
347 1
351 1
344 1
344 1
345 1
334 1
333 1
332 1
327 1
332 1
334 1
334 1
334 1
336 1
341 1
336 1
340 1
348 1
346 1
355 1
363 1
356 1
356 1
356 1
347 1
346 1
345 1
343 1
342 1
340 1
342 1
338 1
337 1
346 1
340 1
346 1
353 1
347 1
357 1
362 1
355 1
353 1
347 1
341 1
337 1
341 1
346 1
341 1
342 1
348 1
342 1
345 1
350 1
345 1
352 1
357 1
356 1
367 1
371 1
369 1
365 1
365 1
360 1
345 1
336 1
333 1
322 1
327 1
330 1
319 1
322 1
325 1
329 1
341 1
348 1
351 1
352 1
353 1
356 1
353 1
355 1
359 1
352 1
354 1
356 1
345 1
346 1
349 1
348 1
354 1
356 1
353 1
349 1
347 1
349 1
340 1
342 1
344 1
335 1
335 1
340 1
333 1
340 1
342 1
338 1
344 1
347 1
349 0
349 0
351 0
353 0
351 0
354 0
359 0
353 0
357 0
363 0
351 0
349 0
346 0
339 0
343 0
344 0
347 0
349 0
352 0
357 0
356 0
357 0
359 0
347 0
345 0
343 0
331 0
333 0
337 0
332 0
335 0
335 0
330 0
327 0
329 0
333 0
331 0
333 0
343 0
343 0
350 0
360 0
356 0
359 0
359 0
353 0
354 0
354 0
353 0
352 0
353 0
352 0
344 0
345 0
347 0
337 0
341 0
348 0
341 0
346 0
348 0
346 0
347 0
344 0
341 0
334 0
330 0
333 0
333 0
341 0
351 0
352 0
365 0
374 0
368 0
374 0
374 0
365 0
362 0
361 0
359 0
351 0
344 0
339 0
326 0
330 0
339 0
337 0
346 0
354 0
350 0
355 0
353 0
345 0
344 0
342 0
340 0
340 0
344 0
349 0
347 0
357 0
361 0
351 0
353 0
357 0
348 0
350 0
345 0
333 0
328 0
325 0
327 0
329 0
335 0
337 0
330 0
331 0
335 0
328 0
333 0
341 0
338 0
347 0
350 0
344 0
341 0
336 0
335 0
334 0
340 0
347 0
344 0
349 0
357 0
349 0
353 0
352 0
343 0
351 0
354 0
354 0
360 0
365 0
367 0
366 0
366 0
364 0
357 0
357 0
361 0
349 0
350 0
351 0
337 0
336 0
336 0
332 0
331 0
329 0
327 0
326 0
331 0
341 0
342 0
351 0
359 0
350 0
356 0
361 0
354 0
359 0
362 0
358 0
359 0
361 0
360 0
355 0
355 0
356 0
346 0
346 0
346 0
334 0
333 0
335 0
328 0
334 0
337 0
334 0
337 0
338 0
338 0
333 0
337 0
340 0
334 0
340 0
351 0
350 0
361 0
370 0
363 0
365 0
365 0
355 0
351 0
347 0
345 0
342 0
344 0
349 0
343 0
344 0
341 0
325 0
323 0
323 0
316 0
325 0
335 0
339 0
347 0
353 0
352 0
347 0
348 0
352 0
348 0
351 0
357 0
348 0
350 0
352 0
344 0
347 0
349 0
348 0
353 0
356 0
355 0
347 0
346 0
346 0
337 0
338 0
340 0
327 0
331 0
336 0
333 0
342 0
346 0
341 0
336 0
330 0
328 0
329 0
344 0
359 0
363 0
370 0
374 0
360 0
359 0
355 0
346 0
351 0
356 0
357 0
363 0
365 0
364 0
353 0
347 0
349 0
337 0
334 0
338 0
326 0
330 0
334 0
331 0
336 0
339 0
337 0
342 0
345 0
345 0
335 0
333 0
336 0
330 0
339 0
347 0
341 0
347 0
352 0
344 0
346 0
344 0
337 0
332 0
331 0
332 0
335 0
342 0
354 0
352 0
359 0
363 0
355 0
360 0
364 0
356 0
361 0
363 0
362 0
366 0
372 0
371 0
363 0
358 0
355 0
341 0
340 0
341 0
331 0
333 0
337 0
330 0
335 0
340 0
339 0
344 0
348 0
351 0
344 0
347 0
349 0
340 0
341 0
346 0
337 0
345 0
353 0
351 0
361 0
367 0
362 0
357 0
354 0
349 0
338 0
334 0
332 0
323 0
326 0
331 0
327 0
338 0
347 0
343 0
349 0
354 0
354 0
359 0
367 0
368 0
364 0
365 0
365 0
352 0
351 0
351 0
339 0
336 0
336 0
327 0
331 0
339 0
344 0
352 0
361 0
364 0
362 0
366 0
364 0
347 0
340 0
337 0
323 0
328 0
332 0
329 0
337 0
342 0
343 0
341 0
340 0
340 0
337 0
344 0
353 0
352 0
360 0
365 0
355 0
361 0
361 0
352 0
354 0
352 0
345 0
339 0
336 0
334 0
327 0
332 0
339 0
335 0
344 0
354 0
350 0
356 0
361 0
354 0
357 0
356 0
350 0
345 0
340 0
336 0
329 0
331 0
339 0
336 0
347 0
355 0
344 0
342 0
339 0
329 0
329 0
334 0
338 0
345 0
354 0
358 0
354 0
352 0
353 0
340 0
338 0
341 0
329 0
331 0
332 0
329 0
342 0
356 0
363 0
365 0
368 0
364 0
353 0
354 0
359 0
351 0
353 0
355 0
342 0
343 0
345 0
340 0
343 0
345 0
343 0
340 0
340 0
340 0
335 0
344 0
351 0
341 0
345 0
349 0
338 0
345 0
350 0
342 0
341 0
339 0
338 0
337 0
342 0
346 0
344 0
351 0
359 0
355 0
361 0
365 0
351 0
350 0
344 0
330 0
327 0
332 0
331 0
332 0
340 0
346 0
342 0
348 0
354 0
345 0
349 0
351 0
343 0
348 0
354 0
352 0
358 0
359 0
353 0
350 0
353 0
356 0
352 0
356 0
358 0
343 0
343 0
342 0
330 0
335 0
337 0
334 0
339 0
342 0
344 0
345 0
351 0
354 0
348 0
350 0
353 0
345 0
353 0
358 0
351 0
356 0
354 0
345 0
342 0
341 0
338 0
334 0
336 0
337 0
330 0
336 0
341 0
332 0
340 0
347 0
341 0
348 0
351 0
344 0
346 0
346 0
345 0
345 0
350 0
354 0
349 0
350 0
353 0
341 0
344 0
348 0
338 0
343 0
345 0
337 0
340 0
343 0
343 0
341 0
345 0
349 0
346 0
352 0
356 0
344 0
345 0
348 0
339 0
345 0
346 0
341 0
346 0
356 0
359 0
358 0
358 0
352 0
335 0
335 0
341 0
337 0
352 0
361 0
357 0
361 0
360 0
348 0
344 0
342 0
339 0
337 0
344 0
345 0
338 0
344 0
348 0
339 0
347 0
351 0
341 0
346 0
351 0
348 0
352 0
356 0
353 0
343 0
340 0
338 0
331 0
339 0
354 0
352 0
359 0
360 0
347 0
347 0
345 0
336 0
336 0
338 0
341 0
347 0
355 0
360 0
349 0
349 0
349 0
334 0
336 0
343 0
338 0
347 0
353 0
351 0
354 0
358 0
355 0
349 0
345 0
337 0
321 0
322 0
327 0
325 0
341 0
356 0
356 0
367 0
374 0
370 0
369 0
367 0
359 0
349 0
348 0
346 0
337 0
339 0
345 0
338 0
348 0
351 0
341 0
343 0
344 0
339 0
339 0
343 0
344 0
344 0
348 0
352 0
340 0
341 0
343 0
329 0
332 0
332 0
326 0
336 0
349 0
354 0
361 0
364 0
361 0
356 0
358 0
363 0
358 0
366 0
371 0
359 0
362 0
362 0
349 0
350 0
350 0
342 0
337 0
333 0
330 0
328 0
338 0
347 0
341 0
344 0
344 0
331 0
338 0
344 0
337 0
344 0
348 0
343 0
342 0
344 0
344 0
342 0
349 0
356 0
347 0
351 0
353 0
339 0
341 0
341 0
330 0
328 0
330 0
323 0
320 0
320 0
322 0
326 0
343 0
354 0
350 0
358 0
361 0
351 0
357 0
360 0
353 0
357 0
361 0
358 0
360 0
366 0
363 0
351 0
347 0
345 0
333 0
336 0
339 0
332 0
342 0
350 0
352 0
365 0
369 0
360 0
352 0
348 0
344 0
337 0
341 0
343 0
331 0
331 0
337 0
333 0
347 0
358 0
356 0
360 0
360 0
351 0
345 0
343 0
340 0
337 0
344 0
354 0
349 0
354 0
355 0
344 0
351 0
353 0
346 0
352 0
355 0
348 0
343 0
344 0
344 0
340 0
342 0
345 0
338 0
344 0
349 0
341 0
350 0
355 0
348 0
351 0
352 0
347 0
343 0
344 0
344 0
342 0
348 0
355 0
349 0
356 0
361 0
347 0
347 0
345 0
339 0
344 0
349 0
348 0
349 0
351 0
347 0
336 0
334 0
334 0
322 0
329 0
335 0
328 0
339 0
347 0
347 0
355 0
363 0
362 0
359 0
358 0
354 0
343 0
344 0
345 0
332 0
335 0
337 0
329 0
341 0
348 0
344 0
350 0
353 0
350 0
349 0
351 0
349 0
341 0
344 0
354 0
346 0
352 0
357 0
343 0
344 0
341 0
331 0
329 0
332 0
330 0
332 0
334 0
335 0
329 0
335 0
340 0
333 0
340 0
352 0
346 0
356 0
364 0
358 0
363 0
366 0
362 0
354 0
355 0
353 0
344 0
347 0
351 0
345 0
352 0
353 0
341 0
342 0
345 0
340 0
347 0
352 0
350 0
350 0
355 0
355 0
345 0
347 0
350 0
341 0
349 0
353 0
345 0
349 0
351 0
344 0
346 0
350 0
349 0
347 0
352 0
350 0
341 0
340 0
345 0
337 0
341 0
348 0
338 0
345 0
350 0
347 0
355 0
359 0
356 0
351 0
351 0
349 0
339 0
339 0
345 0
334 0
339 0
343 0
335 0
344 0
349 0
344 0
348 0
351 0
349 0
349 0
354 0
356 0
349 0
353 0
355 0
337 0
334 0
334 0
322 0
329 0
337 0
338 0
346 0
353 0
355 0
358 0
361 0
360 0
349 0
351 0
354 0
345 0
352 0
357 0
348 0
352 0
357 0
349 0
348 0
349 0
344 0
337 0
338 0
339 0
331 0
336 0
345 0
341 0
348 0
352 0
341 0
348 0
353 0
348 0
350 0
353 0
351 0
349 0
354 0
358 0
351 0
352 0
355 0
343 0
349 0
354 0
344 0
349 0
352 0
349 0
351 0
355 0
354 0
352 0
356 0
356 0
346 0
348 0
344 0
327 0
330 0
333 0
327 0
339 0
350 0
347 0
350 0
352 0
347 0
339 0
340 0
344 0
338 0
342 0
350 0
343 0
353 0
359 0
351 0
352 0
351 0
343 0
346 0
349 0
346 0
343 0
350 0
354 0
348 0
351 0
352 0
339 0
344 0
350 0
344 0
350 0
354 0
347 0
345 0
347 0
344 0
342 0
348 0
350 0
341 0
348 0
351 0
342 0
349 0
352 0
343 0
346 0
349 0
344 0
343 0
347 0
345 0
339 0
340 0
340 0
327 0
331 0
336 0
331 0
342 0
347 0
339 0
342 0
344 0
341 0
349 0
359 0
364 0
365 0
374 0
376 0
364 0
366 0
367 0
351 0
352 0
352 0
338 0
339 0
337 0
329 0
329 0
331 0
332 0
332 0
339 0
348 0
347 0
359 0
365 0
356 0
359 0
361 0
351 0
353 0
357 0
345 0
340 0
341 0
339 0
338 0
342 0
347 0
340 0
345 0
345 0
327 0
324 0
325 0
317 0
324 0
329 0
332 0
343 0
355 0
361 0
364 0
374 0
375 0
363 0
364 0
365 0
350 0
353 0
355 0
343 0
342 0
343 0
339 0
340 0
345 0
343 0
340 0
345 0
350 0
342 0
348 0
352 0
341 0
347 0
347 0
338 0
345 0
354 0
354 0
357 0
363 0
363 0
358 0
357 0
359 0
345 0
342 0
347 0
335 0
343 0
347 0
337 0
341 0
341 0
333 0
329 0
329 0
329 0
327 0
337 0
341 0
335 0
343 0
350 0
346 0
353 0
361 0
352 0
353 0
355 0
348 0
347 0
349 0
346 0
339 0
341 0
347 0
340 0
349 0
351 0
338 0
341 0
341 0
333 0
337 0
344 0
340 0
339 0
343 0
341 0
333 0
338 0
345 0
340 0
347 0
354 0
345 0
359 0
367 0
361 0
364 0
363 0
356 0
353 0
356 0
352 0
342 0
348 0
353 0
346 0
352 0
351 0
337 0
341 0
346 0
342 0
349 0
354 0
348 0
346 0
345 0
343 0
337 0
341 0
343 0
331 0
338 0
341 0
329 0
333 0
338 0
332 0
342 0
350 0
347 0
345 0
348 0
347 0
341 0
348 0
353 0
345 0
347 0
351 0
343 0
347 0
356 0
350 0
353 0
355 0
350 0
350 0
356 0
356 0
348 0
349 0
345 0
333 0
336 0
340 0
329 0
336 0
344 0
341 0
346 0
354 0
352 0
350 0
356 0
356 0
350 0
355 0
357 0
344 0
346 0
345 0
328 0
330 0
333 0
328 0
335 0
344 0
347 0
352 0
361 0
365 0
359 0
363 0
364 0
353 0
358 0
358 0
345 0
348 0
350 0
339 0
341 0
343 0
336 0
334 0
336 0
339 0
337 0
350 0
356 0
346 0
355 0
360 0
351 0
358 0
364 0
360 0
363 0
367 0
361 0
353 0
352 0
349 0
341 0
343 0
346 0
334 0
340 0
344 0
332 0
342 0
345 0
336 0
336 0
340 0
338 0
337 0
344 0
347 0
339 0
344 0
347 0
338 0
347 0
352 0
343 0
347 0
349 0
340 0
342 0
346 0
343 0
343 0
349 0
351 0
341 0
344 0
347 0
338 0
349 0
358 0
345 0
344 0
340 0
331 0
334 0
341 0
344 0
348 0
357 0
359 0
354 0
360 0
361 0
350 0
357 0
359 0
348 0
351 0
352 0
340 0
340 0
345 0
345 0
345 0
349 0
347 0
335 0
340 0
345 0
335 0
341 0
344 0
335 0
340 0
345 0
337 0
340 0
348 0
347 0
347 0
352 0
352 0
342 0
349 0
352 0
341 0
348 0
350 0
339 0
346 0
351 0
344 0
343 0
345 0
341 0
338 0
346 0
352 0
352 0
362 0
367 0
355 0
356 0
355 0
341 0
345 0
348 0
341 0
343 0
347 0
344 0
337 0
343 0
347 0
342 0
353 0
360 0
348 0
351 0
351 0
338 0
340 0
341 0
333 0
335 0
339 0
339 0
341 0
354 0
358 0
354 0
361 0
365 0
352 0
359 0
362 0
347 0
351 0
350 0
344 0
345 0
348 0
346 0
339 0
344 0
346 0
340 0
350 0
353 0
342 0
349 0
351 0
339 0
341 0
345 0
338 0
341 0
346 0
342 0
338 0
343 0
347 0
337 0
344 0
351 0
344 0
356 0
361 0
351 0
355 0
357 0
350 0
346 0
343 0
337 0
334 0
341 0
343 0
332 0
336 0
334 0
318 0
325 0
334 0
328 0
341 0
350 0
348 0
353 0
359 0
361 0
359 0
365 0
364 0
350 0
351 0
348 0
336 0
343 0
351 0
348 0
358 0
364 0
355 0
352 0
356 0
350 0
341 0
346 0
347 0
336 0
338 0
340 0
331 0
340 0
351 0
349 0
357 0
361 0
353 0
351 0
353 0
351 0
346 0
352 0
354 0
344 0
350 0
352 0
341 0
348 0
352 0
337 0
335 0
332 0
324 0
323 0
329 0
332 0
332 0
342 0
351 0
346 0
355 0
360 0
351 0
358 0
365 0
357 0
365 0
368 0
360 0
359 0
364 0
360 0
354 0
358 0
356 0
342 0
341 0
341 0
329 0
335 0
341 0
333 0
337 0
339 0
331 0
330 0
335 0
337 0
339 0
351 0
357 0
349 0
358 0
362 0
354 0
359 0
363 0
350 0
348 0
349 0
344 0
343 0
348 0
348 0
339 0
344 0
349 0
341 0
350 0
354 0
340 0
341 0
342 0
328 0
330 0
333 0
328 0
328 0
338 0
342 0
341 0
353 0
360 0
351 0
358 0
358 0
346 0
352 0
357 0
346 0
349 0
352 0
347 0
347 0
352 0
349 0
341 0
347 0
347 0
335 0
344 0
349 0
342 0
353 0
358 0
342 0
