354 0
345 0
329 0
341 0
342 0
331 0
348 0
353 0
336 0
346 0
330 0
347 0
352 0
342 0
360 0
364 0
346 0
354 0
360 0
344 0
348 0
360 0
351 0
345 0
354 0
345 0
329 0
341 0
342 0
331 0
348 0
353 0
336 0
346 0
350 0
348 0
349 0
348 0
348 0
348 0
348 0
349 0
348 0
349 0
350 0
350 0
352 0
356 0
362 0
348 0
353 0
360 0
349 0
346 0
352 0
346 0
333 0
344 0
342 0
330 0
345 0
351 0
340 0
351 0
361 0
349 0
355 0
365 0
356 0
352 0
360 0
352 0
340 0
352 0
350 0
337 0
349 0
353 0
336 0
345 0
347 0
335 0
346 0
356 0
351 0
348 0
357 0
349 0
337 0
354 0
356 0
346 0
358 0
357 0
337 0
343 0
347 0
337 0
343 0
352 0
342 0
344 0
359 0
361 0
356 0
369 0
368 0
352 0
357 0
355 0
338 0
349 0
356 0
347 0
349 0
356 0
342 0
333 0
342 0
340 0
333 0
349 0
354 0
339 0
349 0
355 0
338 0
348 0
356 0
340 0
348 0
354 0
348 0
343 0
354 0
352 0
344 0
363 0
367 0
357 0
369 0
371 0
358 0
362 0
366 0
345 0
345 0
355 0
344 0
339 0
354 0
355 0
345 0
356 0
351 0
334 0
344 0
347 0
334 0
346 0
357 0
347 0
349 0
359 0
356 0
349 0
364 0
360 0
348 0
359 0
359 0
346 0
352 0
353 0
334 0
342 0
346 0
334 0
338 0
348 0
341 0
336 0
348 0
346 0
332 0
347 0
354 0
342 0
359 0
365 0
353 0
358 0
362 0
348 0
348 0
356 0
352 0
351 0
361 0
359 0
345 0
359 0
358 0
348 0
360 0
365 0
348 0
354 0
360 0
345 0
341 0
349 0
344 0
335 0
343 0
334 0
318 0
329 0
331 0
325 0
338 0
345 0
335 0
345 0
352 0
348 0
353 0
368 0
366 0
361 0
376 0
374 0
362 0
368 0
365 0
344 0
353 0
357 0
341 0
342 0
347 0
337 0
336 0
341 0
333 0
324 0
330 0
328 0
317 0
336 0
344 0
334 0
349 0
358 0
346 0
355 0
363 0
354 0
354 0
362 0
358 0
351 0
364 0
368 0
360 0
372 0
374 0
359 0
363 0
361 0
343 0
344 0
345 0
333 0
333 0
346 0
340 0
333 0
344 0
345 0
334 0
351 0
359 0
344 0
354 0
359 0
349 0
354 0
360 0
348 0
343 0
350 0
345 0
339 0
351 0
351 0
341 0
358 0
361 0
349 0
355 0
356 0
341 0
344 0
354 0
345 0
343 0
354 0
351 0
338 0
347 0
344 0
328 0
337 0
338 0
325 0
334 0
342 0
335 0
349 0
364 0
364 0
363 0
376 0
369 0
359 0
367 0
363 0
346 0
353 0
352 0
335 0
343 0
348 0
337 0
343 0
354 0
348 0
346 0
352 0
346 0
336 0
348 0
349 0
337 0
350 0
354 0
343 0
352 0
359 0
344 0
348 0
354 0
345 0
342 0
353 0
352 0
345 0
359 0
360 0
348 0
356 0
358 0
344 0
354 0
361 0
348 0
353 0
360 0
351 0
345 0
353 0
346 0
334 0
343 0
344 0
331 0
345 0
351 0
338 0
350 0
360 0
352 0
353 0
358 0
345 0
340 0
348 0
344 0
336 0
348 0
348 0
336 0
349 0
348 0
333 0
340 0
349 0
342 0
346 0
350 0
338 0
329 0
340 0
343 0
337 0
353 0
357 0
349 0
362 0
361 0
345 0
351 0
358 0
352 0
358 0
369 0
366 0
360 0
368 0
358 0
340 0
348 0
349 0
336 0
345 0
350 0
335 0
343 0
348 0
340 0
342 0
350 0
343 0
338 0
350 0
350 0
341 0
350 0
350 0
335 0
349 0
354 0
341 0
346 0
349 0
337 0
339 0
349 0
344 0
337 0
347 0
348 0
338 0
356 0
361 0
348 0
359 0
362 0
344 0
349 0
352 0
340 0
341 0
351 0
350 0
344 0
352 0
347 0
335 0
347 0
350 0
342 0
353 0
359 0
346 0
353 0
359 0
352 0
351 0
356 0
347 0
338 0
347 0
344 0
334 0
346 0
349 0
340 0
353 0
359 0
348 0
354 0
361 0
350 0
348 0
352 0
342 0
331 0
341 0
342 0
335 0
351 0
355 0
342 0
349 0
353 0
342 0
353 0
358 0
347 0
349 0
353 0
345 0
336 0
346 0
344 0
334 0
348 0
356 0
344 0
355 0
364 0
357 0
364 0
368 0
354 0
346 0
345 0
335 0
327 0
336 0
338 0
331 0
341 0
345 0
335 0
349 0
358 0
351 0
360 0
370 0
362 0
361 0
369 0
366 0
356 0
364 0
359 0
344 0
348 0
345 0
333 0
338 0
344 0
335 0
343 0
348 0
339 0
340 0
353 0
355 0
351 0
361 0
356 0
341 0
350 0
356 0
349 0
363 0
368 0
358 0
359 0
362 0
354 0
348 0
352 0
346 0
336 0
344 0
344 0
335 0
347 0
354 0
346 0
361 0
369 0
362 0
368 0
373 0
368 0
366 0
374 0
373 0
361 0
366 0
360 0
342 0
347 0
345 0
335 0
341 0
345 0
333 0
340 0
347 0
341 0
339 0
345 0
341 0
334 0
344 0
347 0
338 0
348 0
354 0
342 0
350 0
353 0
342 0
345 0
349 0
345 0
344 0
355 0
357 0
352 0
362 0
364 0
356 0
363 0
365 0
353 0
362 0
367 0
356 0
357 0
361 0
351 0
343 0
348 0
344 0
335 0
344 0
344 0
333 0
342 0
344 0
335 0
343 0
351 0
351 0
359 0
369 0
366 0
363 0
368 0
361 0
345 0
353 0
351 0
340 0
345 0
345 0
327 0
333 0
340 0
334 0
341 0
353 0
356 0
356 0
367 0
368 0
356 0
365 0
363 0
349 0
353 0
352 0
339 0
346 0
355 0
350 0
357 0
371 0
370 0
367 0
372 0
367 0
355 0
361 0
360 0
345 0
350 0
351 0
341 0
349 0
356 0
351 0
356 0
365 0
361 0
352 0
355 0
347 0
336 0
344 0
346 0
339 0
346 0
350 0
343 0
354 0
366 0
362 0
363 0
366 0
356 0
345 0
351 0
350 0
340 0
347 0
344 0
329 0
336 0
338 0
329 0
336 0
341 0
333 0
328 0
336 0
330 0
324 0
333 0
330 0
320 0
329 0
334 0
325 0
339 0
347 0
339 0
348 0
355 0
347 0
349 0
356 0
352 0
347 0
356 0
355 0
345 0
356 0
356 0
345 0
351 0
355 0
339 0
340 0
345 0
332 0
332 0
343 0
344 0
343 0
355 0
353 0
341 0
348 0
348 0
333 0
341 0
346 0
335 0
340 0
344 0
335 0
335 0
349 0
349 0
346 0
357 0
356 0
342 0
347 0
345 0
330 0
336 0
341 0
331 0
337 0
343 0
338 0
339 0
348 0
345 0
340 0
351 0
352 0
343 0
354 0
356 0
345 0
353 0
361 0
350 0
351 0
356 0
346 0
343 0
350 0
346 0
335 0
339 0
338 0
331 0
341 0
345 0
333 0
341 0
345 0
334 0
339 0
347 0
341 0
339 0
352 0
349 0
341 0
352 0
348 0
337 0
348 0
350 0
341 0
348 0
352 0
339 0
341 0
346 0
338 0
338 0
347 0
341 0
331 0
339 0
339 0
329 0
344 0
348 0
336 0
344 0
350 0
338 0
343 0
349 0
341 0
334 0
343 0
340 0
334 0
346 0
349 0
344 0
354 0
359 0
348 0
354 0
356 0
343 0
346 0
351 0
349 0
345 0
353 0
348 0
337 0
350 0
354 0
343 0
351 0
351 0
336 0
338 0
342 0
330 0
332 0
343 0
340 0
336 0
343 0
338 0
329 0
337 0
339 0
329 0
340 0
346 0
335 0
344 0
351 0
339 0
341 0
349 0
341 0
340 0
354 0
352 0
342 0
351 0
347 0
334 0
338 0
336 0
322 0
331 0
339 0
326 0
333 0
340 0
337 0
335 0
348 0
351 0
344 0
359 0
365 0
354 0
366 0
370 0
358 0
361 0
364 0
353 0
349 0
350 0
341 0
335 0
345 0
349 0
344 0
353 0
353 0
339 0
346 0
350 0
337 0
343 0
351 0
335 0
339 0
344 0
340 0
336 0
351 0
356 0
349 0
358 0
355 0
343 0
350 0
355 0
344 0
348 0
355 0
346 0
346 0
352 0
341 0
337 0
347 0
347 0
338 0
348 0
351 0
341 0
348 0
348 0
333 0
333 0
337 0
330 0
329 0
339 0
337 0
331 0
341 0
340 0
333 0
343 0
342 0
329 0
342 0
349 0
341 0
352 0
361 0
356 0
360 0
372 0
375 0
368 0
372 0
365 0
347 0
351 0
348 0
333 0
337 0
337 0
325 0
328 0
334 0
323 0
329 0
341 0
345 0
347 0
360 0
363 0
353 0
363 0
366 0
353 0
360 0
364 0
349 0
349 0
351 0
342 0
339 0
346 0
343 0
337 0
346 0
346 0
336 0
341 0
340 0
327 0
333 0
337 0
330 0
335 0
346 0
337 0
337 0
344 0
340 0
331 0
341 0
343 0
338 0
352 0
359 0
350 0
355 0
357 0
348 0
355 0
365 0
361 0
361 0
363 0
352 0
338 0
345 0
343 0
332 0
341 0
344 0
331 0
337 0
342 0
330 0
339 0
349 0
345 0
343 0
348 0
346 0
339 0
354 0
356 0
348 0
356 0
357 0
343 0
349 0
352 0
338 0
340 0
348 0
342 0
342 0
350 0
347 0
339 0
347 0
349 0
340 0
348 0
352 0
341 0
348 0
353 0
342 0
344 0
349 0
343 0
340 0
347 0
343 0
335 0
345 0
345 0
339 0
350 0
356 0
349 0
355 0
361 0
351 0
352 0
357 0
349 0
344 0
351 0
347 0
338 0
345 0
347 0
338 0
349 0
351 0
340 0
349 0
355 0
348 0
349 0
355 0
347 0
341 0
347 0
347 0
339 0
348 0
349 0
338 0
347 0
349 0
339 0
345 0
352 0
346 0
352 0
361 0
360 0
353 0
358 0
354 0
341 0
347 0
344 0
329 0
337 0
343 0
335 0
345 0
354 0
346 0
351 0
359 0
356 0
350 0
357 0
351 0
339 0
344 0
342 0
331 0
342 0
348 0
340 0
346 0
351 0
343 0
344 0
353 0
348 0
343 0
352 0
353 0
346 0
357 0
361 0
349 0
356 0
359 0
349 0
351 0
354 0
343 0
342 0
345 0
336 0
328 0
333 0
330 0
326 0
344 0
353 0
347 0
356 0
358 0
346 0
351 0
359 0
354 0
357 0
365 0
360 0
353 0
355 0
348 0
339 0
347 0
352 0
343 0
351 0
353 0
343 0
349 0
352 0
344 0
343 0
352 0
352 0
351 0
364 0
366 0
356 0
363 0
363 0
351 0
354 0
353 0
340 0
340 0
345 0
338 0
338 0
342 0
335 0
332 0
340 0
341 0
334 0
345 0
349 0
339 0
349 0
355 0
349 0
356 0
361 0
354 0
347 0
352 0
348 0
343 0
353 0
355 0
345 0
352 0
353 0
342 0
351 0
356 0
347 0
351 0
355 0
347 0
341 0
343 0
336 0
329 0
339 0
339 0
335 0
348 0
357 0
351 0
362 0
368 0
361 0
365 0
369 0
357 0
355 0
357 0
352 0
346 0
353 0
350 0
339 0
348 0
352 0
345 0
354 0
361 0
351 0
352 0
353 0
343 0
338 0
345 0
346 0
341 0
351 0
352 0
343 0
350 0
352 0
340 0
347 0
351 0
343 0
348 0
354 0
351 0
351 0
360 0
356 0
346 0
352 0
354 0
344 0
352 0
353 0
340 0
343 0
347 0
339 0
340 0
346 0
343 0
349 0
361 0
363 0
356 0
365 0
364 0
355 0
363 0
364 0
351 0
356 0
358 0
345 0
346 0
349 0
343 0
342 0
351 0
350 0
341 0
347 0
346 0
335 0
346 0
353 0
347 0
353 0
356 0
349 0
353 0
361 0
356 0
348 0
352 0
343 0
333 0
340 0
345 0
341 0
350 0
352 0
341 0
345 0
349 0
345 0
348 0
355 0
350 0
345 0
351 0
352 0
347 0
356 0
357 0
348 0
355 0
359 0
346 0
352 0
357 0
348 0
348 0
353 0
349 0
345 0
353 0
355 0
348 0
356 0
357 0
348 0
353 0
354 0
343 0
347 0
351 0
346 0
348 0
353 0
347 0
343 0
351 0
352 0
347 0
355 0
356 0
342 0
346 0
348 0
337 0
344 0
352 0
346 0
349 0
356 0
350 0
347 0
352 0
353 0
348 0
356 0
356 0
343 0
350 0
355 0
348 0
353 0
356 0
344 0
340 0
347 0
345 0
342 0
351 0
353 0
346 0
350 0
349 0
339 0
344 0
347 0
339 0
346 0
353 0
349 0
353 0
357 0
357 0
351 0
356 0
353 0
342 0
346 0
344 0
333 0
341 0
351 0
349 0
359 0
368 0
365 0
365 0
368 0
362 0
355 0
360 0
358 0
347 0
352 0
351 0
341 0
349 0
352 0
339 0
346 0
352 0
348 0
349 0
357 0
353 0
350 0
358 0
362 0
357 0
362 0
362 0
350 0
350 0
349 0
338 0
343 0
350 0
347 0
348 0
351 0
345 0
339 0
348 0
350 0
346 0
354 0
356 0
347 0
352 0
356 0
352 0
355 0
362 0
358 0
358 0
361 0
354 0
342 0
343 0
341 0
335 0
346 0
350 0
345 0
352 0
356 0
351 0
353 0
359 0
354 0
354 0
361 0
363 0
355 0
362 0
364 0
355 0
360 0
359 0
348 0
349 0
351 0
342 0
348 0
353 0
351 0
351 0
357 0
356 0
346 0
347 0
343 0
333 0
340 0
347 0
338 0
346 0
351 0
347 0
350 0
354 0
349 0
346 0
353 0
356 0
353 0
358 0
359 0
348 0
355 0
358 0
349 0
352 0
355 0
349 0
351 0
356 0
348 0
344 0
349 0
350 0
348 0
355 0
359 0
352 0
358 0
360 0
356 0
358 0
359 0
347 0
346 0
347 0
341 0
338 0
341 0
340 0
337 0
347 0
352 0
347 0
354 0
357 0
350 0
353 0
356 0
350 0
348 0
351 0
346 0
343 0
348 0
348 0
343 0
349 0
352 0
344 0
351 0
354 0
348 0
355 0
356 0
348 0
346 0
349 0
346 0
345 0
350 0
349 0
341 0
347 0
350 0
344 0
350 0
355 0
348 0
352 0
355 0
348 0
348 0
349 0
346 0
348 0
358 0
365 0
363 0
368 0
366 0
354 0
352 0
350 0
336 0
340 0
345 0
344 0
346 0
351 0
353 0
354 0
362 0
362 0
357 0
359 0
356 0
345 0
345 0
343 0
333 0
338 0
343 0
344 0
349 0
359 0
359 0
360 0
367 0
366 0
355 0
355 0
351 0
346 0
350 0
356 0
354 0
358 0
362 0
354 0
355 0
355 0
349 0
349 0
352 0
351 0
343 0
349 0
349 0
343 0
351 0
357 0
348 0
350 0
352 0
347 0
348 0
352 0
349 0
344 0
344 0
344 0
338 0
343 0
346 0
339 0
346 0
349 0
341 0
343 0
346 0
340 0
342 0
349 0
350 0
348 0
351 0
351 0
343 0
349 0
353 0
347 0
351 0
353 0
345 0
348 0
353 0
351 0
352 0
357 0
356 0
353 0
356 0
355 0
348 0
357 0
358 0
350 0
351 0
352 0
340 0
347 0
352 0
349 0
349 0
353 0
354 0
352 0
356 0
354 0
347 0
351 0
353 0
344 0
351 0
353 0
348 0
355 0
356 0
347 0
343 0
345 0
342 0
339 0
343 0
346 0
339 0
344 0
347 0
338 0
344 0
349 0
348 0
356 0
362 0
357 0
352 0
351 0
346 0
340 0
345 0
347 0
342 0
348 0
351 0
344 0
353 0
363 0
360 0
366 0
371 0
368 0
365 0
365 0
362 0
353 0
350 0
345 0
336 0
341 0
344 0
339 0
346 0
351 0
347 0
348 0
353 0
346 0
346 0
349 0
347 0
343 0
347 0
351 0
342 0
345 0
348 0
344 0
352 0
356 0
351 0
353 0
358 0
357 0
357 0
362 0
361 0
357 0
361 0
362 0
353 0
353 0
349 0
338 0
341 0
348 0
345 0
347 0
349 0
346 0
342 0
346 0
348 0
348 0
356 0
361 0
359 0
363 0
363 0
353 0
354 0
351 0
342 0
342 0
342 0
337 0
335 0
341 0
342 0
339 0
344 0
348 0
342 0
350 0
357 0
354 0
358 0
361 0
356 0
352 0
350 0
345 0
341 0
344 0
345 0
340 0
345 0
347 0
342 0
349 0
353 0
345 0
348 0
349 0
343 0
342 0
347 0
348 0
348 0
355 0
360 0
357 0
362 0
365 0
361 0
364 0
364 0
352 0
351 0
349 0
343 0
346 0
347 0
341 0
335 0
337 0
338 0
335 0
341 0
346 0
340 0
348 0
356 0
356 0
360 0
364 0
360 0
360 0
361 0
357 0
354 0
354 0
355 0
350 0
354 0
351 0
340 0
347 0
349 0
346 0
353 0
363 0
361 0
360 0
360 0
353 0
345 0
346 0
347 0
343 0
348 0
351 0
347 0
353 0
356 0
353 0
357 0
359 0
354 0
353 0
354 0
349 0
345 0
348 0
345 0
336 0
336 0
334 0
324 0
324 0
327 0
324 0
332 0
344 0
349 0
357 0
364 0
367 0
369 0
373 0
375 0
367 0
368 0
366 0
357 0
357 0
354 0
343 0
341 0
345 0
336 0
334 0
335 0
335 0
335 0
345 0
351 0
349 0
354 0
356 0
351 0
353 0
354 0
346 0
348 0
351 0
346 0
346 0
348 0
344 0
342 0
348 0
350 0
346 0
355 0
359 0
355 0
356 0
356 0
348 0
352 0
358 0
361 0
363 0
364 0
361 0
351 0
349 0
347 0
339 0
346 0
350 0
345 0
348 0
345 0
335 0
333 0
335 0
332 0
337 0
343 0
349 0
347 0
355 0
361 0
357 0
359 0
361 0
353 0
358 0
365 0
362 0
364 0
363 0
353 0
349 0
348 0
345 0
341 0
347 0
348 0
344 0
347 0
347 0
338 0
341 0
345 0
341 0
342 0
348 0
346 0
347 0
353 0
351 0
346 0
345 0
344 0
339 0
348 0
353 0
346 0
354 0
354 0
349 0
348 0
350 0
346 0
341 0
345 0
345 0
337 0
343 0
347 0
345 0
352 0
358 0
354 0
357 0
357 0
350 0
349 0
350 0
348 0
348 0
350 0
350 0
343 0
348 0
350 0
346 0
354 0
358 0
349 0
350 0
348 0
341 0
341 0
341 0
341 0
341 0
348 0
351 0
351 0
356 0
359 0
352 0
353 0
351 0
343 0
346 0
350 0
348 0
350 0
355 0
354 0
351 0
354 1
356 1
352 1
356 1
358 1
350 1
348 1
349 1
343 1
347 1
351 1
347 1
349 1
352 1
351 1
347 1
352 1
355 1
353 1
357 1
355 1
345 1
342 1
340 1
333 1
338 1
345 1
344 1
346 1
347 1
349 1
348 1
352 1
354 1
350 1
353 1
352 1
343 1
345 1
349 1
349 1
356 1
361 1
356 1
352 1
352 1
346 1
343 1
343 1
344 1
337 1
341 1
342 1
337 1
341 1
346 1
347 1
356 1
364 1
361 1
359 1
359 1
354 1
349 1
353 1
354 1
348 1
351 1
351 1
342 1
347 1
354 1
350 1
353 1
356 1
351 1
350 1
350 1
348 1
343 1
346 1
347 1
341 1
342 1
340 1
333 1
337 1
339 1
335 1
339 1
343 1
342 1
346 1
351 1
349 1
347 1
351 1
353 1
349 1
352 1
356 1
352 1
357 1
362 1
356 1
357 1
359 1
357 1
357 1
357 1
353 1
348 1
352 1
352 1
347 1
351 1
350 1
341 1
342 1
344 1
337 1
339 1
342 1
343 1
345 1
349 1
352 1
351 1
355 1
357 1
354 1
359 1
362 1
356 1
357 1
353 1
344 1
345 1
349 1
349 1
348 1
351 1
347 1
339 1
340 1
341 1
335 1
340 1
345 1
340 1
343 1
346 1
342 1
347 1
349 1
344 1
346 1
348 1
351 1
351 1
357 1
361 1
361 1
367 1
371 1
364 1
366 1
369 1
361 1
360 1
363 1
356 1
354 1
354 1
352 1
348 1
348 1
350 1
347 1
347 1
349 1
342 1
345 1
349 1
346 1
349 1
350 1
345 1
342 1
348 1
349 1
350 1
355 1
357 1
348 1
347 1
345 1
341 1
345 1
350 1
346 1
349 1
351 1
349 1
348 1
352 1
356 1
355 1
359 1
359 1
349 1
350 1
347 1
342 1
344 1
347 1
341 1
344 1
348 1
346 1
344 1
349 1
353 1
351 1
353 1
350 1
343 1
344 1
347 1
344 1
353 1
355 1
352 1
354 1
354 1
352 1
351 1
355 1
356 1
351 1
348 1
344 1
331 1
329 1
330 1
324 1
329 1
334 1
331 1
331 1
331 1
326 1
324 1
330 1
340 1
350 1
365 1
381 1
389 1
399 1
404 1
396 1
397 1
392 1
377 1
367 1
358 1
349 1
343 1
343 1
340 1
333 1
332 1
333 1
336 1
345 1
352 1
350 1
353 1
354 1
349 1
347 1
349 1
348 1
348 1
353 1
356 1
351 1
354 1
358 1
354 1
357 1
359 1
351 1
354 1
354 1
349 1
349 1
352 1
353 1
353 1
353 1
350 1
341 1
341 1
345 1
343 1
351 1
354 1
346 1
346 1
349 1
349 1
353 1
358 1
358 1
355 1
355 1
357 1
350 1
353 1
358 1
355 1
357 1
358 1
352 1
351 1
354 1
353 1
357 1
361 1
359 1
350 1
346 1
343 1
335 1
337 1
342 1
339 1
341 1
340 1
335 1
335 1
340 1
341 1
348 1
355 1
357 1
356 1
354 1
357 1
353 1
358 1
358 1
354 1
357 1
360 1
356 1
359 1
361 1
354 1
349 1
345 1
340 1
334 1
338 1
342 1
341 1
348 1
351 1
345 1
346 1
345 1
341 1
347 1
351 1
348 1
345 1
344 1
342 1
340 1
347 1
351 1
348 1
354 1
358 1
350 1
352 1
352 1
347 1
352 1
359 1
362 1
362 1
361 1
357 1
353 1
354 1
358 1
353 1
355 1
356 1
344 1
351 1
352 1
345 1
347 1
350 1
343 1
338 1
338 1
337 1
336 1
342 1
350 1
348 1
353 1
358 1
358 1
363 1
366 1
360 1
356 1
353 1
345 1
342 1
346 1
347 1
344 1
345 1
345 1
340 1
343 1
349 1
343 1
348 1
350 1
346 1
346 1
350 1
353 1
357 1
361 1
358 1
352 1
351 1
350 1
344 1
346 1
348 1
343 1
348 1
351 1
347 1
351 1
357 1
359 1
359 1
360 1
361 1
355 1
352 1
357 1
352 1
353 1
355 1
349 1
347 1
347 1
342 1
343 1
345 1
343 1
343 1
348 1
351 1
348 1
352 1
354 1
351 1
353 1
357 1
349 1
350 1
349 1
340 1
337 1
338 1
336 1
337 1
341 1
340 1
336 1
337 1
342 1
339 1
344 1
347 1
338 1
339 1
339 1
334 1
338 1
345 1
345 1
342 1
345 1
349 1
348 1
353 1
356 1
352 1
356 1
357 1
352 1
355 1
356 1
355 1
357 1
360 1
359 1
357 1
358 1
358 1
353 1
358 1
360 1
352 1
348 1
346 1
338 1
340 1
345 1
344 1
345 1
347 1
347 1
342 1
343 1
343 1
336 1
337 1
339 1
334 1
337 1
342 1
341 1
349 1
358 1
357 1
356 1
355 1
351 1
344 1
344 1
344 1
337 1
337 1
344 1
339 1
341 1
342 1
337 1
340 1
342 1
339 1
338 1
340 1
341 1
337 1
341 1
346 1
345 1
353 1
364 1
361 1
365 1
369 1
362 1
361 1
361 1
352 1
347 1
349 1
349 1
346 1
346 1
345 1
339 1
340 1
345 1
343 1
348 1
354 1
351 1
352 1
357 1
352 1
349 1
349 1
348 1
341 1
343 1
345 1
340 1
340 1
343 1
335 1
336 1
340 1
336 1
336 1
343 1
342 1
348 1
352 1
353 1
349 1
352 1
350 1
339 1
338 1
341 1
337 1
340 1
347 1
342 1
341 1
344 1
344 1
341 1
341 1
340 1
333 1
337 1
347 1
347 1
352 1
356 1
350 1
350 1
352 1
347 1
348 1
350 1
349 1
348 1
352 1
352 1
346 1
347 1
349 1
339 1
339 1
342 1
335 1
335 1
338 1
333 1
335 1
341 1
345 1
351 1
357 1
362 1
360 1
363 1
365 1
359 1
359 1
360 1
348 1
346 1
349 1
342 1
342 1
346 1
344 1
339 1
342 1
346 1
342 1
343 1
346 1
340 1
340 1
344 1
337 1
333 1
332 1
324 1
322 1
326 1
325 1
323 1
329 1
331 1
327 1
329 1
335 1
329 1
334 1
342 1
343 1
353 1
364 1
364 1
364 1
364 1
360 1
354 1
354 1
354 1
343 1
342 1
341 1
333 1
335 1
342 1
338 1
340 1
344 1
339 1
336 1
341 1
345 1
345 1
351 1
354 1
348 1
346 1
350 1
343 1
340 1
342 1
337 1
339 1
345 1
341 1
338 1
342 1
340 1
335 1
337 1
340 1
336 1
337 1
343 1
337 1
341 1
343 1
336 1
337 1
343 1
343 1
343 1
351 1
351 1
345 1
342 1
341 1
334 1
335 1
338 1
331 1
331 1
336 1
334 1
335 1
341 1
336 1
337 1
342 1
347 1
343 1
348 1
350 1
341 1
344 1
353 1
346 1
341 1
338 1
331 1
331 1
346 1
360 1
377 1
406 1
430 1
438 1
447 1
449 1
428 1
413 1
399 1
362 1
334 1
321 1
290 1
270 1
261 1
248 1
234 1
236 1
240 1
241 1
255 1
276 1
283 1
298 1
315 1
315 1
323 1
338 1
334 1
331 1
340 1
338 1
327 1
329 1
336 1
331 1
337 1
348 1
331 1
326 1
331 1
319 1
314 1
322 1
318 1
321 1
328 1
328 1
323 1
332 1
333 1
323 1
326 1
330 1
317 1
318 1
332 1
329 1
329 1
338 1
329 1
321 1
325 1
326 1
318 1
324 1
329 1
319 1
319 1
329 1
321 1
324 1
334 1
324 1
324 1
337 1
334 1
335 1
344 1
340 1
335 1
339 1
340 1
325 1
319 1
330 1
322 1
325 1
339 1
332 1
326 1
332 1
329 1
327 1
338 1
342 1
336 1
338 1
340 1
329 1
329 1
338 1
330 1
333 1
347 1
337 1
334 1
341 1
331 1
320 1
324 1
321 1
312 1
318 1
330 1
329 1
339 1
355 1
347 1
347 1
356 1
348 1
341 1
346 1
333 1
320 1
321 1
321 1
316 1
322 1
334 1
321 1
323 1
334 1
326 1
326 1
336 1
329 1
328 1
333 1
325 1
313 1
315 1
315 1
313 1
322 1
331 1
319 1
320 1
331 1
327 1
333 1
353 1
351 1
352 1
365 1
358 1
343 1
339 1
337 1
324 1
325 1
331 1
324 1
327 1
338 1
332 1
335 1
349 1
345 1
343 1
351 1
341 1
325 1
323 1
324 1
319 1
327 1
340 1
333 1
333 1
347 1
335 1
332 1
340 1
332 1
325 1
334 1
335 1
334 1
348 1
356 1
348 1
348 1
352 1
340 1
341 1
350 1
339 1
341 1
353 1
342 1
333 1
335 1
333 1
327 1
334 1
338 1
329 1
328 1
335 1
322 1
319 1
325 1
317 1
318 1
330 1
325 1
324 1
337 1
340 1
334 1
341 1
345 1
334 1
334 1
343 1
336 1
342 1
357 1
350 1
351 1
362 1
355 1
345 1
348 1
339 1
330 1
332 1
336 1
328 1
335 1
345 1
337 1
338 1
347 1
335 1
330 1
339 1
335 1
334 1
345 1
348 1
344 1
351 1
354 1
338 1
338 1
346 1
336 1
338 1
349 1
337 1
337 1
345 1
338 1
330 1
334 1
334 1
327 1
334 1
341 1
330 1
330 1
340 1
333 1
337 1
350 1
341 1
334 1
344 1
341 1
341 1
355 1
357 1
346 1
345 1
346 1
335 1
340 1
353 1
349 1
353 1
360 1
350 1
345 1
357 1
353 1
347 1
353 1
351 1
339 1
338 1
341 1
328 1
326 1
333 1
323 1
323 1
332 1
331 1
340 1
358 1
361 1
358 1
363 1
360 1
347 1
352 1
361 1
355 1
360 1
366 1
349 1
341 1
347 1
335 1
334 1
341 1
334 1
325 1
330 1
330 1
322 1
329 1
341 1
335 1
340 1
350 1
338 1
334 1
345 1
341 1
343 1
356 1
352 1
344 1
349 1
350 1
341 1
344 1
349 1
339 1
339 1
352 1
344 1
343 1
357 1
352 1
350 1
357 1
351 1
343 1
351 1
354 1
348 1
353 1
357 1
341 1
336 1
343 1
330 1
327 1
338 1
333 1
333 1
344 1
339 1
328 1
332 1
335 1
327 1
333 1
342 1
333 1
336 1
349 1
344 1
348 1
362 1
356 1
353 1
364 1
363 1
361 1
373 1
379 1
369 1
370 1
372 1
356 1
349 1
354 1
343 1
342 1
349 1
341 1
336 1
343 1
340 1
334 1
344 1
348 1
338 1
343 1
352 1
348 1
350 1
364 1
351 1
346 1
354 1
345 1
337 1
340 1
336 1
334 1
345 1
353 1
349 1
350 1
359 1
349 1
348 1
362 1
353 1
349 1
353 1
339 1
326 1
331 1
328 1
326 1
338 1
350 1
343 1
347 1
355 1
346 1
347 1
356 1
348 1
347 1
360 1
357 1
355 1
365 1
363 1
356 1
362 1
364 1
352 1
355 1
363 1
352 1
352 1
359 1
345 1
340 1
346 1
337 1
327 1
332 1
331 1
324 1
331 1
338 1
334 1
340 1
349 1
339 1
337 1
345 1
336 1
336 1
349 1
346 1
345 1
360 1
364 1
361 1
370 1
378 1
369 1
369 1
371 1
351 1
342 1
348 1
341 1
343 1
357 1
353 1
353 1
358 1
353 1
344 1
352 1
359 1
354 1
358 1
362 1
348 1
343 1
351 1
336 1
332 1
338 1
336 1
333 1
343 1
347 1
342 1
350 1
356 1
345 1
342 1
348 1
337 1
337 1
347 1
339 1
336 1
347 1
344 1
341 1
353 1
355 1
342 1
344 1
349 1
340 1
343 1
351 1
346 1
347 1
361 1
357 1
353 1
358 1
352 1
347 1
353 1
358 1
355 1
363 1
366 1
352 1
352 1
360 1
351 1
352 1
362 1
353 1
349 1
360 1
356 1
348 1
356 1
356 1
347 1
351 1
357 1
347 1
348 1
354 1
341 1
342 1
351 1
342 1
336 1
345 1
342 1
340 1
351 1
355 1
350 1
356 1
364 1
352 1
350 1
356 1
347 1
349 1
363 1
359 1
355 1
359 1
350 1
341 1
344 1
344 1
333 1
336 1
341 1
331 1
333 1
343 1
333 1
335 1
349 1
346 1
347 1
360 1
359 1
353 1
358 1
358 1
349 1
348 1
352 1
341 1
341 1
352 1
343 1
345 1
356 1
348 1
345 1
354 1
353 1
351 1
366 1
369 1
363 1
365 1
374 1
360 1
358 1
365 1
353 1
348 1
356 1
347 1
344 1
351 1
348 1
343 1
352 1
357 1
350 1
354 1
358 1
345 1
344 1
353 1
341 1
337 1
346 1
340 1
340 1
352 1
353 1
347 1
350 1
353 1
348 1
357 1
369 1
365 1
366 1
373 1
361 1
355 1
358 1
350 1
344 1
350 1
347 1
339 1
347 1
350 1
345 1
351 1
360 1
344 1
341 1
349 1
341 1
343 1
355 1
352 1
348 1
356 1
352 1
345 1
349 1
351 1
343 1
346 1
353 1
342 1
342 1
352 1
345 1
350 1
366 1
363 1
358 1
364 1
362 1
357 1
367 1
374 1
363 1
358 1
356 1
340 1
338 1
348 1
341 1
346 1
360 1
358 1
356 1
365 1
364 1
359 1
365 1
368 1
355 1
357 1
365 1
352 1
348 1
351 1
338 1
331 1
338 1
335 1
332 1
340 1
341 1
339 1
348 1
359 1
353 1
357 1
368 1
360 1
368 1
384 1
377 1
373 1
377 1
365 1
358 1
360 1
351 1
338 1
341 1
345 1
337 1
339 1
348 1
343 1
346 1
356 1
345 1
341 1
350 1
345 1
341 1
352 1
351 1
348 1
357 1
366 1
359 1
361 1
365 1
352 1
348 1
356 1
347 1
344 1
353 1
350 1
343 1
349 1
348 1
343 1
353 1
360 1
353 1
358 1
364 1
352 1
351 1
362 1
356 1
354 1
363 1
357 1
350 1
360 1
363 1
355 1
360 1
363 1
354 1
353 1
359 1
352 1
354 1
363 1
352 1
348 1
353 1
349 1
346 1
357 1
356 1
348 1
351 1
356 1
346 1
348 1
359 1
346 1
342 1
346 1
335 1
331 1
339 1
333 1
323 1
328 1
331 1
330 1
341 1
357 1
357 1
366 1
376 1
368 1
366 1
374 1
362 1
361 1
372 1
368 1
362 1
366 1
365 1
353 1
354 1
359 1
350 1
352 1
360 1
349 1
345 1
352 1
345 1
345 1
356 1
355 1
348 1
353 1
353 1
345 1
351 1
358 1
347 1
347 1
354 1
345 1
349 1
356 1
350 1
345 1
354 1
348 1
344 1
349 1
355 1
347 1
351 1
354 1
340 1
338 1
344 1
337 1
344 1
361 1
359 1
357 1
367 1
367 1
364 1
369 1
371 1
359 1
357 1
362 1
353 1
354 1
365 1
359 1
363 1
374 1
364 1
356 1
359 1
351 1
341 1
344 1
344 1
336 1
342 1
350 1
341 1
341 1
348 1
338 1
336 1
347 1
341 1
336 1
345 1
345 1
344 1
352 1
355 1
345 1
348 1
354 1
346 1
350 1
360 1
353 1
356 1
366 1
360 1
361 1
373 1
374 1
361 1
362 1
362 1
349 1
353 1
357 1
348 1
349 1
357 1
351 1
351 1
358 1
352 1
346 1
352 1
352 1
345 1
353 1
358 1
351 1
357 1
366 1
357 1
358 1
367 1
351 1
344 1
349 1
344 1
342 1
351 1
351 1
348 1
351 1
355 1
345 1
347 1
354 1
347 1
349 1
360 1
354 1
352 1
358 1
351 1
347 1
357 1
355 1
349 1
352 1
356 1
346 1
350 1
357 1
347 1
346 1
355 1
346 1
347 1
355 1
352 1
350 1
359 1
360 1
354 1
360 1
361 1
351 1
355 1
364 1
355 1
354 1
362 1
348 1
341 1
346 1
341 1
332 1
339 1
340 1
333 1
339 1
348 1
343 1
348 1
355 1
343 1
341 1
349 1
346 1
351 1
365 1
364 1
362 1
371 1
373 1
367 1
370 1
374 1
364 1
364 1
369 1
358 1
355 1
359 1
345 1
337 1
341 1
335 1
330 1
338 1
342 1
338 1
347 1
354 1
348 1
352 1
362 1
354 1
357 1
367 1
360 1
359 1
367 1
360 1
350 1
351 1
347 1
336 1
340 1
345 1
339 1
343 1
352 1
343 1
344 1
352 1
344 1
342 1
351 1
347 1
341 1
346 1
348 1
339 1
343 1
349 1
341 1
349 1
361 1
356 1
360 1
371 1
363 1
357 1
359 1
354 1
352 1
358 1
358 1
347 1
349 1
358 1
354 1
361 1
371 1
360 1
359 1
366 1
354 1
348 1
353 1
348 1
339 1
342 1
346 1
342 1
351 1
360 1
352 1
351 1
356 1
345 1
344 1
352 1
346 1
346 1
357 1
354 1
347 1
352 1
353 1
346 1
352 1
364 1
358 1
359 1
366 1
355 1
351 1
356 1
348 1
345 1
353 1
352 1
346 1
352 1
355 1
348 1
353 1
360 1
356 1
360 1
369 1
355 1
348 1
353 1
345 1
345 1
352 1
347 1
337 1
340 1
346 1
342 1
347 1
358 1
348 1
345 1
351 1
341 1
343 1
352 1
346 1
344 1
355 1
355 1
351 1
359 1
361 1
358 1
362 1
367 1
354 1
350 1
360 1
355 1
353 1
361 1
354 1
347 1
353 1
354 1
352 1
362 1
370 1
365 1
369 1
372 1
358 1
354 1
360 1
351 1
351 1
360 1
356 1
352 1
359 1
360 1
348 1
353 1
354 1
343 1
345 1
349 1
339 1
341 1
351 1
347 1
351 1
361 1
356 1
353 1
362 1
361 1
354 1
357 1
358 1
346 1
346 1
354 1
343 1
343 1
352 1
344 0
344 0
354 0
350 0
346 0
351 0
350 0
343 0
347 0
351 0
340 0
342 0
348 0
337 0
338 0
351 0
346 0
351 0
363 0
359 0
353 0
360 0
359 0
351 0
356 0
359 0
348 0
347 0
351 0
342 0
340 0
347 0
340 0
336 0
345 0
346 0
348 0
361 0
363 0
357 0
364 0
368 0
358 0
356 0
361 0
349 0
347 0
354 0
347 0
342 0
350 0
347 0
339 0
347 0
350 0
343 0
349 0
356 0
350 0
358 0
366 0
356 0
356 0
363 0
352 0
347 0
351 0
342 0
334 0
339 0
341 0
338 0
350 0
363 0
359 0
363 0
370 0
355 0
350 0
356 0
345 0
347 0
356 0
354 0
352 0
358 0
354 0
343 0
345 0
350 0
340 0
342 0
352 0
345 0
346 0
357 0
352 0
352 0
363 0
364 0
360 0
365 0
365 0
352 0
353 0
355 0
343 0
342 0
346 0
334 0
338 0
350 0
345 0
343 0
352 0
348 0
343 0
354 0
358 0
351 0
357 0
360 0
349 0
349 0
357 0
351 0
352 0
355 0
348 0
347 0
357 0
358 0
352 0
359 0
362 0
354 0
361 0
367 0
356 0
355 0
360 0
347 0
345 0
352 0
343 0
335 0
337 0
334 0
330 0
336 0
346 0
342 0
349 0
358 0
352 0
357 0
365 0
354 0
352 0
360 0
351 0
345 0
352 0
350 0
344 0
348 0
349 0
338 0
339 0
348 0
344 0
346 0
358 0
355 0
360 0
371 0
366 0
358 0
363 0
362 0
356 0
361 0
358 0
344 0
342 0
344 0
336 0
340 0
355 0
355 0
357 0
365 0
360 0
356 0
364 0
359 0
352 0
355 0
356 0
346 0
347 0
350 0
338 0
339 0
346 0
339 0
341 0
350 0
342 0
337 0
348 0
349 0
347 0
359 0
367 0
357 0
361 0
368 0
357 0
355 0
361 0
348 0
341 0
344 0
334 0
333 0
345 0
349 0
346 0
356 0
361 0
354 0
359 0
366 0
356 0
353 0
357 0
341 0
334 0
340 0
337 0
336 0
348 0
350 0
345 0
353 0
359 0
350 0
354 0
360 0
349 0
348 0
354 0
344 0
343 0
351 0
346 0
340 0
347 0
346 0
336 0
342 0
351 0
347 0
356 0
368 0
361 0
360 0
365 0
357 0
354 0
357 0
349 0
343 0
345 0
343 0
333 0
336 0
345 0
341 0
349 0
359 0
348 0
346 0
355 0
347 0
348 0
359 0
359 0
355 0
362 0
364 0
355 0
358 0
359 0
349 0
350 0
358 0
345 0
343 0
350 0
344 0
344 0
355 0
351 0
346 0
350 0
348 0
343 0
349 0
358 0
348 0
345 0
352 0
345 0
348 0
361 0
358 0
359 0
370 0
369 0
360 0
360 0
361 0
353 0
356 0
357 0
343 0
342 0
349 0
339 0
343 0
354 0
349 0
349 0
360 0
357 0
352 0
358 0
359 0
349 0
352 0
355 0
345 0
346 0
357 0
350 0
351 0
356 0
344 0
332 0
334 0
330 0
326 0
337 0
341 0
337 0
345 0
352 0
345 0
349 0
361 0
356 0
359 0
372 0
368 0
367 0
373 0
371 0
364 0
367 0
366 0
354 0
352 0
357 0
348 0
351 0
357 0
343 0
336 0
340 0
332 0
334 0
346 0
348 0
343 0
349 0
349 0
339 0
344 0
354 0
349 0
353 0
362 0
351 0
352 0
357 0
349 0
341 0
348 0
348 0
347 0
356 0
361 0
351 0
352 0
358 0
346 0
350 0
359 0
353 0
353 0
360 0
353 0
351 0
356 0
352 0
346 0
347 0
350 0
344 0
351 0
357 0
347 0
344 0
351 0
343 0
345 0
358 0
356 0
354 0
361 0
362 0
354 0
355 0
353 0
341 0
338 0
345 0
334 0
330 0
336 0
326 0
327 0
338 0
338 0
339 0
350 0
352 0
348 0
356 0
360 0
353 0
358 0
365 0
350 0
345 0
351 0
349 0
353 0
368 0
369 0
365 0
367 0
360 0
344 0
343 0
344 0
337 0
344 0
356 0
349 0
350 0
359 0
348 0
348 0
352 0
347 0
345 0
353 0
357 0
350 0
353 0
353 0
343 0
344 0
352 0
344 0
345 0
354 0
351 0
356 0
367 0
365 0
357 0
360 0
356 0
351 0
357 0
360 0
346 0
343 0
347 0
338 0
338 0
350 0
344 0
341 0
350 0
346 0
341 0
348 0
352 0
346 0
354 0
360 0
351 0
354 0
359 0
349 0
352 0
365 0
361 0
359 0
365 0
359 0
347 0
346 0
344 0
333 0
336 0
342 0
335 0
338 0
345 0
338 0
341 0
351 0
346 0
347 0
354 0
355 0
353 0
361 0
361 0
352 0
354 0
357 0
346 0
347 0
355 0
343 0
343 0
353 0
351 0
350 0
356 0
355 0
354 0
361 0
364 0
354 0
348 0
345 0
330 0
330 0
337 0
332 0
333 0
346 0
340 0
336 0
346 0
347 0
348 0
358 0
364 0
359 0
360 0
368 0
361 0
361 0
367 0
358 0
355 0
361 0
354 0
350 0
352 0
347 0
338 0
346 0
349 0
345 0
352 0
358 0
349 0
350 0
359 0
350 0
346 0
351 0
344 0
337 0
344 0
344 0
340 0
345 0
350 0
343 0
342 0
346 0
336 0
340 0
349 0
343 0
344 0
355 0
349 0
351 0
360 0
358 0
352 0
359 0
364 0
357 0
358 0
359 0
349 0
349 0
355 0
345 0
341 0
346 0
342 0
340 0
346 0
346 0
340 0
344 0
348 0
339 0
342 0
352 0
345 0
345 0
353 0
345 0
346 0
358 0
356 0
352 0
360 0
360 0
358 0
365 0
371 0
363 0
362 0
364 0
347 0
341 0
341 0
334 0
332 0
340 0
333 0
327 0
331 0
326 0
322 0
330 0
345 0
342 0
348 0
356 0
350 0
356 0
368 0
365 0
363 0
365 0
358 0
352 0
358 0
358 0
349 0
352 0
352 0
340 0
341 0
348 0
340 0
346 0
359 0
353 0
354 0
362 0
361 0
356 0
360 0
356 0
347 0
349 0
355 0
350 0
351 0
357 0
347 0
347 0
357 0
351 0
348 0
354 0
348 0
342 0
347 0
349 0
345 0
349 0
356 0
348 0
352 0
361 0
353 0
351 0
357 0
344 0
338 0
343 0
341 0
338 0
347 0
351 0
343 0
348 0
347 0
337 0
339 0
350 0
347 0
352 0
362 0
356 0
353 0
361 0
359 0
353 0
360 0
361 0
349 0
345 0
346 0
336 0
336 0
347 0
339 0
339 0
346 0
340 0
338 0
346 0
341 0
338 0
347 0
351 0
345 0
353 0
360 0
351 0
354 0
364 0
360 0
363 0
369 0
360 0
355 0
358 0
358 0
356 0
365 0
367 0
354 0
353 0
352 0
340 0
340 0
347 0
335 0
328 0
336 0
331 0
332 0
343 0
345 0
341 0
345 0
352 0
348 0
357 0
372 0
370 0
376 0
379 0
369 0
368 0
371 0
358 0
346 0
343 0
331 0
320 0
324 0
325 0
317 0
318 0
328 0
322 0
329 0
345 0
346 0
353 0
365 0
361 0
359 0
365 0
360 0
351 0
350 0
349 0
338 0
338 0
343 0
333 0
335 0
344 0
338 0
340 0
355 0
353 0
351 0
356 0
353 0
347 0
350 0
351 0
339 0
338 0
344 0
337 0
346 0
359 0
356 0
363 0
373 0
365 0
354 0
355 0
350 0
340 0
346 0
347 0
339 0
343 0
351 0
341 0
341 0
347 0
342 0
345 0
358 0
360 0
360 0
366 0
367 0
359 0
362 0
362 0
348 0
348 0
351 0
339 0
341 0
351 0
340 0
340 0
349 0
344 0
338 0
341 0
338 0
330 0
334 0
343 0
338 0
343 0
354 0
350 0
353 0
365 0
357 0
353 0
358 0
350 0
346 0
354 0
351 0
345 0
351 0
360 0
353 0
353 0
357 0
347 0
346 0
356 0
352 0
348 0
355 0
349 0
345 0
351 0
349 0
337 0
337 0
340 0
335 0
345 0
359 0
358 0
365 0
375 0
367 0
363 0
369 0
363 0
353 0
357 0
359 0
348 0
351 0
353 0
340 0
338 0
338 0
324 0
321 0
330 0
328 0
334 0
343 0
343 0
342 0
349 0
354 0
348 0
353 0
359 0
347 0
347 0
354 0
344 0
345 0
353 0
345 0
340 0
347 0
345 0
348 0
357 0
362 0
362 0
368 0
372 0
360 0
358 0
365 0
352 0
347 0
351 0
339 0
332 0
340 0
336 0
330 0
336 0
341 0
337 0
343 0
349 0
341 0
340 0
347 0
338 0
335 0
343 0
338 0
337 0
347 0
350 0
349 0
359 0
361 0
354 0
357 0
361 0
354 0
357 0
367 0
358 0
354 0
361 0
354 0
352 0
357 0
350 0
336 0
331 0
330 0
319 0
321 0
327 0
323 0
331 0
346 0
341 0
346 0
356 0
352 0
354 0
364 0
360 0
351 0
355 0
359 0
350 0
356 0
365 0
358 0
356 0
360 0
353 0
354 0
361 0
351 0
348 0
352 0
350 0
349 0
361 0
367 0
360 0
363 0
367 0
356 0
354 0
359 0
345 0
337 0
341 0
334 0
332 0
341 0
340 0
334 0
339 0
344 0
338 0
343 0
352 0
347 0
351 0
362 0
358 0
358 0
365 0
360 0
353 0
360 0
356 0
344 0
346 0
345 0
332 0
335 0
341 0
334 0
337 0
344 0
335 0
333 0
338 0
333 0
329 0
337 0
341 0
341 0
353 0
362 0
357 0
363 0
370 0
357 0
357 0
365 0
353 0
346 0
348 0
340 0
334 0
341 0
342 0
341 0
349 0
354 0
344 0
343 0
349 0
341 0
346 0
357 0
352 0
351 0
361 0
356 0
350 0
355 0
355 0
348 0
352 0
357 0
349 0
349 0
356 0
349 0
348 0
355 0
344 0
339 0
348 0
345 0
341 0
348 0
352 0
346 0
353 0
356 0
348 0
349 0
356 0
349 0
352 0
362 0
355 0
353 0
358 0
349 0
336 0
335 0
333 0
326 0
332 0
341 0
337 0
344 0
356 0
354 0
361 0
369 0
360 0
356 0
360 0
352 0
346 0
354 0
356 0
346 0
350 0
356 0
346 0
345 0
350 0
338 0
332 0
343 0
338 0
340 0
352 0
353 0
354 0
362 0
363 0
352 0
351 0
349 0
336 0
334 0
340 0
331 0
335 0
349 0
346 0
349 0
357 0
355 0
353 0
360 0
364 0
356 0
356 0
364 0
358 0
358 0
364 0
356 0
356 0
365 0
359 0
354 0
357 0
348 0
336 0
339 0
337 0
329 0
333 0
342 0
336 0
340 0
348 0
338 0
335 0
337 0
330 0
329 0
334 0
334 0
333 0
341 0
345 0
337 0
341 0
350 0
346 0
351 0
361 0
353 0
352 0
366 0
363 0
363 0
369 0
366 0
356 0
358 0
357 0
344 0
340 0
341 0
333 0
338 0
352 0
349 0
353 0
364 0
362 0
361 0
365 0
359 0
345 0
348 0
350 0
341 0
342 0
347 0
338 0
338 0
347 0
341 0
339 0
347 0
344 0
346 0
356 0
359 0
353 0
355 0
356 0
345 0
347 0
348 0
333 0
331 0
339 0
332 0
332 0
341 0
338 0
336 0
346 0
352 0
351 0
359 0
364 0
359 0
364 0
372 0
362 0
358 0
361 0
351 0
348 0
351 0
346 0
343 0
351 0
351 0
345 0
351 0
357 0
345 0
345 0
346 0
328 0
322 0
328 0
324 0
328 0
342 0
342 0
339 0
345 0
343 0
337 0
344 0
351 0
348 0
357 0
368 0
365 0
369 0
380 0
373 0
372 0
381 0
373 0
362 0
362 0
360 0
350 0
350 0
352 0
341 0
338 0
340 0
329 0
331 0
342 0
339 0
343 0
353 0
352 0
345 0
346 0
349 0
342 0
344 0
352 0
342 0
346 0
353 0
345 0
345 0
354 0
348 0
348 0
357 0
353 0
353 0
358 0
357 0
349 0
349 0
349 0
339 0
338 0
341 0
328 0
327 0
336 0
330 0
332 0
347 0
350 0
351 0
360 0
360 0
350 0
351 0
353 0
346 0
347 0
353 0
347 0
346 0
355 0
351 0
352 0
362 0
361 0
355 0
359 0
357 0
348 0
353 0
364 0
359 0
360 0
366 0
354 0
345 0
346 0
336 0
326 0
331 0
329 0
328 0
337 0
344 0
337 0
339 0
344 0
340 0
349 0
361 0
353 0
356 0
364 0
356 0
353 0
360 0
358 0
353 0
358 0
361 0
351 0
350 0
351 0
338 0
337 0
345 0
341 0
344 0
356 0
354 0
355 0
359 0
355 0
345 0
350 0
352 0
343 0
343 0
345 0
336 0
339 0
349 0
338 0
333 0
336 0
329 0
329 0
345 0
351 0
352 0
360 0
365 0
363 0
371 0
378 0
367 0
364 0
365 0
356 0
354 0
360 0
351 0
341 0
343 0
340 0
332 0
336 0
341 0
334 0
340 0
349 0
345 0
348 0
360 0
358 0
358 0
362 0
354 0
349 0
355 0
354 0
347 0
349 0
351 0
338 0
338 0
343 0
329 0
327 0
334 0
325 0
331 0
341 0
338 0
336 0
343 0
347 0
345 0
352 0
360 0
357 0
361 0
367 0
359 0
358 0
363 0
356 0
358 0
371 0
368 0
365 0
371 0
367 0
355 0
350 0
349 0
336 0
334 0
341 0
335 0
336 0
346 0
340 0
338 0
345 0
342 0
340 0
348 0
350 0
347 0
356 0
362 0
352 0
354 0
361 0
352 0
351 0
360 0
354 0
350 0
354 0
347 0
339 0
342 0
339 0
331 0
329 0
333 0
323 0
326 0
337 0
336 0
343 0
352 0
342 0
341 0
350 0
350 0
348 0
357 0
358 0
350 0
353 0
357 0
348 0
353 0
361 0
358 0
359 0
368 0
362 0
356 0
362 0
362 0
360 0
367 0
366 0
358 0
359 0
356 0
338 0
331 0
331 0
319 0
320 0
333 0
333 0
337 0
348 0
347 0
342 0
349 0
352 0
347 0
352 0
358 0
353 0
357 0
361 0
349 0
347 0
353 0
351 0
354 0
364 0
363 0
356 0
357 0
360 0
349 0
349 0
353 0
344 0
348 0
355 0
345 0
340 0
344 0
341 0
341 0
347 0
343 0
333 0
339 0
347 0
347 0
359 0
369 0
363 0
364 0
369 0
357 0
351 0
354 0
343 0
338 0
343 0
340 0
337 0
339 0
344 0
342 0
347 0
353 0
346 0
348 0
360 0
357 0
361 0
367 0
357 0
344 0
344 0
333 0
325 0
330 0
336 0
332 0
339 0
351 0
350 0
363 0
376 0
361 0
364 0
427 0
502 0
693 0
954 0
1023 0
1023 0
949 0
672 0
405 0
185 0
4 0
0 0
0 0
0 0
0 0
0 0
0 0
0 0
0 0
0 0
0 0
0 0
0 0
30 0
93 0
127 0
0 0
0 0
0 0
0 0
0 0
0 0
0 0
0 0
0 0
0 0
0 0
0 0
236 0
1023 0
1023 0
1023 0
1023 0
1023 0
1023 0
1023 0
1023 0
1023 0
872 0
518 0
187 0
0 0
0 0
0 0
0 0
0 0
0 0
0 0
0 0
0 0
0 0
0 0
0 0
0 0
0 0
0 0
0 0
34 0
97 0
160 0
213 0
248 0
298 0
331 0
336 0
361 0
380 0
372 0
383 0
393 0
374 0
366 0
371 0
358 0
346 0
356 0
353 0
343 0
358 0
361 0
342 0
357 0
366 0
350 0
355 0
359 0
342 0
339 0
349 0
346 0
341 0
355 0
355 0
341 0
353 0
359 0
344 0
353 0
358 0
341 0
344 0
353 0
342 0
345 0
359 0
354 0
348 0
362 0
360 0
348 0
361 0
368 0
352 0
361 0
366 0
341 0
339 0
349 0
336 0
338 0
354 0
348 0
341 0
353 0
352 0
344 0
359 0
365 0
349 0
358 0
364 0
346 0
349 0
361 0
352 0
354 0
370 0
361 0
347 0
355 0
352 0
336 0
349 0
354 0
341 0
353 0
365 0
354 0
359 0
370 0
357 0
353 0
361 0
352 0
341 0
353 0
350 0
339 0
355 0
362 0
347 0
353 0
362 0
344 0
350 0
363 0
351 0
348 0
357 0
350 0
338 0
351 0
354 0
345 0
359 0
365 0
348 0
356 0
366 0
351 0
351 0
361 0
346 0
340 0
351 0
346 0
339 0
355 0
357 0
342 0
353 0
358 0
341 0
350 0
360 0
347 0
349 0
361 0
350 0
346 0
357 0
351 0
344 0
357 0
357 0
340 0
351 0
354 0
337 0
346 0
359 0
346 0
348 0
361 0
352 0
347 0
361 0
359 0
349 0
360 0
358 0
343 0
357 0
360 0
344 0
351 0
357 0
341 0
343 0
356 0
347 0
343 0
355 0
355 0
344 0
359 0
361 0
342 0
352 1
360 1
343 1
352 1
362 1
348 1
344 1
349 1
337 1
335 1
352 1
353 1
343 1
352 1
348 1
327 1
337 1
348 1
336 1
349 1
366 1
355 1
355 1
365 1
354 1
348 1
363 1
360 1
347 1
356 1
356 1
340 1
351 1
360 1
344 1
351 1
362 1
349 1
350 1
362 1
355 1
350 1
366 1
360 1
345 1
357 1
359 1
346 1
358 1
366 1
347 1
349 1
357 1
343 1
341 1
354 1
346 1
336 1
348 1
345 1
334 1
349 1
352 1
337 1
349 1
354 1
338 1
345 1
358 1
344 1
347 1
364 1
361 1
356 1
368 1
365 1
347 1
358 1
362 1
346 1
358 1
365 1
347 1
354 1
363 1
349 1
347 1
356 1
345 1
337 1
350 1
346 1
332 1
345 1
351 1
335 1
347 1
361 1
348 1
353 1
361 1
345 1
340 1
349 1
340 1
330 1
338 1
336 1
320 1
332 1
340 1
333 1
353 1
372 1
368 1
384 1
415 1
469 1
447 1
248 1
0 1
0 1
0 1
0 1
0 1
0 1
0 1
0 1
0 1
140 1
352 1
521 1
714 1
834 1
854 1
874 1
921 1
979 1
1023 1
1023 1
919 1
793 1
643 1
471 1
336 1
228 1
130 1
72 1
52 1
33 1
15 1
29 1
49 1
64 1
71 1
101 1
149 1
178 1
218 1
265 1
291 1
308 1
339 1
351 1
344 1
361 1
368 1
354 1
367 1
377 1
360 1
359 1
367 1
353 1
349 1
361 1
355 1
345 1
357 1
358 1
344 1
358 1
366 1
350 1
354 1
359 1
341 1
344 1
359 1
353 1
352 1
366 1
362 1
353 1
365 1
363 1
344 1
352 1
354 1
334 1
343 1
355 1
341 1
340 1
348 1
336 1
334 1
350 1
352 1
343 1
354 1
353 1
338 1
351 1
357 1
338 1
346 1
354 1
341 1
345 1
358 1
347 1
340 1
353 1
354 1
349 1
368 1
375 1
359 1
367 1
370 1
348 1
353 1
363 1
352 1
353 1
362 1
349 1
340 1
347 1
341 1
329 1
343 1
345 1
327 1
339 1
348 1
332 1
342 1
355 1
343 1
345 1
359 1
352 1
347 1
361 1
360 1
351 1
362 1
363 1
344 1
352 1
358 1
338 1
343 1
351 1
336 1
336 1
350 1
341 1
336 1
354 1
355 1
345 1
362 1
365 1
347 1
355 1
357 1
341 1
345 1
355 1
343 1
343 1
358 1
355 1
352 1
364 1
358 1
343 1
354 1
355 1
339 1
352 1
361 1
346 1
351 1
364 1
353 1
349 1
360 1
353 1
344 1
354 1
350 1
337 1
351 1
357 1
344 1
357 1
362 1
341 1
342 1
348 1
335 1
334 1
348 1
345 1
341 1
355 1
354 1
338 1
350 1
354 1
342 1
353 1
361 1
343 1
345 1
352 1
340 1
339 1
351 1
344 1
337 1
351 1
350 1
339 1
353 1
357 1
338 1
352 1
358 1
341 1
346 1
357 1
346 1
347 1
363 1
354 1
342 1
354 1
354 1
345 1
360 1
366 1
349 1
357 1
364 1
347 1
350 1
361 1
349 1
346 1
360 1
353 1
338 1
352 1
351 1
336 1
347 1
350 1
333 1
340 1
348 1
336 1
342 1
358 1
352 1
349 1
361 1
353 1
341 1
354 1
351 1
328 1
332 1
333 1
325 1
357 1
398 1
409 1
429 1
441 1
419 1
398 1
392 1
368 1
338 1
337 1
327 1
309 1
320 1
326 1
310 1
318 1
326 1
311 1
315 1
326 1
317 1
314 1
331 1
333 1
332 1
353 1
361 1
350 1
365 1
374 1
357 1
367 1
373 1
355 1
354 1
365 1
353 1
346 1
357 1
354 1
345 1
360 1
358 1
342 1
351 1
356 1
340 1
351 1
363 1
346 1
345 1
352 1
341 1
335 1
350 1
346 1
335 1
349 1
350 1
335 1
350 1
359 1
346 1
354 1
362 1
349 1
349 1
360 1
350 1
345 1
358 1
356 1
341 1
352 1
353 1
336 1
351 1
360 1
346 1
356 1
367 1
354 1
349 1
357 1
345 1
341 1
355 1
354 1
341 1
351 1
352 1
335 1
348 1
356 1
339 1
349 1
361 1
347 1
349 1
363 1
353 1
344 1
356 1
352 1
337 1
349 1
353 1
341 1
354 1
364 1
347 1
350 1
358 1
344 1
344 1
358 1
350 1
343 1
356 1
355 1
344 1
359 1
365 1
349 1
360 1
367 1
346 1
346 1
353 1
340 1
339 1
355 1
348 1
342 1
354 1
351 1
336 1
349 1
355 1
340 1
355 1
362 1
346 1
352 1
363 1
348 1
344 1
355 1
348 1
338 1
351 1
351 1
336 1
351 1
356 1
341 1
349 1
356 1
340 1
346 1
357 1
345 1
342 1
355 1
349 1
342 1
360 1
361 1
348 1
361 1
365 1
347 1
356 1
365 1
346 1
350 1
357 1
341 1
335 1
345 1
340 1
336 1
352 1
353 1
340 1
352 1
356 1
335 1
348 1
356 1
340 1
345 1
358 1
345 1
341 1
355 1
351 1
343 1
358 1
360 1
343 1
350 1
352 1
332 1
341 1
351 1
338 1
344 1
357 1
347 1
343 1
355 1
350 1
341 1
356 1
357 1
343 1
356 1
363 1
344 1
351 1
361 1
344 1
346 1
358 1
348 1
345 1
361 1
360 1
355 1
369 1
367 1
348 1
356 1
360 1
344 1
352 1
360 1
340 1
341 1
352 1
341 1
337 1
352 1
347 1
333 1
342 1
343 1
327 1
339 1
348 1
340 1
356 1
370 1
357 1
356 1
363 1
350 1
345 1
359 1
356 1
346 1
359 1
358 1
339 1
346 1
352 1
339 1
350 1
361 1
340 1
336 1
348 1
343 1
341 1
358 1
355 1
345 1
357 1
359 1
343 1
353 1
359 1
342 1
349 1
356 1
341 1
340 1
352 1
345 1
340 1
356 1
353 1
340 1
353 1
357 1
345 1
360 1
368 1
350 1
352 1
360 1
343 1
337 1
344 1
331 1
322 1
336 1
336 1
327 1
345 1
350 1
340 1
357 1
367 1
350 1
352 1
361 1
349 1
354 1
372 1
369 1
361 1
370 1
363 1
348 1
357 1
358 1
340 1
347 1
355 1
341 1
349 1
360 1
347 1
345 1
356 1
348 1
339 1
351 1
349 1
335 1
348 1
351 1
328 1
336 1
343 1
331 1
341 1
358 1
348 1
347 1
355 1
343 1
331 1
338 1
336 1
321 1
334 1
341 1
330 1
348 1
369 1
361 1
372 1
388 1
374 1
369 1
379 1
369 1
356 1
365 1
361 1
344 1
353 1
354 1
332 1
338 1
342 1
324 1
330 1
346 1
338 1
338 1
355 1
352 1
349 1
368 1
370 1
357 1
369 1
375 1
353 1
357 1
358 1
337 1
337 1
348 1
342 1
342 1
360 1
358 1
351 1
365 1
364 1
345 1
353 1
352 1
333 1
341 1
350 1
332 1
331 1
342 1
332 1
332 1
351 1
350 1
341 1
357 1
359 1
346 1
359 1
366 1
349 1
355 1
362 1
345 1
348 1
361 1
356 1
355 1
370 1
358 1
344 1
358 1
362 1
351 1
369 1
381 1
364 1
377 1
387 1
371 1
367 1
371 1
351 1
339 1
347 1
340 1
329 1
340 1
339 1
321 1
330 1
335 1
320 1
332 1
346 1
333 1
338 1
356 1
353 1
353 1
367 1
362 1
345 1
353 1
351 1
333 1
344 1
349 1
333 1
341 1
351 1
339 1
344 1
360 1
352 1
347 1
358 1
356 1
344 1
357 1
358 1
340 1
351 1
358 1
342 1
354 1
367 1
357 1
356 1
365 1
354 1
348 1
360 1
357 1
344 1
371 1
431 1
476 1
494 1
416 1
263 1
161 1
131 1
139 1
201 1
285 1
341 1
381 1
422 1
438 1
433 1
447 1
445 1
423 1
422 1
415 1
382 1
369 1
362 1
332 1
321 1
326 1
312 1
303 1
318 1
321 1
316 1
335 1
344 1
293 1
158 1
0 1
0 1
0 1
0 1
0 1
0 1
0 1
149 1
519 1
817 1
983 1
1023 1
1023 1
912 1
803 1
695 1
568 1
462 1
384 1
301 1
234 1
203 1
173 1
146 1
155 1
165 1
166 1
196 1
227 1
235 1
261 1
292 1
295 1
312 1
345 1
351 1
356 1
378 1
377 1
362 1
371 1
372 1
352 1
358 1
362 1
341 1
339 1
350 1
342 1
340 1
355 1
347 1
335 1
344 1
339 1
324 1
340 1
347 1
333 1
347 1
359 1
342 1
344 1
353 1
338 1
336 1
350 1
345 1
335 1
350 1
355 1
342 1
356 1
359 1
340 1
349 1
355 1
333 1
337 1
347 1
337 1
339 1
357 1
352 1
343 1
361 1
365 1
351 1
363 1
367 1
343 1
347 1
355 1
340 1
342 1
356 1
348 1
347 1
362 1
358 1
348 1
382 1
572 1
927 1
1023 1
1023 1
993 1
654 1
221 1
0 1
0 1
0 1
0 1
0 1
0 1
0 1
0 1
0 1
0 1
0 1
57 1
199 1
328 1
400 1
465 1
506 1
507 1
513 1
524 1
508 1
489 1
488 1
462 1
430 1
425 1
407 1
377 1
377 1
373 1
350 1
350 1
355 1
341 1
342 1
353 1
343 1
339 1
353 1
351 1
343 1
360 1
362 1
349 1
361 1
363 1
345 1
352 1
364 1
354 1
358 1
378 1
372 1
364 1
376 1
371 1
355 1
366 1
365 1
347 1
357 1
360 1
340 1
348 1
357 1
342 1
345 1
354 1
341 1
331 1
344 1
339 1
331 1
351 1
360 1
346 1
357 1
365 1
344 1
350 1
359 1
345 1
345 1
356 1
349 1
344 1
356 1
349 1
336 1
347 1
350 1
332 1
346 1
355 1
338 1
344 1
357 1
343 1
344 1
357 1
345 1
336 1
349 1
347 1
335 1
351 1
355 1
339 1
348 1
357 1
344 1
354 1
365 1
350 1
348 1
360 1
353 1
344 1
356 1
351 1
336 1
350 1
354 1
335 1
349 1
361 1
344 1
350 1
362 1
348 1
342 1
354 1
347 1
341 1
357 1
357 1
346 1
359 1
362 1
344 1
356 1
360 1
341 1
344 1
355 1
342 1
343 1
355 1
348 1
339 1
354 1
355 1
340 1
353 1
357 1
339 1
349 1
359 1
345 1
349 1
362 1
349 1
346 1
357 1
345 1
332 1
344 1
340 1
325 1
340 1
350 1
336 1
351 1
365 1
350 1
350 1
358 1
342 1
339 1
354 1
349 1
340 1
355 1
352 1
339 1
350 1
355 1
341 1
352 1
361 1
344 1
346 1
358 1
348 1
341 1
351 1
343 1
330 1
347 1
348 1
336 1
353 1
359 1
345 1
360 1
372 1
360 1
362 1
370 1
355 1
348 1
358 1
350 1
334 1
348 1
348 1
332 1
348 1
357 1
337 1
349 1
356 1
342 1
349 1
366 1
358 1
353 1
363 1
352 1
338 1
349 1
348 1
332 1
346 1
348 1
329 1
337 1
350 1
336 1
344 1
361 1
351 1
345 1
359 1
351 1
340 1
354 1
358 1
344 1
354 1
356 1
335 1
341 1
352 1
337 1
344 1
360 1
352 1
348 1
362 1
355 1
345 1
364 1
366 1
351 1
358 1
360 1
339 1
343 1
353 1
340 1
343 1
357 1
347 1
337 1
350 1
346 1
336 1
354 1
358 1
341 1
353 1
357 1
339 1
348 1
358 1
344 1
347 1
361 1
355 1
347 1
360 1
358 1
347 1
359 1
360 1
341 1
348 1
354 1
340 1
349 1
361 1
347 1
345 1
356 1
347 1
340 1
353 1
349 1
333 1
347 1
350 1
336 1
350 1
361 1
343 1
351 1
363 1
347 1
343 1
353 1
345 1
336 1
351 1
348 1
334 1
348 1
352 1
338 1
352 1
361 1
347 1
353 1
362 1
348 1
344 1
359 1
349 1
339 1
353 1
348 1
328 1
340 1
346 1
329 1
342 1
353 1
341 1
350 1
363 1
352 1
352 1
367 1
361 1
351 1
360 1
350 1
332 1
345 1
351 1
337 1
350 1
363 1
347 1
351 1
361 1
347 1
343 1
354 1
347 1
336 1
349 1
348 1
334 1
347 1
354 1
341 1
355 1
366 1
347 1
349 1
357 1
341 1
339 1
357 1
352 1
345 1
361 1
359 1
341 1
354 1
359 1
338 1
347 1
354 1
339 1
343 1
357 1
346 1
345 1
358 1
353 1
344 1
359 1
358 1
343 1
356 1
359 1
338 1
347 1
357 1
341 1
347 1
361 1
351 1
344 1
356 1
350 1
337 1
351 1
354 1
341 1
355 1
359 1
343 1
354 1
367 1
354 1
355 1
364 1
345 1
334 1
345 1
338 1
328 1
348 1
352 1
337 1
350 1
355 1
336 1
340 1
352 1
341 1
345 1
358 1
347 1
343 1
358 1
353 1
342 1
357 1
354 1
335 1
347 1
353 1
339 1
351 1
362 1
344 1
347 1
359 1
351 1
344 1
357 1
351 1
339 1
353 1
354 1
336 1
347 1
350 1
331 1
339 1
349 1
337 1
341 1
356 1
349 1
348 1
367 1
369 1
357 1
369 1
367 1
344 1
349 1
352 1
333 1
342 1
352 1
336 1
336 1
349 1
339 1
337 1
354 1
355 1
347 1
361 1
361 1
343 1
356 1
364 1
348 1
354 1
367 1
352 1
350 1
360 1
345 1
333 1
345 1
340 1
324 1
336 1
339 1
326 1
341 1
353 1
341 1
353 1
369 1
359 1
359 1
372 1
358 1
345 1
358 1
354 1
342 1
360 1
364 1
346 1
356 1
362 1
342 1
342 1
348 1
333 1
331 1
349 1
346 1
345 1
363 1
361 1
344 1
355 1
354 1
334 1
348 1
355 1
338 1
345 1
359 1
346 1
346 1
360 1
355 1
342 1
354 1
355 1
342 1
356 1
358 1
336 1
343 1
348 1
331 1
340 1
356 1
349 1
352 1
368 1
359 1
347 1
356 1
352 1
337 1
350 1
352 1
329 1
335 1
343 1
327 1
332 1
347 1
340 1
341 1
357 1
351 1
343 1
359 1
360 1
348 1
363 1
366 1
349 1
360 1
369 1
353 1
355 1
361 1
341 1
330 1
342 1
338 1
331 1
352 1
355 1
340 1
351 1
353 1
335 1
343 1
356 1
344 1
352 1
364 1
352 1
349 1
362 1
356 1
345 1
360 1
358 1
340 1
349 1
352 1
330 1
338 1
350 1
332 1
338 1
350 1
338 1
333 1
349 1
345 1
338 1
355 1
355 1
338 1
349 1
353 1
335 1
345 1
358 1
345 1
349 1
362 1
349 1
344 1
358 1
351 1
338 1
352 1
354 1
340 1
353 1
361 1
345 1
351 1
360 1
344 1
345 1
356 1
347 1
343 1
358 1
350 1
337 1
355 1
357 1
343 1
356 1
359 1
335 1
335 1
344 1
328 1
328 1
342 1
337 1
335 1
354 1
358 1
351 1
368 1
371 1
354 1
366 1
370 1
350 1
355 1
361 1
346 1
347 1
360 1
346 1
339 1
351 1
349 1
334 1
350 1
353 1
340 1
352 1
359 1
341 1
345 1
350 1
335 1
337 1
350 1
345 1
341 1
357 1
354 1
344 1
363 1
369 1
356 1
368 1
373 1
349 1
351 1
358 1
340 1
335 1
345 1
334 1
324 1
339 1
341 1
333 1
346 1
348 1
330 1
342 1
349 1
336 1
346 1
363 1
353 1
356 1
372 1
342 1
91 1
0 1
0 1
0 1
0 1
0 1
0 1
0 1
0 1
0 1
0 1
333 1
1023 1
1023 1
1023 1
1023 1
1023 1
1023 1
1023 1
1023 1
910 1
574 1
272 1
53 1
0 1
0 1
0 1
0 1
0 1
0 1
0 1
0 1
0 1
0 1
0 1
0 1
0 1
3 1
51 1
111 1
150 1
202 1
251 1
270 1
295 1
329 1
340 1
344 1
366 1
370 1
360 1
371 1
372 1
351 1
352 1
355 1
335 1
335 1
347 1
335 1
335 1
353 1
347 1
340 1
357 1
355 1
340 1
351 1
352 1
332 1
338 1
347 1
331 1
335 1
347 1
337 1
333 1
344 1
336 1
325 1
342 1
343 1
330 1
348 1
355 1
342 1
357 1
370 1
355 1
356 1
364 1
348 1
338 1
350 1
346 1
337 1
355 1
358 1
345 1
359 1
365 1
348 1
360 1
370 1
353 1
351 1
355 1
335 1
327 1
342 1
340 1
331 1
349 1
351 1
335 1
348 1
356 1
340 1
351 1
365 1
351 1
355 1
369 1
359 1
356 1
371 1
366 1
355 1
366 1
364 1
343 1
352 1
352 1
331 1
336 1
346 1
331 1
336 1
354 1
344 1
341 1
356 1
350 1
335 1
348 1
349 1
329 0
340 0
345 0
327 0
333 0
343 0
332 0
337 0
355 0
352 0
350 0
366 0
358 0
343 0
355 0
356 0
344 0
357 0
363 0
341 0
344 0
353 0
339 0
340 0
354 0
347 0
341 0
356 0
355 0
344 0
359 0
359 0
342 0
355 0
361 0
345 0
352 0
359 0
341 0
339 0
352 0
341 0
334 0
347 0
346 0
333 0
351 0
357 0
344 0
358 0
366 0
347 0
348 0
357 0
344 0
348 0
364 0
359 0
355 0
372 0
366 0
347 0
356 0
352 0
332 0
344 0
356 0
341 0
348 0
360 0
348 0
345 0
358 0
348 0
339 0
353 0
353 0
341 0
357 0
358 0
341 0
350 0
355 0
337 0
345 0
359 0
347 0
346 0
360 0
351 0
341 0
355 0
352 0
333 0
347 0
348 0
333 0
346 0
356 0
341 0
348 0
359 0
347 0
347 0
362 0
356 0
347 0
364 0
358 0
342 0
354 0
353 0
332 0
341 0
351 0
336 0
341 0
355 0
346 0
345 0
358 0
351 0
343 0
357 0
356 0
340 0
351 0
353 0
334 0
346 0
358 0
344 0
351 0
359 0
342 0
335 0
350 0
344 0
336 0
351 0
352 0
335 0
346 0
351 0
336 0
350 0
363 0
349 0
350 0
360 0
345 0
343 0
356 0
353 0
346 0
364 0
364 0
344 0
356 0
356 0
339 0
348 0
360 0
344 0
348 0
362 0
353 0
350 0
365 0
360 0
348 0
360 0
357 0
338 0
348 0
353 0
339 0
350 0
358 0
340 0
343 0
357 0
345 0
339 0
352 0
346 0
336 0
352 0
356 0
340 0
353 0
359 0
343 0
352 0
362 0
347 0
345 0
357 0
346 0
344 0
359 0
359 0
344 0
358 0
359 0
341 0
354 0
357 0
337 0
341 0
352 0
337 0
339 0
355 0
347 0
340 0
354 0
350 0
337 0
351 0
352 0
336 0
349 0
355 0
336 0
346 0
359 0
345 0
349 0
365 0
354 0
347 0
365 0
359 0
345 0
359 0
359 0
340 0
348 0
352 0
329 0
332 0
345 0
338 0
346 0
363 0
353 0
346 0
359 0
355 0
343 0
358 0
359 0
339 0
349 0
353 0
333 0
342 0
352 0
339 0
341 0
356 0
347 0
338 0
351 0
348 0
337 0
350 0
353 0
339 0
347 0
355 0
339 0
351 0
367 0
356 0
357 0
367 0
354 0
344 0
356 0
353 0
339 0
356 0
360 0
343 0
353 0
360 0
343 0
349 0
358 0
344 0
338 0
353 0
346 0
341 0
354 0
353 0
339 0
352 0
356 0
335 0
345 0
355 0
335 0
343 0
358 0
346 0
343 0
358 0
351 0
341 0
359 0
357 0
344 0
358 0
360 0
346 0
357 0
367 0
349 0
352 0
362 0
347 0
344 0
358 0
351 0
342 0
354 0
348 0
328 0
341 0
348 0
334 0
352 0
365 0
357 0
362 0
374 0
360 0
349 0
357 0
344 0
332 0
348 0
348 0
335 0
353 0
358 0
341 0
352 0
360 0
340 0
342 0
354 0
345 0
346 0
363 0
360 0
349 0
365 0
365 0
347 0
361 0
364 0
344 0
351 0
356 0
336 0
336 0
347 0
336 0
335 0
353 0
349 0
343 0
359 0
361 0
342 0
352 0
357 0
337 0
349 0
358 0
341 0
345 0
357 0
345 0
338 0
351 0
342 0
330 0
344 0
342 0
330 0
346 0
355 0
340 0
350 0
363 0
348 0
356 0
372 0
360 0
355 0
367 0
362 0
346 0
359 0
361 0
344 0
354 0
356 0
337 0
342 0
354 0
344 0
348 0
358 0
348 0
338 0
350 0
342 0
329 0
347 0
350 0
336 0
349 0
355 0
333 0
342 0
354 0
344 0
350 0
364 0
356 0
346 0
358 0
354 0
340 0
352 0
352 0
336 0
349 0
355 0
337 0
348 0
360 0
346 0
347 0
360 0
349 0
341 0
353 0
350 0
337 0
351 0
354 0
336 0
348 0
353 0
336 0
344 0
358 0
346 0
348 0
359 0
350 0
341 0
355 0
352 0
338 0
352 0
354 0
338 0
349 0
358 0
340 0
346 0
359 0
345 0
346 0
360 0
353 0
344 0
358 0
358 0
344 0
358 0
357 0
334 0
346 0
354 0
338 0
346 0
358 0
343 0
339 0
354 0
346 0
340 0
355 0
355 0
341 0
355 0
358 0
340 0
349 0
357 0
342 0
350 0
363 0
353 0
355 0
369 0
357 0
342 0
349 0
344 0
327 0
343 0
351 0
337 0
350 0
358 0
337 0
345 0
360 0
345 0
345 0
361 0
355 0
349 0
364 0
362 0
347 0
360 0
362 0
341 0
349 0
357 0
340 0
345 0
358 0
342 0
338 0
349 0
338 0
326 0
341 0
340 0
325 0
344 0
353 0
343 0
354 0
363 0
348 0
352 0
365 0
353 0
352 0
367 0
359 0
349 0
364 0
362 0
346 0
359 0
361 0
341 0
350 0
359 0
341 0
344 0
357 0
347 0
343 0
354 0
346 0
333 0
347 0
345 0
331 0
345 0
349 0
331 0
345 0
357 0
346 0
352 0
364 0
351 0
345 0
358 0
349 0
340 0
358 0
361 0
343 0
357 0
359 0
338 0
345 0
357 0
343 0
345 0
354 0
340 0
333 0
346 0
341 0
332 0
350 0
354 0
338 0
348 0
344 0
320 0
329 0
348 0
344 0
353 0
372 0
367 0
365 0
382 0
379 0
366 0
378 0
374 0
353 0
365 0
369 0
351 0
358 0
366 0
348 0
344 0
354 0
339 0
335 0
355 0
353 0
340 0
355 0
353 0
332 0
348 0
353 0
337 0
343 0
353 0
338 0
338 0
351 0
340 0
335 0
349 0
347 0
334 0
348 0
351 0
335 0
352 0
362 0
345 0
353 0
364 0
347 0
344 0
357 0
346 0
339 0
353 0
350 0
336 0
350 0
351 0
335 0
347 0
354 0
337 0
345 0
356 0
343 0
345 0
361 0
352 0
347 0
360 0
354 0
338 0
351 0
355 0
339 0
353 0
362 0
345 0
346 0
353 0
337 0
336 0
351 0
343 0
339 0
355 0
352 0
340 0
357 0
361 0
344 0
354 0
358 0
334 0
336 0
346 0
331 0
332 0
348 0
343 0
335 0
352 0
350 0
336 0
353 0
359 0
344 0
353 0
358 0
340 0
346 0
360 0
349 0
346 0
362 0
353 0
345 0
362 0
358 0
343 0
356 0
356 0
334 0
343 0
351 0
334 0
338 0
352 0
344 0
347 0
366 0
362 0
356 0
369 0
364 0
343 0
352 0
351 0
331 0
339 0
349 0
335 0
344 0
362 0
351 0
349 0
361 0
354 0
342 0
357 0
356 0
341 0
356 0
359 0
341 0
350 0
358 0
341 0
343 0
354 0
341 0
339 0
355 0
347 0
338 0
354 0
355 0
338 0
349 0
354 0
335 0
348 0
362 0
347 0
350 0
361 0
349 0
344 0
356 0
350 0
337 0
350 0
351 0
337 0
351 0
357 0
340 0
349 0
361 0
345 0
345 0
356 0
340 0
332 0
345 0
341 0
332 0
351 0
356 0
344 0
361 0
366 0
350 0
358 0
365 0
349 0
350 0
360 0
350 0
347 0
363 0
357 0
341 0
354 0
350 0
329 0
341 0
349 0
332 0
342 0
356 0
342 0
345 0
358 0
348 0
340 0
353 0
348 0
338 0
354 0
356 0
340 0
354 0
360 0
340 0
351 0
361 0
347 0
348 0
363 0
352 0
345 0
357 0
353 0
341 0
355 0
357 0
338 0
355 0
361 0
344 0
348 0
357 0
340 0
340 0
353 0
341 0
333 0
348 0
345 0
335 0
356 0
361 0
346 0
356 0
361 0
340 0
344 0
355 0
341 0
343 0
359 0
355 0
350 0
365 0
361 0
347 0
357 0
355 0
335 0
347 0
352 0
334 0
343 0
356 0
344 0
345 0
361 0
351 0
341 0
352 0
348 0
330 0
344 0
349 0
333 0
345 0
351 0
334 0
343 0
356 0
343 0
344 0
356 0
347 0
338 0
353 0
351 0
338 0
357 0
363 0
344 0
355 0
363 0
345 0
351 0
365 0
351 0
348 0
358 0
348 0
338 0
352 0
348 0
335 0
345 0
349 0
332 0
347 0
360 0
344 0
352 0
364 0
349 0
345 0
360 0
348 0
335 0
350 0
349 0
335 0
351 0
356 0
339 0
351 0
361 0
348 0
351 0
366 0
353 0
349 0
358 0
345 0
331 0
345 0
339 0
325 0
343 0
349 0
333 0
346 0
358 0
344 0
347 0
359 0
348 0
345 0
365 0
362 0
351 0
366 0
364 0
347 0
357 0
360 0
340 0
349 0
356 0
338 0
341 0
353 0
340 0
335 0
351 0
350 0
343 0
361 0
363 0
346 0
358 0
362 0
343 0
353 0
362 0
341 0
341 0
350 0
336 0
328 0
338 0
331 0
323 0
341 0
344 0
330 0
348 0
360 0
348 0
359 0
370 0
351 0
347 0
357 0
346 0
342 0
357 0
352 0
341 0
354 0
355 0
343 0
357 0
364 0
346 0
355 0
363 0
348 0
351 0
364 0
353 0
342 0
354 0
345 0
331 0
346 0
346 0
328 0
340 0
346 0
331 0
340 0
352 0
340 0
345 0
362 0
353 0
346 0
356 0
347 0
333 0
351 0
355 0
342 0
359 0
366 0
346 0
353 0
364 0
351 0
353 0
369 0
361 0
355 0
369 0
362 0
346 0
355 0
353 0
331 0
339 0
342 0
324 0
331 0
344 0
334 0
338 0
356 0
349 0
342 0
357 0
353 0
340 0
355 0
356 0
336 0
349 0
357 0
342 0
352 0
367 0
355 0
355 0
369 0
357 0
346 0
357 0
351 0
335 0
349 0
352 0
337 0
350 0
355 0
333 0
338 0
353 0
343 0
345 0
360 0
350 0
336 0
349 0
345 0
333 0
350 0
353 0
340 0
353 0
364 0
350 0
358 0
367 0
351 0
346 0
360 0
350 0
341 0
357 0
356 0
343 0
356 0
358 0
334 0
342 0
347 0
333 0
339 0
353 0
340 0
338 0
352 0
349 0
343 0
358 0
356 0
342 0
358 0
362 0
345 0
356 0
362 0
341 0
343 0
354 0
340 0
339 0
353 0
348 0
341 0
358 0
360 0
347 0
359 0
361 0
344 0
353 0
361 0
343 0
345 0
353 0
337 0
333 0
350 0
347 0
340 0
356 0
353 0
334 0
348 0
354 0
336 0
346 0
355 0
342 0
343 0
355 0
344 0
340 0
355 0
352 0
342 0
356 0
352 0
334 0
350 0
357 0
344 0
356 0
367 0
349 0
351 0
363 0
348 0
