521 0
515 0
568 0
566 0
551 0
596 0
595 0
556 0
576 0
579 0
536 0
550 0
522 0
520 0
518 0
516 0
513 0
511 0
510 0
510 0
510 0
510 0
510 0
512 0
513 0
528 0
578 0
562 0
543 0
590 0
596 0
579 0
622 0
634 0
600 0
621 0
638 0
594 0
588 0
604 0
557 0
534 0
564 0
541 0
516 0
549 0
537 0
505 0
543 0
561 0
539 0
576 0
612 0
586 0
589 0
602 0
547 0
517 0
551 0
537 0
517 0
559 0
552 0
521 0
557 0
569 0
535 0
552 0
573 0
538 0
546 0
584 0
559 0
547 0
583 0
559 0
529 0
562 0
550 0
514 0
551 0
573 0
550 0
577 0
597 0
557 0
558 0
592 0
565 0
555 0
596 0
579 0
558 0
603 0
597 0
554 0
566 0
554 0
498 0
505 0
525 0
493 0
505 0
551 0
532 0
527 0
575 0
565 0
553 0
602 0
604 0
572 0
602 0
609 0
568 0
578 0
587 0
538 0
530 0
558 0
526 0
506 0
538 0
518 0
498 0
549 0
561 0
543 0
585 0
604 0
572 0
594 0
621 0
590 0
594 0
630 0
599 0
575 0
603 0
570 0
519 0
537 0
513 0
464 0
482 0
489 0
455 0
482 0
524 0
509 0
529 0
583 0
579 0
579 0
628 0
619 0
587 0
620 0
611 0
564 0
568 0
551 0
489 0
489 0
502 0
464 0
463 0
502 0
485 0
480 0
533 0
530 0
520 0
577 0
601 0
583 0
624 0
641 0
608 0
616 0
637 0
599 0
582 0
599 0
558 0
534 0
565 0
546 0
514 0
549 0
546 0
516 0
556 0
578 0
556 0
583 0
626 0
598 0
592 0
615 0
579 0
555 0
598 0
592 0
558 0
584 0
568 0
515 0
518 0
513 0
463 0
473 0
500 0
471 0
472 0
512 0
492 0
485 0
541 0
546 0
542 0
609 0
641 0
628 0
672 0
696 0
657 0
650 0
649 0
585 0
545 0
543 0
492 0
463 0
500 0
493 0
462 0
487 0
475 0
433 0
468 0
506 0
499 0
546 0
609 0
597 0
604 0
640 0
605 0
571 0
600 0
585 0
552 0
583 0
581 0
541 0
559 0
577 0
544 0
557 0
585 0
551 0
544 0
585 0
560 0
539 0
579 0
563 0
532 0
563 0
560 0
515 0
531 0
545 0
511 0
517 0
542 0
515 0
520 0
583 0
591 0
604 0
663 0
663 0
630 0
653 0
626 0
556 0
549 0
533 0
476 0
473 0
500 0
465 0
457 0
495 0
480 0
463 0
508 0
512 0
493 0
544 0
568 0
549 0
578 0
599 0
567 0
580 0
615 0
589 0
584 0
623 0
603 0
580 0
616 0
598 0
556 0
583 0
586 0
542 0
552 0
558 0
511 0
511 0
543 0
516 0
512 0
555 0
539 0
522 0
562 0
556 0
526 0
558 0
563 0
528 0
550 0
574 0
542 0
557 0
598 0
575 0
563 0
595 0
571 0
549 0
597 0
600 0
565 0
586 0
584 0
541 0
556 0
572 0
533 0
544 0
579 0
555 0
546 0
575 0
542 0
506 0
537 0
526 0
488 0
516 0
519 0
481 0
506 0
541 0
522 0
536 0
576 0
551 0
538 0
572 0
548 0
527 0
571 0
577 0
551 0
584 0
589 0
551 0
576 0
604 0
572 0
576 0
603 0
564 0
542 0
571 0
543 0
507 0
541 0
538 0
510 0
545 0
559 0
532 0
561 0
598 0
573 0
580 0
611 0
579 0
563 0
597 0
570 0
533 0
561 0
546 0
507 0
533 0
541 0
508 0
540 0
586 0
577 0
592 0
631 0
602 0
581 0
612 0
583 0
543 0
565 0
545 0
496 0
514 0
514 0
474 0
498 0
536 0
519 0
536 0
572 0
543 0
527 0
568 0
561 0
544 0
583 0
576 0
534 0
552 0
555 0
518 0
537 0
566 0
537 0
541 0
574 0
544 0
531 0
575 0
564 0
535 0
562 0
545 0
500 0
532 0
555 0
525 0
543 0
567 0
534 0
533 0
571 0
545 0
526 0
568 0
559 0
541 0
581 0
582 0
551 0
592 0
623 0
596 0
612 0
631 0
576 0
557 0
579 0
541 0
521 0
561 0
547 0
511 0
536 0
522 0
480 0
507 0
528 0
501 0
519 0
550 0
522 0
532 0
587 0
576 0
568 0
609 0
590 0
559 0
594 0
590 0
545 0
563 0
571 0
528 0
540 0
563 0
531 0
526 0
565 0
544 0
524 0
559 0
540 0
510 0
548 0
554 0
528 0
563 0
590 0
561 0
574 0
596 0
554 0
546 0
584 0
563 0
549 0
589 0
573 0
536 0
568 0
566 0
525 0
544 0
553 0
516 0
533 0
568 0
542 0
536 0
568 0
538 0
520 0
569 0
565 0
544 0
589 0
600 0
569 0
594 0
606 0
557 0
558 0
580 0
546 0
535 0
567 0
539 0
514 0
551 0
541 0
515 0
558 0
568 0
537 0
561 0
571 0
529 0
540 0
574 0
544 0
533 0
561 0
529 0
506 0
551 0
547 0
513 0
541 0
540 0
503 0
532 0
557 0
529 0
547 0
586 0
565 0
568 0
613 0
595 0
578 0
618 0
602 0
558 0
576 0
567 0
519 0
537 0
554 0
513 0
519 0
551 0
524 0
518 0
560 0
544 0
523 0
563 0
553 0
516 0
541 0
545 0
513 0
549 0
585 0
564 0
583 0
621 0
591 0
579 0
612 0
578 0
542 0
569 0
555 0
517 0
545 0
550 0
512 0
542 0
580 0
559 0
572 0
600 0
559 0
538 0
574 0
545 0
515 0
550 0
529 0
489 0
518 0
523 0
490 0
524 0
569 0
558 0
591 0
646 0
633 0
634 0
682 0
659 0
617 0
625 0
577 0
505 0
506 0
489 0
440 0
458 0
482 0
456 0
473 0
520 0
506 0
513 0
572 0
571 0
559 0
600 0
591 0
555 0
580 0
587 0
548 0
559 0
575 0
536 0
533 0
564 0
536 0
522 0
563 0
548 0
527 0
576 0
580 0
562 0
601 0
612 0
570 0
575 0
588 0
543 0
542 0
575 0
546 0
533 0
576 0
563 0
539 0
576 0
569 0
530 0
557 0
560 0
515 0
521 0
530 0
490 0
493 0
538 0
524 0
524 0
581 0
576 0
555 0
589 0
577 0
533 0
558 0
575 0
544 0
566 0
589 0
555 0
557 0
597 0
575 0
557 0
585 0
553 0
514 0
546 0
540 0
506 0
542 0
563 0
535 0
559 0
592 0
557 0
555 0
593 0
570 0
554 0
589 0
569 0
537 0
575 0
581 0
550 0
576 0
580 0
529 0
534 0
548 0
512 0
516 0
565 0
547 0
533 0
572 0
552 0
523 0
567 0
576 0
547 0
577 0
590 0
552 0
564 0
590 0
554 0
546 0
575 0
542 0
518 0
547 0
521 0
485 0
523 0
534 0
513 0
553 0
575 0
538 0
552 0
580 0
547 0
545 0
587 0
569 0
555 0
597 0
584 0
552 0
583 0
579 0
537 0
557 0
563 0
523 0
543 0
578 0
554 0
557 0
594 0
565 0
540 0
578 0
560 0
526 0
557 0
551 0
509 0
528 0
542 0
501 0
512 0
547 0
522 0
523 0
560 0
535 0
514 0
560 0
559 0
540 0
585 0
590 0
553 0
581 0
596 0
558 0
566 0
591 0
552 0
539 0
569 0
537 0
511 0
551 0
544 0
521 0
562 0
572 0
545 0
581 0
609 0
577 0
588 0
611 0
572 0
556 0
584 0
545 0
508 0
538 0
525 0
497 0
541 0
558 0
537 0
580 0
616 0
593 0
604 0
630 0
595 0
584 0
620 0
592 0
556 0
572 0
534 0
481 0
502 0
499 0
458 0
481 0
501 0
467 0
479 0
514 0
492 0
501 0
563 0
568 0
562 0
609 0
600 0
569 0
602 0
610 0
573 0
592 0
603 0
552 0
546 0
561 0
518 0
504 0
543 0
528 0
511 0
556 0
554 0
527 0
572 0
586 0
551 0
565 0
576 0
534 0
539 0
581 0
561 0
556 0
592 0
563 0
535 0
569 0
563 0
532 0
567 0
573 0
527 0
538 0
547 0
507 0
520 0
572 0
560 0
560 0
602 0
581 0
554 0
592 0
584 0
552 0
579 0
581 0
534 0
539 0
549 0
509 0
521 0
567 0
549 0
545 0
585 0
560 0
530 0
568 0
564 0
533 0
567 0
579 0
545 0
567 0
591 0
556 0
556 0
586 0
552 0
530 0
561 0
538 0
515 0
562 0
563 0
530 0
558 0
560 0
519 0
543 0
573 0
545 0
553 0
587 0
553 0
528 0
555 0
527 0
497 0
538 0
544 0
521 0
554 0
563 0
525 0
544 0
572 0
545 0
556 0
597 0
574 0
565 0
611 0
595 0
565 0
597 0
584 0
534 0
548 0
547 0
500 0
514 0
544 0
514 0
518 0
556 0
534 0
528 0
580 0
577 0
559 0
598 0
590 0
545 0
560 0
557 0
506 0
518 0
549 0
521 0
528 0
564 0
535 0
522 0
573 0
572 0
552 0
590 0
582 0
542 0
568 0
582 0
548 0
564 0
590 0
555 0
555 0
589 0
559 0
544 0
592 0
586 0
567 0
607 0
606 0
564 0
592 0
610 0
567 0
580 0
617 0
595 0
588 0
601 0
539 0
486 0
501 0
475 0
448 0
487 0
497 0
479 0
531 0
576 0
563 0
591 0
627 0
591 0
580 0
608 0
566 0
528 0
550 0
524 0
483 0
510 0
508 0
472 0
501 0
530 0
515 0
550 0
602 0
588 0
593 0
629 0
593 0
558 0
587 0
565 0
533 0
567 0
563 0
535 0
579 0
612 0
577 0
576 0
586 0
537 0
515 0
544 0
514 0
491 0
533 0
527 0
506 0
548 0
553 0
512 0
532 0
543 0
506 0
523 0
561 0
534 0
534 0
581 0
564 0
552 0
599 0
594 0
564 0
600 0
601 0
558 0
572 0
580 0
539 0
548 0
580 0
548 0
540 0
576 0
558 0
542 0
584 0
571 0
536 0
571 0
578 0
542 0
566 0
586 0
545 0
549 0
578 0
545 0
529 0
558 0
526 0
496 0
532 0
524 0
501 0
548 0
572 0
549 0
579 0
596 0
557 0
566 0
603 0
570 0
552 0
589 0
563 0
531 0
551 0
522 0
475 0
501 0
511 0
486 0
521 0
557 0
539 0
563 0
614 0
604 0
605 0
642 0
611 0
573 0
600 0
578 0
532 0
554 0
553 0
511 0
532 0
555 0
521 0
532 0
575 0
554 0
545 0
581 0
558 0
533 0
577 0
579 0
548 0
569 0
559 0
507 0
519 0
538 0
505 0
512 0
554 0
529 0
523 0
568 0
552 0
533 0
577 0
579 0
548 0
578 0
586 0
549 0
572 0
602 0
574 0
577 0
606 0
571 0
556 0
598 0
579 0
549 0
579 0
555 0
502 0
514 0
507 0
466 0
494 0
538 0
528 0
550 0
594 0
577 0
579 0
630 0
611 0
569 0
582 0
554 0
504 0
527 0
533 0
496 0
518 0
549 0
524 0
535 0
576 0
551 0
542 0
593 0
585 0
563 0
601 0
593 0
548 0
575 0
584 0
546 0
555 0
570 0
526 0
520 0
553 0
530 0
525 0
573 0
563 0
532 0
559 0
544 0
506 0
543 0
564 0
534 0
556 0
590 0
562 0
570 0
611 0
586 0
564 0
596 0
572 0
534 0
570 0
579 0
552 0
577 0
582 0
527 0
516 0
511 0
453 0
439 0
478 0
465 0
470 0
536 0
543 0
534 0
586 0
598 0
572 0
604 0
616 0
573 0
572 0
587 0
546 0
538 0
574 0
552 0
537 0
580 0
571 0
547 0
590 0
595 0
556 0
575 0
579 0
532 0
541 0
570 0
541 0
545 0
593 0
579 0
564 0
601 0
576 0
533 0
557 0
551 0
511 0
534 0
550 0
510 0
525 0
561 0
538 0
538 0
579 0
552 0
531 0
572 0
560 0
532 0
573 0
585 0
553 0
578 0
587 0
544 0
547 0
573 0
538 0
527 0
562 0
536 0
515 0
550 0
528 0
491 0
526 0
534 0
509 0
547 0
572 0
544 0
564 0
606 0
580 0
567 0
593 0
557 0
527 0
569 0
564 0
539 0
577 0
579 0
541 0
564 0
585 0
554 0
573 0
608 0
574 0
555 0
578 0
540 0
509 0
549 0
539 0
508 0
543 0
549 0
513 0
540 0
566 0
535 0
547 0
580 0
551 0
542 0
577 0
553 0
532 0
577 0
576 0
546 0
573 0
562 0
511 0
530 0
560 0
534 0
551 0
590 0
559 0
548 0
589 0
574 0
559 0
610 0
609 0
579 0
606 0
602 0
554 0
560 0
569 0
521 0
520 0
546 0
515 0
508 0
552 0
535 0
515 0
557 0
550 0
517 0
551 0
564 0
534 0
565 0
599 0
576 0
586 0
618 0
585 0
568 0
602 0
575 0
543 0
567 0
548 0
508 0
538 0
545 0
507 0
526 0
550 0
514 0
517 0
546 0
509 0
493 0
537 0
527 0
515 0
564 0
565 0
536 0
568 0
579 0
547 0
568 0
597 0
568 0
579 0
616 0
584 0
562 0
594 0
564 0
532 0
566 0
555 0
517 0
554 0
576 0
547 0
566 0
585 0
546 0
546 0
587 0
566 0
553 0
589 0
560 0
523 0
553 0
543 0
507 0
539 0
548 0
508 0
521 0
543 0
510 0
518 0
564 0
545 0
535 0
580 0
569 0
545 0
589 0
589 0
553 0
578 0
581 0
537 0
547 0
567 0
529 0
527 0
556 0
523 0
502 0
541 0
524 0
503 0
553 0
563 0
538 0
579 0
601 0
571 0
593 0
619 0
581 0
570 0
597 0
560 0
536 0
569 0
551 0
527 0
568 0
572 0
536 0
562 0
569 0
530 0
545 0
574 0
539 0
538 0
580 0
559 0
549 0
592 0
576 0
541 0
574 0
570 0
531 0
551 0
558 0
521 0
541 0
581 0
559 0
565 0
601 0
571 0
546 0
580 0
558 0
527 0
562 0
562 0
524 0
548 0
563 0
527 0
545 0
580 0
555 0
545 0
575 0
540 0
514 0
554 0
545 0
521 0
560 0
562 0
526 0
551 0
562 0
521 0
529 0
555 0
516 0
505 0
538 0
511 0
498 0
549 0
551 0
530 0
573 0
579 0
548 0
577 0
600 0
571 0
589 0
624 0
595 0
587 0
616 0
579 0
547 0
577 0
552 0
511 0
540 0
540 0
507 0
541 0
574 0
551 0
566 0
597 0
568 0
561 0
600 0
572 0
541 0
569 0
548 0
513 0
547 0
552 0
521 0
556 0
584 0
550 0
560 0
588 0
555 0
551 0
596 0
578 0
553 0
587 0
569 0
528 0
555 0
554 0
512 0
533 0
549 0
512 0
517 0
545 0
514 0
514 0
563 0
551 0
534 0
576 0
562 0
528 0
564 0
572 0
537 0
565 0
586 0
548 0
554 0
581 0
549 0
538 0
576 0
552 0
521 0
546 0
525 0
489 0
524 0
538 0
506 0
531 0
552 0
521 0
538 0
585 0
569 0
572 0
622 0
602 0
573 0
599 0
576 0
532 0
564 0
577 0
545 0
562 0
574 0
530 0
530 0
565 0
540 0
537 0
578 0
559 0
533 0
568 0
552 0
513 0
542 0
554 0
528 0
563 0
600 0
571 0
575 0
599 0
559 1
532 1
555 1
520 1
496 1
545 1
550 1
523 1
558 1
569 1
538 1
566 1
590 1
554 1
554 1
587 1
555 1
541 1
590 1
581 1
561 1
599 1
590 1
546 1
563 1
558 1
511 1
520 1
539 1
502 1
504 1
544 1
525 1
526 1
578 1
567 1
545 1
585 1
576 1
532 1
552 1
552 1
511 1
535 1
574 1
552 1
565 1
607 1
583 1
565 1
599 1
573 1
540 1
571 1
563 1
523 1
547 1
551 1
514 1
538 1
570 1
545 1
554 1
595 1
571 1
559 1
601 1
579 1
539 1
561 1
545 1
499 1
524 1
537 1
502 1
516 1
540 1
510 1
518 1
566 1
555 1
560 1
619 1
619 1
594 1
624 1
600 1
542 1
551 1
546 1
499 1
512 1
545 1
516 1
518 1
553 1
527 1
516 1
567 1
566 1
550 1
591 1
590 1
554 1
580 1
590 1
546 1
551 1
566 1
524 1
518 1
557 1
534 1
524 1
576 1
569 1
546 1
584 1
585 1
548 1
580 1
602 1
571 1
585 1
609 1
570 1
554 1
577 1
541 1
518 1
556 1
544 1
515 1
553 1
552 1
519 1
552 1
575 1
539 1
539 1
552 1
508 1
503 1
550 1
544 1
541 1
592 1
587 1
563 1
601 1
602 1
567 1
594 1
611 1
574 1
580 1
595 1
547 1
528 1
557 1
526 1
499 1
533 1
515 1
486 1
530 1
547 1
526 1
563 1
590 1
560 1
569 1
592 1
552 1
539 1
574 1
547 1
524 1
558 1
538 1
503 1
542 1
548 1
515 1
543 1
563 1
525 1
534 1
564 1
530 1
525 1
575 1
565 1
555 1
605 1
596 1
568 1
610 1
621 1
584 1
596 1
592 1
539 1
541 1
569 1
544 1
545 1
591 1
570 1
542 1
571 1
546 1
498 1
522 1
523 1
479 1
494 1
508 1
473 1
489 1
536 1
524 1
531 1
581 1
568 1
556 1
599 1
594 1
564 1
598 1
599 1
554 1
564 1
568 1
519 1
525 1
566 1
546 1
544 1
583 1
557 1
531 1
573 1
571 1
547 1
584 1
592 1
554 1
569 1
582 1
538 1
542 1
573 1
544 1
536 1
579 1
560 1
540 1
584 1
575 1
533 1
551 1
541 1
488 1
503 1
526 1
500 1
518 1
567 1
554 1
554 1
599 1
579 1
553 1
590 1
586 1
559 1
598 1
607 1
572 1
594 1
619 1
580 1
574 1
595 1
547 1
514 1
536 1
504 1
471 1
510 1
515 1
498 1
544 1
563 1
532 1
556 1
585 1
550 1
552 1
582 1
546 1
528 1
568 1
549 1
528 1
578 1
584 1
560 1
599 1
611 1
566 1
568 1
576 1
524 1
512 1
537 1
502 1
488 1
531 1
519 1
501 1
548 1
555 1
534 1
581 1
602 1
570 1
587 1
611 1
579 1
589 1
636 1
615 1
599 1
631 1
597 1
548 1
566 1
543 1
497 1
520 1
527 1
487 1
502 1
527 1
496 1
504 1
545 1
525 1
520 1
574 1
572 1
556 1
602 1
601 1
564 1
597 1
615 1
578 1
590 1
608 1
564 1
548 1
568 1
522 1
490 1
514 1
487 1
453 1
488 1
494 1
474 1
525 1
560 1
541 1
568 1
604 1
580 1
595 1
648 1
627 1
602 1
619 1
577 1
525 1
548 1
540 1
500 1
521 1
531 1
495 1
513 1
547 1
524 1
534 1
584 1
570 1
559 1
601 1
581 1
548 1
587 1
588 1
551 1
575 1
584 1
538 1
547 1
574 1
544 1
543 1
585 1
561 1
537 1
564 1
536 1
501 1
543 1
556 1
530 1
563 1
574 1
536 1
553 1
592 1
568 1
573 1
618 1
593 1
560 1
578 1
538 1
481 1
500 1
499 1
467 1
499 1
526 1
504 1
534 1
584 1
572 1
584 1
629 1
607 1
587 1
628 1
611 1
576 1
605 1
595 1
546 1
556 1
563 1
516 1
517 1
543 1
508 1
497 1
533 1
509 1
495 1
550 1
556 1
541 1
585 1
591 1
551 1
570 1
580 1
533 1
538 1
568 1
535 1
528 1
568 1
544 1
522 1
567 1
563 1
534 1
572 1
577 1
544 1
572 1
598 1
571 1
587 1
619 1
587 1
571 1
593 1
550 1
512 1
542 1
526 1
488 1
518 1
519 1
484 1
519 1
556 1
532 1
547 1
582 1
556 1
554 1
602 1
586 1
566 1
606 1
597 1
563 1
592 1
593 1
552 1
576 1
596 1
558 1
556 1
576 1
532 1
520 1
561 1
544 1
529 1
571 1
566 1
530 1
558 1
560 1
517 1
532 1
549 1
507 1
504 1
529 1
497 1
492 1
543 1
536 1
525 1
575 1
572 1
542 1
577 1
585 1
550 1
573 1
601 1
565 1
565 1
589 1
548 1
526 1
565 1
551 1
532 1
570 1
559 1
522 1
555 1
570 1
537 1
558 1
575 1
533 1
534 1
572 1
546 1
539 1
583 1
567 1
548 1
598 1
605 1
572 1
602 1
605 1
559 1
570 1
589 1
553 1
553 1
585 1
548 1
523 1
548 1
515 1
479 1
512 1
504 1
473 1
509 1
531 1
502 1
525 1
553 1
524 1
539 1
593 1
587 1
588 1
637 1
621 1
590 1
619 1
604 1
558 1
576 1
573 1
523 1
529 1
544 1
508 1
519 1
571 1
557 1
551 1
595 1
579 1
551 1
591 1
587 1
541 1
556 1
552 1
505 1
519 1
546 1
517 1
519 1
557 1
533 1
518 1
556 1
536 1
506 1
548 1
551 1
521 1
552 1
566 1
529 1
554 1
595 1
573 1
580 1
616 1
584 1
556 1
585 1
562 1
533 1
569 1
569 1
533 1
556 1
564 1
530 1
555 1
593 1
569 1
570 1
605 1
569 1
544 1
578 1
553 1
511 1
532 1
519 1
474 1
494 1
508 1
475 1
498 1
541 1
523 1
531 1
577 1
558 1
547 1
593 1
586 1
561 1
602 1
600 1
560 1
583 1
595 1
554 1
565 1
591 1
552 1
542 1
572 1
544 1
530 1
585 1
587 1
570 1
611 1
615 1
576 1
597 1
605 1
555 1
551 1
558 1
508 1
485 1
511 1
479 1
461 1
511 1
511 1
491 1
533 1
538 1
505 1
535 1
563 1
539 1
561 1
599 1
572 1
568 1
607 1
584 1
564 1
599 1
580 1
536 1
564 1
561 1
530 1
574 1
616 1
597 1
610 1
629 1
577 1
552 1
577 1
545 1
513 1
547 1
531 1
499 1
534 1
539 1
508 1
540 1
568 1
536 1
543 1
561 1
518 1
509 1
560 1
549 1
537 1
580 1
565 1
530 1
570 1
584 1
557 1
591 1
619 1
587 1
595 1
618 1
581 1
569 1
607 1
579 1
542 1
555 1
517 1
467 1
497 1
509 1
482 1
516 1
546 1
517 1
533 1
573 1
547 1
543 1
588 1
572 1
549 1
583 1
563 1
521 1
550 1
560 1
529 1
555 1
577 1
541 1
555 1
595 1
572 1
567 1
609 1
584 1
557 1
592 1
573 1
531 1
560 1
564 1
523 1
536 1
551 1
515 1
527 1
570 1
550 1
543 1
580 1
553 1
528 1
567 1
563 1
535 1
574 1
587 1
553 1
576 1
599 1
557 1
557 1
586 1
551 1
538 1
579 1
562 1
536 1
576 1
568 1
527 1
545 1
540 1
493 1
510 1
538 1
512 1
526 1
569 1
547 1
540 1
584 1
566 1
540 1
582 1
575 1
535 1
561 1
567 1
528 1
550 1
576 1
540 1
537 1
566 1
532 1
515 1
552 1
531 1
506 1
548 1
548 1
517 1
553 1
564 1
533 1
564 1
602 1
580 1
592 1
633 1
607 1
590 1
626 1
601 1
563 1
590 1
575 1
528 1
547 1
547 1
504 1
522 1
549 1
518 1
520 1
550 1
516 1
498 1
538 1
523 1
502 1
553 1
565 1
543 1
584 1
600 1
561 1
579 1
604 1
569 1
565 1
593 1
556 1
538 1
576 1
560 1
534 1
568 1
564 1
526 1
557 1
570 1
532 1
547 1
573 1
535 1
530 1
563 1
530 1
510 1
550 1
536 1
510 1
555 1
563 1
539 1
578 1
598 1
564 1
575 1
598 1
559 1
555 1
588 1
558 1
541 1
586 1
575 1
550 1
587 1
578 1
531 1
550 1
556 1
511 1
516 1
535 1
499 1
495 1
538 1
522 1
520 1
577 1
578 1
559 1
597 1
592 1
553 1
584 1
603 1
568 1
578 1
597 1
552 1
546 1
592 1
575 1
561 1
600 1
576 1
530 1
556 1
545 1
501 1
522 1
534 1
494 1
499 1
520 1
482 1
483 1
532 1
524 1
524 1
581 1
578 1
554 1
594 1
599 1
564 1
596 1
618 1
583 1
591 1
610 1
563 1
540 1
559 1
518 1
489 1
523 1
507 1
480 1
525 1
540 1
519 1
555 1
581 1
550 1
565 1
596 1
562 1
556 1
597 1
577 1
559 1
599 1
585 1
549 1
587 1
599 1
570 1
598 1
611 1
567 1
572 1
596 1
563 1
558 1
594 1
565 1
534 1
562 1
539 1
500 1
533 1
540 1
498 1
516 1
526 1
481 1
491 1
524 1
500 1
501 1
547 1
535 1
525 1
574 1
572 1
545 1
576 1
579 1
545 1
574 1
600 1
564 1
569 1
599 1
563 1
554 1
592 1
564 1
538 1
579 1
574 1
539 1
565 1
558 1
507 1
518 1
534 1
499 1
512 1
558 1
540 1
541 1
584 1
565 1
549 1
601 1
600 1
573 1
604 1
605 1
561 1
575 1
587 1
539 1
534 1
559 1
528 1
516 1
554 1
533 1
511 1
556 1
555 1
528 1
563 1
570 1
533 1
561 1
591 1
563 1
571 1
603 1
567 1
550 1
586 1
557 1
521 1
546 1
528 1
485 1
517 1
532 1
503 1
531 1
559 1
524 1
521 1
545 1
512 1
510 1
568 1
567 1
560 1
615 1
619 1
593 1
633 1
647 1
607 1
621 1
636 1
584 1
564 1
572 1
518 1
485 1
514 1
490 1
464 1
505 1
507 1
485 1
533 1
560 1
536 1
560 1
581 1
542 1
541 1
577 1
551 1
544 1
593 1
580 1
550 1
580 1
568 1
533 1
576 1
604 1
579 1
596 1
609 1
562 1
556 1
586 1
554 1
531 1
558 1
528 1
496 1
537 1
538 1
509 1
550 1
574 1
538 1
551 1
567 1
524 1
523 1
561 1
539 1
528 1
568 1
551 1
522 1
560 1
561 1
532 1
567 1
582 1
543 1
559 1
586 1
558 1
571 1
621 1
598 1
576 1
605 1
573 1
533 1
565 1
561 1
521 1
544 1
551 1
516 1
538 1
577 1
555 1
562 1
604 1
579 1
559 1
588 1
558 1
518 1
552 1
550 1
514 1
536 1
543 1
499 1
510 1
541 1
515 1
527 1
582 1
570 1
552 1
583 1
555 1
513 1
542 1
541 1
507 1
535 1
549 1
514 1
536 1
571 1
546 1
549 1
587 1
559 1
541 1
585 1
574 1
549 1
591 1
596 1
551 1
565 1
564 1
518 1
531 1
571 1
546 1
544 1
575 1
541 1
518 1
555 1
541 1
513 1
553 1
560 1
529 1
560 1
581 1
548 1
569 1
610 1
581 1
572 1
600 1
564 1
534 1
571 1
561 1
535 1
578 1
583 1
545 1
564 1
571 1
529 1
544 1
584 1
564 1
564 1
601 1
565 1
534 1
568 1
555 1
527 1
567 1
574 1
535 1
559 1
576 1
536 1
542 1
567 1
532 1
525 1
561 1
539 1
522 1
566 1
556 1
521 1
550 1
546 1
506 1
534 1
563 1
535 1
551 1
585 1
553 1
545 1
583 1
559 1
536 1
575 1
568 1
538 1
571 1
574 1
537 1
560 1
583 1
547 1
555 1
582 1
547 1
534 1
571 1
543 1
519 1
558 1
547 1
517 1
553 1
563 1
530 1
559 1
587 1
553 1
553 1
577 1
541 1
535 1
584 1
576 1
561 1
604 1
595 1
558 1
587 1
585 1
543 1
563 1
587 1
554 1
560 1
594 1
561 1
547 1
581 1
554 1
516 1
543 1
523 1
482 1
510 1
517 1
482 1
507 1
536 1
511 1
531 1
576 1
561 1
563 1
617 1
602 1
573 1
601 1
575 1
524 1
547 1
553 1
511 1
519 1
530 1
487 1
491 1
534 1
520 1
525 1
580 1
574 1
559 1
603 1
597 1
559 1
588 1
595 1
553 1
566 1
579 1
525 1
515 1
545 1
518 1
513 1
565 1
558 1
541 1
591 1
594 1
565 1
594 1
596 1
548 1
550 1
559 1
515 1
520 1
565 1
547 1
542 1
586 1
566 1
536 1
572 1
568 1
530 1
560 1
572 1
533 1
549 1
571 1
536 1
538 1
579 1
558 1
552 1
599 1
588 1
565 1
604 1
600 1
563 1
591 1
593 1
544 1
551 1
566 1
521 1
515 1
548 1
519 1
498 1
531 1
508 1
480 1
524 1
539 1
522 1
563 1
585 1
563 1
597 1
643 1
619 1
616 1
636 1
589 1
552 1
578 1
545 1
501 1
524 1
509 1
465 1
491 1
508 1
481 1
514 1
565 1
558 1
572 1
619 1
597 1
579 1
614 1
590 1
548 1
567 1
543 1
487 1
501 1
506 1
469 1
491 1
532 1
514 1
526 1
578 1
565 1
558 1
614 1
616 1
596 1
637 1
635 1
594 1
610 1
614 1
562 1
557 1
568 1
519 1
502 1
526 1
493 1
475 1
527 1
527 1
508 1
548 1
551 1
511 1
535 1
554 1
523 1
545 1
587 1
567 1
566 1
602 1
572 1
550 1
592 1
583 1
555 1
586 1
579 1
535 1
562 1
581 1
546 1
560 1
593 1
563 1
560 1
602 1
579 1
561 1
604 1
593 1
557 1
583 1
570 1
514 1
522 1
527 1
484 1
492 1
521 1
492 1
492 1
539 1
526 1
513 1
561 1
555 1
528 1
572 1
586 1
560 1
595 1
623 1
587 1
587 1
599 1
550 1
530 1
564 1
544 1
529 1
572 1
566 1
542 1
587 1
602 1
570 1
598 1
612 1
570 1
572 1
598 1
558 1
541 1
570 1
536 1
503 1
532 1
514 1
475 1
506 1
516 1
488 1
517 1
542 1
513 1
527 1
568 1
545 1
541 1
580 1
556 1
535 1
580 1
573 1
541 1
574 1
578 1
540 1
561 1
587 1
557 1
570 1
607 1
577 1
556 1
584 1
553 1
528 1
571 1
568 1
540 1
577 1
584 1
544 1
559 1
567 1
520 1
520 1
557 1
533 1
528 1
570 1
548 1
518 1
555 1
551 1
519 1
563 1
584 1
556 1
577 1
593 1
548 1
545 1
572 1
536 1
520 1
552 1
531 1
515 1
575 1
584 1
556 1
580 1
574 1
520 1
530 1
551 1
518 1
528 1
570 1
550 1
542 1
587 1
569 1
545 1
582 1
570 1
527 1
547 1
541 1
499 1
522 1
556 1
535 1
550 1
593 1
565 1
553 1
598 1
581 1
556 1
598 1
593 1
555 1
586 1
594 1
555 1
570 1
587 1
542 1
532 1
551 1
515 1
503 1
551 1
545 1
528 1
575 1
575 1
538 1
564 1
570 1
525 1
543 1
575 1
546 1
548 1
581 1
550 1
536 1
581 1
568 1
545 1
581 1
575 1
538 1
567 1
578 1
538 1
550 1
570 1
528 1
525 1
561 1
533 1
525 1
578 1
569 1
544 1
575 1
565 1
526 1
559 1
583 1
555 1
568 1
587 1
541 1
530 1
556 1
522 1
507 1
556 1
554 1
542 1
597 1
600 1
562 1
584 1
586 1
537 1
544 1
564 1
527 1
526 1
569 1
549 1
529 1
565 1
543 1
512 1
549 1
553 1
526 1
567 1
593 1
564 1
580 1
600 1
561 1
555 1
593 1
566 1
544 1
582 1
563 1
527 1
555 1
546 1
495 1
511 1
523 1
487 1
503 1
538 1
512 1
523 1
578 1
569 1
564 1
610 1
594 1
560 1
596 1
592 1
553 1
574 1
584 1
537 1
540 1
563 1
528 1
529 1
581 1
572 1
559 1
599 1
575 1
535 1
564 1
566 1
532 1
558 1
572 1
529 1
535 1
556 1
515 1
503 1
540 1
517 1
503 1
552 1
546 1
520 1
566 1
576 1
544 1
569 1
582 1
539 1
544 1
574 1
546 1
549 1
595 1
577 1
558 1
592 1
572 1
533 1
567 1
574 1
537 1
562 1
581 1
539 1
551 1
593 1
570 1
567 1
604 1
575 1
545 1
576 1
557 1
518 1
546 1
549 1
513 1
536 1
556 1
521 1
532 1
567 1
540 1
536 1
580 1
557 1
537 1
581 1
576 1
548 1
584 1
588 1
548 1
566 1
582 1
541 1
540 1
569 1
535 1
523 1
560 1
532 1
505 1
544 1
535 1
504 1
544 1
553 1
523 1
556 1
589 1
558 1
565 1
594 1
558 1
543 1
584 1
565 1
537 1
571 1
554 1
512 1
539 1
547 1
519 1
557 1
596 1
573 1
583 1
606 1
562 1
539 1
575 1
554 1
532 1
575 1
566 1
525 1
551 1
556 1
514 1
534 1
564 1
533 1
540 1
576 1
547 1
539 1
582 1
565 1
542 1
577 1
564 1
524 1
554 1
563 1
533 1
562 1
595 1
564 1
571 1
607 1
577 1
563 1
603 1
579 1
543 1
572 1
555 1
514 1
539 1
548 1
512 1
536 1
564 1
536 1
543 1
582 1
558 1
552 1
605 1
594 1
573 1
612 1
601 1
553 1
568 1
559 1
500 1
503 1
518 1
481 1
485 1
525 1
512 1
525 1
586 1
574 1
541 1
566 1
549 1
505 1
536 1
552 1
524 1
556 0
596 0
570 0
576 0
613 0
579 0
555 0
583 0
553 0
518 0
562 0
577 0
552 0
578 0
579 0
531 0
534 0
547 0
503 0
504 0
548 0
533 0
532 0
588 0
581 0
560 0
601 0
598 0
559 0
584 0
595 0
556 0
566 0
588 0
549 0
541 0
573 0
542 0
522 0
558 0
540 0
514 0
557 0
561 0
527 0
553 0
557 0
509 0
519 0
551 0
525 0
534 0
582 0
563 0
551 0
601 0
593 0
565 0
600 0
593 0
549 0
565 0
567 0
519 0
528 0
555 0
525 0
526 0
565 0
541 0
520 0
561 0
544 0
515 0
561 0
576 0
548 0
577 0
592 0
552 0
570 0
610 0
587 0
581 0
607 0
562 0
526 0
557 0
544 0
522 0
567 0
578 0
549 0
588 0
612 0
580 0
592 0
616 0
570 0
548 0
568 0
523 0
486 0
517 0
502 0
472 0
513 0
522 0
489 0
515 0
534 0
501 0
521 0
562 0
542 0
547 0
590 0
568 0
549 0
595 0
583 0
549 0
580 0
581 0
540 0
569 0
590 0
551 0
560 0
590 0
560 0
553 0
591 0
566 0
542 0
578 0
561 0
524 0
555 0
559 0
523 0
553 0
574 0
533 0
534 0
557 0
517 0
508 0
553 0
534 0
516 0
562 0
560 0
539 0
584 0
595 0
553 0
562 0
568 0
521 0
523 0
554 0
524 0
523 0
575 0
565 0
554 0
603 0
595 0
564 0
596 0
601 0
560 0
573 0
582 0
533 0
531 0
562 0
533 0
520 0
560 0
539 0
517 0
557 0
550 0
527 0
580 0
606 0
577 0
594 0
595 0
539 0
532 0
562 0
530 0
523 0
567 0
549 0
525 0
566 0
558 0
526 0
567 0
586 0
554 0
572 0
588 0
545 0
550 0
588 0
563 0
552 0
588 0
559 0
521 0
548 0
528 0
489 0
526 0
548 0
518 0
545 0
572 0
540 0
555 0
607 0
590 0
576 0
607 0
572 0
532 0
558 0
542 0
501 0
534 0
550 0
518 0
542 0
562 0
521 0
518 0
554 0
526 0
515 0
557 0
537 0
509 0
552 0
557 0
529 0
566 0
578 0
542 0
564 0
596 0
571 0
585 0
627 0
600 0
579 0
603 0
568 0
529 0
566 0
562 0
526 0
557 0
567 0
524 0
537 0
556 0
516 0
515 0
552 0
532 0
526 0
574 0
559 0
530 0
562 0
556 0
522 0
554 0
569 0
534 0
556 0
590 0
563 0
570 0
610 0
577 0
556 0
591 0
569 0
536 0
572 0
569 0
532 0
558 0
564 0
525 0
543 0
582 0
561 0
569 0
610 0
581 0
563 0
600 0
577 0
542 0
575 0
567 0
526 0
545 0
549 0
503 0
513 0
545 0
520 0
528 0
572 0
551 0
534 0
582 0
572 0
545 0
576 0
564 0
515 0
534 0
542 0
504 0
523 0
556 0
530 0
532 0
573 0
545 0
528 0
573 0
564 0
536 0
575 0
577 0
542 0
577 0
603 0
569 0
577 0
595 0
551 0
541 0
572 0
542 0
520 0
560 0
548 0
517 0
552 0
548 0
507 0
536 0
559 0
526 0
541 0
575 0
540 0
537 0
581 0
560 0
538 0
574 0
551 0
500 0
507 0
487 0
454 0
513 0
583 0
595 0
631 0
656 0
616 0
610 0
662 0
649 0
631 0
660 0
632 0
582 0
603 0
592 0
534 0
537 0
534 0
485 0
492 0
527 0
502 0
505 0
553 0
539 0
525 0
569 0
558 0
528 0
572 0
582 0
545 0
568 0
581 0
537 0
545 0
577 0
532 0
498 0
505 0
466 0
456 0
528 0
558 0
558 0
607 0
616 0
575 0
585 0
591 0
543 0
543 0
569 0
532 0
519 0
561 0
542 0
528 0
578 0
575 0
543 0
575 0
574 0
526 0
538 0
549 0
509 0
517 0
558 0
529 0
506 0
527 0
499 0
502 0
594 0
642 0
648 0
697 0
691 0
626 0
609 0
590 0
518 0
496 0
514 0
476 0
462 0
503 0
490 0
471 0
523 0
527 0
504 0
545 0
560 0
532 0
569 0
606 0
583 0
597 0
629 0
592 0
568 0
594 0
557 0
522 0
560 0
556 0
521 0
548 0
548 0
502 0
524 0
557 0
535 0
552 0
595 0
568 0
554 0
589 0
563 0
535 0
576 0
575 0
534 0
546 0
530 0
486 0
530 0
598 0
589 0
588 0
595 0
534 0
513 0
573 0
584 0
583 0
637 0
634 0
596 0
611 0
602 0
546 0
553 0
571 0
534 0
533 0
562 0
525 0
503 0
541 0
519 0
493 0
533 0
528 0
477 0
487 0
485 0
462 0
525 0
611 0
628 0
650 0
680 0
632 0
597 0
621 0
583 0
523 0
514 0
471 0
425 0
483 0
546 0
563 0
622 0
670 0
636 0
621 0
631 0
570 0
522 0
539 0
500 0
443 0
438 0
403 0
364 0
424 0
498 0
533 0
611 0
677 0
655 0
637 0
640 0
587 0
569 0
630 0
633 0
615 0
649 0
632 0
576 0
586 0
587 0
544 0
556 0
582 0
531 0
485 0
471 0
406 0
380 0
444 0
472 0
487 0
559 0
583 0
568 0
618 0
644 0
616 0
625 0
640 0
578 0
532 0
526 0
472 0
453 0
524 0
552 0
543 0
582 0
573 0
531 0
567 0
601 0
583 0
609 0
635 0
583 0
542 0
534 0
479 0
456 0
516 0
532 0
531 0
590 0
608 0
576 0
603 0
622 0
591 0
616 0
655 0
612 0
569 0
555 0
485 0
445 0
493 0
509 0
513 0
577 0
596 0
559 0
572 0
566 0
499 0
477 0
481 0
440 0
454 0
538 0
569 0
600 0
677 0
679 0
641 0
660 0
639 0
572 0
554 0
528 0
464 0
472 0
519 0
499 0
487 0
507 0
479 0
490 0
596 0
649 0
656 0
694 0
679 0
607 0
601 0
597 0
548 0
556 0
592 0
551 0
507 0
491 0
424 0
389 0
453 0
493 0
517 0
591 0
618 0
569 0
558 0
535 0
477 0
501 0
579 0
600 0
636 0
697 0
676 0
641 0
659 0
617 0
532 0
497 0
444 0
380 0
415 0
477 0
490 0
539 0
601 0
591 0
597 0
647 0
626 0
595 0
617 0
583 0
535 0
563 0
571 0
536 0
564 0
594 0
559 0
558 0
577 0
520 0
470 0
470 0
424 0
402 0
470 0
508 0
526 0
602 0
636 0
613 0
637 0
647 0
597 0
583 0
600 0
556 0
538 0
580 0
556 0
503 0
498 0
452 0
404 0
459 0
518 0
540 0
611 0
670 0
652 0
657 0
676 0
618 0
562 0
551 0
493 0
454 0
507 0
531 0
535 0
606 0
643 0
598 0
578 0
547 0
469 0
464 0
520 0
527 0
549 0
621 0
628 0
620 0
658 0
637 0
566 0
543 0
504 0
442 0
467 0
521 0
525 0
565 0
627 0
595 0
548 0
542 0
485 0
452 0
515 0
548 0
549 0
615 0
657 0
649 0
683 0
709 0
651 0
605 0
579 0
501 0
464 0
506 0
505 0
496 0
551 0
558 0
533 0
575 0
594 0
540 0
520 0
498 0
434 0
443 0
524 0
558 0
595 0
665 0
649 0
590 0
571 0
509 0
425 0
423 0
431 0
421 0
495 0
592 0
622 0
666 0
723 0
681 0
621 0
590 0
508 0
445 0
488 0
520 0
525 0
585 0
615 0
570 0
554 0
544 0
487 0
489 0
555 0
569 0
587 0
648 0
627 0
567 0
557 0
510 0
454 0
494 0
544 0
552 0
607 0
664 0
629 0
590 0
573 0
503 0
471 0
534 0
558 0
568 0
633 0
645 0
605 0
614 0
596 0
516 0
481 0
467 0
415 0
425 0
507 0
540 0
580 0
669 0
681 0
634 0
624 0
570 0
494 0
517 0
556 0
554 0
597 0
646 0
615 0
592 0
595 0
532 0
486 0
515 0
495 0
449 0
456 0
428 0
381 0
428 0
492 0
511 0
577 0
647 0
627 0
606 0
608 0
550 0
517 0
573 0
595 0
600 0
661 0
668 0
605 0
583 0
546 0
472 0
478 0
528 0
531 0
563 0
634 0
614 0
568 0
564 0
511 0
457 0
501 0
535 0
534 0
594 0
636 0
602 0
588 0
578 0
517 0
510 0
578 0
589 0
585 0
613 0
574 0
516 0
543 0
547 0
502 0
510 0
511 0
468 0
495 0
564 0
580 0
623 0
707 0
703 0
654 0
626 0
538 0
449 0
462 0
480 0
475 0
534 0
578 0
538 0
513 0
499 0
437 0
433 0
513 0
547 0
578 0
655 0
657 0
608 0
601 0
563 0
496 0
513 0
549 0
538 0
565 0
615 0
594 0
589 0
630 0
611 0
595 0
641 0
623 0
555 0
539 0
491 0
412 0
409 0
429 0
417 0
478 0
590 0
634 0
675 0
741 0
723 0
675 0
683 0
638 0
567 0
562 0
539 0
481 0
488 0
504 0
455 0
439 0
446 0
405 0
404 0
484 0
518 0
553 0
650 0
684 0
654 0
657 0
624 0
549 0
556 0
589 0
574 0
598 0
647 0
612 0
561 0
536 0
457 0
404 0
458 0
498 0
521 0
607 0
648 0
613 0
606 0
589 0
517 0
504 0
546 0
535 0
539 0
597 0
581 0
534 0
543 0
509 0
459 0
491 0
517 0
502 0
550 0
598 0
567 0
544 0
533 0
463 0
434 0
493 0
514 0
534 0
618 0
645 0
605 0
603 0
567 0
494 0
514 0
571 0
585 0
631 0
694 0
667 0
621 0
604 0
530 0
470 0
505 0
520 0
500 0
534 0
539 0
499 0
534 0
595 0
590 0
608 0
649 0
608 0
565 0
573 0
530 0
496 0
556 0
593 0
603 0
663 0
686 0
626 0
586 0
550 0
470 0
459 0
515 0
523 0
544 0
619 0
613 0
561 0
548 0
492 0
430 0
473 0
535 0
554 0
612 0
663 0
624 0
578 0
558 0
483 0
449 0
508 0
532 0
543 0
611 0
620 0
569 0
562 0
532 0
470 0
488 0
549 0
562 0
606 0
679 0
662 0
610 0
594 0
524 0
457 0
489 0
506 0
496 0
548 0
580 0
537 0
521 0
510 0
451 0
455 0
529 0
556 0
578 0
642 0
623 0
561 0
554 0
516 0
461 0
501 0
556 0
562 0
612 0
668 0
651 0
649 0
680 0
625 0
550 0
516 0
441 0
387 0
447 0
506 0
533 0
611 0
655 0
616 0
596 0
581 0
510 0
492 0
550 0
559 0
572 0
638 0
630 0
578 0
582 0
552 0
503 0
540 0
584 0
576 0
610 0
650 0
603 0
552 0
529 0
453 0
413 0
477 0
510 0
527 0
605 0
632 0
580 0
564 0
529 0
451 0
450 0
502 0
506 0
531 0
589 0
566 0
524 0
527 0
485 0
444 0
499 0
546 0
556 0
620 0
661 0
616 0
587 0
571 0
493 0
463 0
507 0
504 0
508 0
576 0
583 0
543 0
546 0
516 0
463 0
501 0
566 0
586 0
643 0
709 0
678 0
634 0
616 0
538 0
488 0
539 0
560 0
561 0
621 0
636 0
576 0
554 0
528 0
465 0
474 0
544 0
565 0
595 0
665 0
648 0
597 0
589 0
535 0
480 0
524 0
560 0
558 0
611 0
647 0
598 0
561 0
539 0
462 0
439 0
500 0
524 0
543 0
620 0
631 0
576 0
562 0
519 0
452 0
480 0
543 0
556 0
603 0
660 0
629 0
594 0
596 0
542 0
503 0
554 0
570 0
557 0
605 0
620 0
558 0
540 0
528 0
475 0
492 0
557 0
556 0
559 0
609 0
595 0
574 0
620 0
619 0
580 0
603 0
597 0
534 0
521 0
514 0
454 0
445 0
485 0
467 0
468 0
527 0
526 0
510 0
559 0
560 0
527 0
564 0
581 0
543 0
555 0
574 0
530 0
525 0
559 0
533 0
532 0
594 0
597 0
581 0
622 0
611 0
564 0
588 0
603 0
564 0
578 0
595 0
545 0
531 0
557 0
522 0
502 0
543 0
532 0
514 0
563 0
573 0
548 0
590 0
616 0
581 0
590 0
599 0
539 0
519 0
549 0
516 0
494 0
530 0
509 0
480 0
526 0
542 0
524 0
571 0
601 0
576 0
594 0
620 0
578 0
568 0
600 0
565 0
540 0
576 0
555 0
524 0
567 0
571 0
537 0
562 0
575 0
531 0
542 0
573 0
543 0
541 0
586 0
566 0
549 0
592 0
575 0
544 0
582 0
584 0
542 0
561 0
565 0
518 0
529 0
562 0
532 0
528 0
568 0
541 0
520 0
564 0
555 0
524 0
562 0
564 0
522 0
545 0
558 0
520 0
535 0
574 0
551 0
554 0
597 0
572 0
551 0
589 0
573 0
534 0
567 0
565 0
525 0
547 0
565 0
521 0
527 0
559 0
523 0
519 0
563 0
546 0
534 0
588 0
586 0
553 0
578 0
567 0
517 0
537 0
557 0
523 0
535 0
570 0
541 0
536 0
581 0
559 0
543 0
596 0
596 0
565 0
594 0
586 0
533 0
550 0
570 0
534 0
539 0
571 0
538 0
532 0
576 0
556 0
537 0
584 0
579 0
546 0
579 0
575 0
526 0
545 0
566 0
531 0
545 0
586 0
562 0
568 0
623 0
615 0
598 0
638 0
623 0
575 0
587 0
570 0
509 0
517 0
532 0
498 0
509 0
547 0
513 0
500 0
542 0
522 0
503 0
551 0
549 0
515 0
548 0
553 0
509 0
528 0
553 0
522 0
529 0
566 0
540 0
537 0
590 0
579 0
559 0
599 0
586 0
548 0
581 0
592 0
559 0
578 0
597 0
547 0
534 0
556 0
520 0
504 0
550 0
537 0
515 0
557 0
550 0
515 0
553 0
571 0
537 0
555 0
570 0
526 0
529 0
570 0
549 0
545 0
594 0
577 0
547 0
582 0
571 0
528 0
559 0
574 0
538 0
557 0
580 0
542 0
541 0
578 0
550 0
536 0
575 0
552 0
523 0
563 0
563 0
529 0
564 0
576 0
536 0
551 0
573 0
531 0
533 0
578 0
556 0
545 0
590 0
572 0
542 0
583 0
579 0
542 0
567 0
574 0
529 0
546 0
573 0
540 0
542 0
580 0
551 0
532 0
570 0
546 0
516 0
559 0
565 0
531 0
561 0
571 0
527 0
540 0
565 0
529 0
526 0
563 0
539 0
528 0
577 0
569 0
549 0
597 0
603 0
568 0
594 0
596 0
543 0
545 0
565 0
522 0
514 0
547 0
517 0
499 0
547 0
544 0
527 0
577 0
584 0
552 0
579 0
590 0
549 0
562 0
594 0
563 0
563 0
602 0
571 0
549 0
589 0
568 0
529 0
557 0
548 0
502 0
525 0
541 0
505 0
521 0
559 0
536 0
542 0
591 0
571 0
555 0
599 0
586 0
556 0
593 0
590 0
548 0
572 0
583 0
540 0
542 0
562 0
519 0
508 0
548 0
530 0
515 0
566 0
560 0
528 0
560 0
556 0
513 0
539 0
558 0
523 0
537 0
569 0
541 0
544 0
596 0
584 0
570 0
616 0
599 0
558 0
583 0
578 0
534 0
565 0
594 0
563 0
572 0
595 0
550 0
528 0
557 0
526 0
503 0
545 0
537 0
509 0
548 0
557 0
521 0
552 0
576 0
540 0
546 0
573 0
532 0
522 0
567 0
549 0
528 0
568 0
554 0
520 0
565 0
585 0
561 0
589 0
605 0
558 0
555 0
574 0
531 0
521 0
568 0
555 0
540 0
584 0
568 0
524 0
548 0
549 0
507 0
530 0
552 0
514 0
523 0
563 0
541 0
538 0
585 0
564 0
539 0
575 0
565 0
537 0
586 0
609 0
583 0
612 0
630 0
586 0
584 0
611 0
569 0
547 0
579 0
547 0
513 0
544 0
530 0
493 0
532 1
554 1
531 1
560 1
586 1
551 1
557 1
592 1
559 1
540 1
564 1
521 1
489 1
541 1
550 1
525 1
564 1
575 1
535 1
552 1
572 1
536 1
548 1
604 1
595 1
588 1
621 1
581 1
533 1
564 1
563 1
531 1
563 1
565 1
514 1
522 1
530 1
484 1
485 1
533 1
518 1
518 1
570 1
559 1
532 1
576 1
576 1
542 1
578 1
589 1
550 1
566 1
594 1
560 1
563 1
595 1
563 1
552 1
601 1
591 1
567 1
609 1
603 1
563 1
591 1
593 1
538 1
541 1
554 1
508 1
502 1
540 1
519 1
513 1
565 1
555 1
532 1
575 1
574 1
536 1
561 1
566 1
516 1
523 1
541 1
498 1
498 1
542 1
521 1
515 1
573 1
574 1
560 1
614 1
617 1
580 1
605 1
609 1
563 1
573 1
596 1
556 1
544 1
566 1
525 1
504 1
551 1
544 1
523 1
567 1
563 1
523 1
552 1
570 1
533 1
549 1
576 1
534 1
522 1
551 1
518 1
493 1
533 1
521 1
500 1
550 1
560 1
532 1
570 1
592 1
558 1
573 1
597 1
554 1
544 1
578 1
546 1
522 1
557 1
538 1
506 1
551 1
563 1
537 1
575 1
600 1
565 1
569 1
584 1
534 1
521 1
560 1
537 1
521 1
566 1
553 1
524 1
567 1
572 1
540 1
576 1
602 1
573 1
589 1
622 1
586 1
576 1
614 1
584 1
553 1
581 1
550 1
506 1
539 1
543 1
505 1
531 1
544 1
509 1
535 1
582 1
562 1
556 1
590 1
551 1
514 1
545 1
528 1
495 1
540 1
557 1
525 1
555 1
575 1
540 1
555 1
596 1
572 1
574 1
617 1
594 1
572 1
610 1
594 1
555 1
587 1
587 1
541 1
560 1
571 1
529 1
542 1
590 1
578 1
587 1
637 1
618 1
595 1
633 1
618 1
579 1
603 1
592 1
534 1
535 1
530 1
470 1
461 1
482 1
441 1
427 1
468 1
447 1
435 1
493 1
504 1
486 1
540 1
560 1
528 1
547 1
560 1
520 1
531 1
578 1
566 1
581 1
642 1
635 1
615 1
648 1
625 1
577 1
602 1
599 1
553 1
571 1
589 1
545 1
543 1
572 1
536 1
520 1
559 1
538 1
517 1
569 1
573 1
547 1
581 1
584 1
538 1
553 1
572 1
533 1
536 1
567 1
532 1
522 1
571 1
554 1
532 1
574 1
568 1
531 1
559 1
563 1
519 1
537 1
565 1
533 1
536 1
567 1
532 1
520 1
562 1
547 1
528 1
574 1
570 1
534 1
568 1
579 1
546 1
575 1
609 1
582 1
591 1
630 1
599 1
571 1
597 1
558 1
509 1
534 1
521 1
485 1
523 1
538 1
504 1
533 1
566 1
540 1
551 1
590 1
564 1
553 1
604 1
595 1
568 1
605 1
594 1
544 1
567 1
574 1
526 1
534 1
554 1
512 1
515 1
560 1
538 1
526 1
565 1
541 1
506 1
540 1
534 1
498 1
535 1
556 1
527 1
557 1
600 1
585 1
610 1
671 1
658 1
641 1
668 1
630 1
582 1
605 1
590 1
540 1
554 1
553 1
500 1
500 1
511 1
465 1
463 1
508 1
493 1
486 1
537 1
523 1
497 1
547 1
558 1
532 1
571 1
588 1
547 1
554 1
576 1
543 1
546 1
600 1
586 1
570 1
604 1
575 1
532 1
567 1
562 1
518 1
538 1
541 1
497 1
514 1
556 1
532 1
535 1
580 1
560 1
546 1
596 1
589 1
557 1
590 1
583 1
538 1
556 1
563 1
514 1
520 1
546 1
512 1
505 1
537 1
501 1
474 1
517 1
508 1
488 1
543 1
565 1
543 1
579 1
602 1
568 1
580 1
614 1
582 1
574 1
610 1
582 1
562 1
604 1
591 1
555 1
587 1
581 1
536 1
558 1
572 1
537 1
557 1
604 1
583 1
578 1
615 1
582 1
550 1
589 1
576 1
537 1
565 1
559 1
513 1
538 1
559 1
527 1
541 1
573 1
538 1
526 1
558 1
527 1
498 1
538 1
526 1
489 1
524 1
534 1
499 1
532 1
561 1
528 1
541 1
580 1
557 1
558 1
606 1
585 1
560 1
595 1
579 1
538 1
566 1
565 1
521 1
547 1
575 1
545 1
559 1
598 1
559 1
542 1
577 1
550 1
528 1
575 1
574 1
543 1
573 1
575 1
535 1
560 1
590 1
562 1
571 1
599 1
560 1
545 1
582 1
551 1
514 1
542 1
519 1
478 1
514 1
529 1
499 1
535 1
573 1
551 1
566 1
606 1
576 1
564 1
611 1
595 1
574 1
613 1
598 1
552 1
577 1
578 1
527 1
542 1
560 1
523 1
529 1
569 1
541 1
534 1
583 1
567 1
537 1
567 1
549 1
500 1
533 1
551 1
526 1
556 1
585 1
552 1
561 1
605 1
580 1
570 1
607 1
583 1
553 1
591 1
581 1
540 1
566 1
572 1
529 1
549 1
576 1
542 1
539 1
572 1
535 1
506 1
533 1
500 1
464 1
503 1
505 1
482 1
531 1
556 1
531 1
560 1
589 1
555 1
557 1
598 1
570 1
551 1
590 1
571 1
544 1
591 1
594 1
558 1
587 1
597 1
560 1
582 1
611 1
574 1
566 1
589 1
546 1
517 1
545 1
520 1
489 1
534 1
542 1
504 1
533 1
545 1
503 1
523 1
559 1
534 1
540 1
586 1
563 1
549 1
593 1
579 1
554 1
593 1
591 1
550 1
577 1
590 1
553 1
577 1
615 1
584 1
578 1
608 1
565 1
536 1
572 1
553 1
516 1
551 1
550 1
512 1
541 1
557 1
520 1
535 1
568 1
535 1
533 1
568 1
537 1
517 1
561 1
547 1
519 1
565 1
568 1
536 1
570 1
591 1
552 1
560 1
578 1
532 1
513 1
542 1
515 1
500 1
553 1
551 1
527 1
564 1
561 1
520 1
552 1
578 1
549 1
569 1
601 1
568 1
563 1
608 1
583 1
562 1
603 1
587 1
545 1
570 1
561 1
513 1
535 1
554 1
519 1
532 1
567 1
536 1
532 1
571 1
542 1
520 1
565 1
557 1
532 1
574 1
579 1
543 1
575 1
604 1
572 1
576 1
594 1
545 1
521 1
557 1
536 1
514 1
558 1
549 1
522 1
569 1
584 1
554 1
586 1
607 1
568 1
571 1
595 1
554 1
541 1
585 1
563 1
537 1
570 1
548 1
502 1
533 1
542 1
506 1
536 1
565 1
536 1
543 1
571 1
532 1
522 1
569 1
557 1
542 1
582 1
566 1
523 1
553 1
558 1
515 1
538 1
563 1
527 1
541 1
584 1
556 1
547 1
587 1
563 1
537 1
578 1
571 1
539 1
578 1
589 1
551 1
569 1
581 1
536 1
540 1
578 1
548 1
539 1
580 1
554 1
528 1
573 1
576 1
547 1
584 1
589 1
540 1
551 1
568 1
531 1
536 1
573 1
539 1
521 1
551 1
524 1
505 1
561 1
572 1
546 1
583 1
588 1
541 1
553 1
568 1
522 1
523 1
563 1
544 1
539 1
584 1
561 1
530 1
564 1
557 1
522 1
557 1
570 1
532 1
554 1
580 1
550 1
564 1
613 1
592 1
580 1
617 1
586 1
551 1
588 1
581 1
537 1
557 1
557 1
512 1
534 1
569 1
541 1
542 1
575 1
539 1
524 1
568 1
547 1
517 1
560 1
560 1
528 1
562 1
568 1
523 1
535 1
561 1
528 1
531 1
576 1
557 1
550 1
604 1
599 1
577 1
619 1
612 1
561 1
568 1
551 1
488 1
488 1
503 1
464 1
466 1
511 1
497 1
502 1
569 1
572 1
552 1
591 1
585 1
543 1
574 1
597 1
562 1
581 1
610 1
573 1
563 1
590 1
549 1
522 1
560 1
546 1
520 1
561 1
558 1
516 1
545 1
563 1
529 1
552 1
592 1
561 1
560 1
600 1
572 1
548 1
584 1
563 1
526 1
563 1
566 1
536 1
572 1
591 1
549 1
554 1
567 1
521 1
513 1
552 1
531 1
520 1
578 1
576 1
554 1
596 1
595 1
545 1
562 1
569 1
521 1
531 1
562 1
530 1
525 1
564 1
540 1
523 1
566 1
553 1
518 1
556 1
557 1
522 1
558 1
584 1
551 1
567 1
603 1
570 1
568 1
614 1
590 1
564 1
594 1
567 1
524 1
553 1
556 1
517 1
538 1
550 1
508 1
517 1
551 1
523 1
523 1
575 1
558 1
545 1
595 1
583 1
549 1
586 1
593 1
554 1
572 1
581 1
531 1
529 1
557 1
525 1
517 1
563 1
543 1
522 1
561 1
550 1
524 1
576 1
598 1
573 1
606 1
625 1
587 1
590 1
619 1
579 1
558 1
587 1
551 1
511 1
540 1
519 1
475 1
506 1
515 1
486 1
524 1
560 1
536 1
552 1
593 1
564 1
555 1
589 1
561 1
533 1
578 1
569 1
531 1
559 1
562 1
520 1
547 1
574 1
542 1
552 1
591 1
561 1
546 1
582 1
553 1
527 1
572 1
572 1
540 1
574 1
575 1
531 1
552 1
575 1
535 1
529 1
552 1
506 1
484 1
522 1
504 1
489 1
551 1
570 1
555 1
603 1
617 1
576 1
584 1
592 1
542 1
533 1
561 1
529 1
523 1
577 1
569 1
547 1
589 1
575 1
526 1
548 1
551 1
505 1
526 1
556 1
528 1
537 1
580 1
554 1
544 1
591 1
577 1
554 1
598 1
600 1
565 1
594 1
597 1
546 1
555 1
572 1
529 1
527 1
560 1
525 1
511 1
558 1
547 1
526 1
568 1
564 1
524 1
553 1
569 1
533 1
552 1
579 1
543 1
542 1
578 1
547 1
532 1
577 1
561 1
532 1
571 1
564 1
527 1
562 1
584 1
551 1
566 1
593 1
558 1
559 1
605 1
573 1
547 1
587 1
571 1
542 1
575 1
563 1
518 1
548 1
565 1
532 1
552 1
581 1
549 1
552 1
602 1
579 1
558 1
589 1
560 1
510 1
534 1
525 1
480 1
509 1
530 1
500 1
524 1
561 1
534 1
542 1
589 1
569 1
554 1
593 1
574 1
538 1
576 1
576 1
537 1
563 1
577 1
532 1
542 1
569 1
532 1
527 1
570 1
551 1
536 1
579 1
563 1
530 1
569 1
575 1
542 1
575 1
593 1
556 1
573 1
611 1
580 1
578 1
618 1
579 1
542 1
565 1
536 1
495 1
534 1
540 1
504 1
530 1
545 1
508 1
524 1
568 1
548 1
551 1
596 1
568 1
544 1
583 1
565 1
523 1
550 1
543 1
499 1
530 1
560 1
533 1
553 1
596 1
570 1
565 1
602 1
571 1
544 1
586 1
581 1
557 1
599 1
603 1
556 1
569 1
572 1
517 1
514 1
540 1
502 1
493 1
534 1
511 1
494 1
544 1
543 1
513 1
547 1
551 1
516 1
554 1
596 1
578 1
594 1
630 1
595 1
582 1
615 1
579 1
543 1
579 1
566 1
531 1
565 1
563 1
514 1
530 1
550 1
513 1
523 1
563 1
540 1
537 1
587 1
569 1
544 1
584 1
573 1
537 1
571 1
577 1
535 1
555 1
571 1
529 1
530 1
560 1
533 1
536 1
604 1
608 1
599 1
647 1
640 1
590 1
607 1
594 1
526 1
521 1
524 1
474 1
471 1
502 1
472 1
468 1
523 1
520 1
510 1
564 1
569 1
542 1
588 1
606 1
571 1
591 1
611 1
563 1
555 1
579 1
541 1
523 1
565 1
548 1
523 1
566 1
562 1
524 1
552 1
560 1
521 1
544 1
570 1
538 1
546 1
588 1
557 1
540 1
581 1
559 1
527 1
563 1
555 1
514 1
545 1
558 1
518 1
537 1
565 1
535 1
545 1
589 1
566 1
554 1
594 1
575 1
548 1
590 1
587 1
549 1
581 1
596 1
551 1
562 1
580 1
532 1
525 1
564 1
539 1
525 1
566 1
545 1
516 1
562 1
572 1
549 1
588 1
607 1
571 1
588 1
612 1
572 1
567 1
602 1
566 1
542 1
578 1
550 1
511 1
539 1
528 1
484 1
507 1
518 1
479 1
503 1
551 1
538 1
557 1
610 1
588 1
566 1
598 1
574 1
544 1
595 1
607 1
574 1
596 1
592 1
532 1
533 1
561 1
532 1
538 1
587 1
567 1
549 1
584 1
559 1
519 1
557 1
562 1
529 1
558 1
571 1
527 1
539 1
570 1
539 1
536 1
572 1
540 1
520 1
571 1
564 1
534 1
568 1
561 1
513 1
539 1
559 1
517 1
528 1
557 1
522 1
513 1
548 1
517 1
496 1
544 1
545 1
528 1
580 1
590 1
559 1
595 1
620 1
588 1
604 1
640 1
607 1
598 1
630 1
592 1
555 1
583 1
560 1
515 1
540 1
531 1
485 1
511 1
538 1
507 1
521 1
548 1
511 1
508 1
561 1
551 1
537 1
587 1
576 1
539 1
572 1
572 1
528 1
555 1
578 1
544 1
549 1
575 1
534 1
523 1
566 1
545 1
526 1
570 1
561 1
534 1
584 1
607 1
581 1
612 1
630 1
582 1
578 1
604 1
563 1
547 1
584 1
551 1
514 1
542 1
520 1
475 1
501 1
504 1
469 1
501 1
536 1
513 1
536 1
582 1
561 1
563 1
617 1
603 1
586 1
627 1
611 1
563 1
581 1
574 1
521 1
534 1
551 1
516 1
527 1
571 1
548 1
538 1
578 1
552 1
521 1
556 1
544 1
511 1
557 1
579 1
547 1
571 1
585 1
538 1
534 1
569 1
539 1
533 1
581 1
567 1
545 1
593 1
591 1
552 1
579 1
581 1
537 1
556 1
583 1
553 1
569 1
611 1
583 1
567 1
601 1
573 1
539 1
577 1
570 1
532 1
564 1
574 1
528 1
539 1
556 1
510 1
505 1
540 1
508 1
493 1
537 1
522 1
501 1
548 1
555 1
525 1
561 1
572 1
534 1
560 1
594 1
563 1
563 1
599 1
565 1
549 1
591 1
575 1
545 1
585 1
579 1
532 1
549 1
547 1
501 1
520 1
560 1
537 1
548 1
588 1
559 1
545 1
591 1
575 1
544 1
580 1
570 1
520 1
541 1
545 1
501 1
521 1
559 1
538 1
548 1
593 1
570 1
557 1
601 1
585 1
552 1
582 1
573 1
534 1
568 1
589 1
558 1
579 1
611 1
575 1
567 1
598 1
557 1
529 1
568 1
551 1
513 1
541 1
529 1
486 1
518 1
546 1
518 1
535 1
565 1
531 1
531 1
578 1
557 1
545 1
592 1
576 1
543 1
580 1
576 1
536 1
567 1
590 1
552 1
562 1
586 1
550 1
539 1
579 1
554 1
531 1
574 1
561 1
529 1
563 1
560 1
521 1
555 1
579 1
546 1
563 1
591 1
555 1
545 1
583 1
547 1
515 1
548 1
530 1
497 1
540 1
552 1
519 1
551 1
576 1
544 1
558 1
590 1
550 1
538 1
573 1
548 1
527 1
570 1
555 1
515 1
547 1
549 1
504 1
526 1
547 1
511 1
532 1
583 1
570 1
579 1
634 1
616 1
591 1
619 1
590 1
543 1
568 1
567 1
524 1
546 1
561 1
522 1
536 1
577 1
551 1
545 1
590 1
566 1
545 1
586 1
573 1
526 1
551 1
547 1
502 1
524 1
550 1
520 1
534 1
573 1
548 1
546 1
593 1
575 1
553 1
596 1
587 1
546 1
577 1
579 1
531 1
545 1
557 1
512 1
517 1
556 1
529 1
521 1
557 1
531 1
509 1
558 1
562 1
538 1
577 1
587 1
547 1
567 1
576 1
527 1
535 0
583 0
564 0
561 0
607 0
580 0
549 0
585 0
574 0
531 0
565 0
588 0
562 0
592 0
614 0
572 0
558 0
575 0
532 0
516 0
564 0
552 0
533 0
581 0
575 0
536 0
564 0
567 0
526 0
548 0
580 0
547 0
551 0
584 0
548 0
520 0
552 0
525 0
487 0
524 0
521 0
494 0
539 0
563 0
536 0
568 0
603 0
571 0
574 0
604 0
567 0
545 0
585 0
563 0
532 0
570 0
566 0
526 0
558 0
572 0
531 0
552 0
584 0
554 0
556 0
594 0
565 0
550 0
594 0
575 0
541 0
573 0
560 0
519 0
554 0
575 0
539 0
557 0
581 0
535 0
526 0
560 0
529 0
515 0
567 0
561 0
539 0
582 0
579 0
540 0
569 0
583 0
544 0
558 0
580 0
537 0
530 0
565 0
534 0
518 0
569 0
562 0
539 0
583 0
585 0
544 0
575 0
594 0
555 0
562 0
575 0
527 0
519 0
562 0
542 0
527 0
565 0
542 0
504 0
537 0
535 0
495 0
526 0
548 0
517 0
537 0
569 0
530 0
522 0
561 0
536 0
521 0
567 0
558 0
529 0
568 0
572 0
536 0
564 0
582 0
545 0
561 0
597 0
569 0
573 0
622 0
599 0
575 0
608 0
577 0
532 0
564 0
569 0
532 0
564 0
587 0
554 0
569 0
602 0
565 0
545 0
568 0
525 0
493 0
533 0
525 0
498 0
545 0
558 0
530 0
566 0
590 0
556 0
568 0
605 0
574 0
565 0
600 0
567 0
535 0
575 0
565 0
530 0
565 0
567 0
521 0
536 0
547 0
505 0
518 0
561 0
539 0
537 0
577 0
550 0
524 0
569 0
562 0
531 0
567 0
574 0
533 0
562 0
588 0
551 0
556 0
584 0
549 0
538 0
583 0
563 0
543 0
585 0
574 0
535 0
568 0
572 0
533 0
562 0
590 0
555 0
562 0
596 0
557 0
543 0
584 0
561 0
537 0
583 0
580 0
545 0
579 0
582 0
540 0
560 0
581 0
537 0
530 0
546 0
500 0
482 0
525 0
508 0
491 0
543 0
547 0
519 0
558 0
572 0
536 0
566 0
600 0
575 0
588 0
631 0
600 0
579 0
605 0
563 0
514 0
531 0
508 0
469 0
513 0
545 0
524 0
561 0
594 0
557 0
556 0
588 0
554 0
548 0
604 0
598 0
576 0
606 0
586 0
532 0
555 0
567 0
530 0
545 0
564 0
521 0
525 0
568 0
547 0
544 0
599 0
589 0
564 0
603 0
588 0
541 0
564 0
570 0
521 0
533 0
551 0
508 0
501 0
537 0
507 0
490 0
533 0
515 0
487 0
526 0
525 0
496 0
545 0
580 0
563 0
596 0
628 0
594 0
590 0
626 0
591 0
567 0
604 0
582 0
545 0
580 0
574 0
528 0
553 0
563 0
524 0
542 0
574 0
541 0
539 0
575 0
546 0
528 0
572 0
556 0
526 0
567 0
566 0
529 0
562 0
581 0
542 0
559 0
587 0
553 0
549 0
591 0
565 0
541 0
576 0
553 0
523 0
571 0
585 0
552 0
577 0
579 0
526 0
532 0
557 0
520 0
511 0
550 0
519 0
500 0
545 0
533 0
503 0
546 0
556 0
530 0
570 0
596 0
563 0
579 0
614 0
584 0
580 0
613 0
574 0
542 0
573 0
551 0
513 0
550 0
554 0
516 0
543 0
562 0
522 0
535 0
573 0
547 0
543 0
582 0
553 0
531 0
579 0
575 0
547 0
582 0
581 0
538 0
563 0
582 0
543 0
553 0
580 0
542 0
533 0
577 0
555 0
538 0
585 0
576 0
544 0
579 0
583 0
544 0
570 0
595 0
560 0
564 0
590 0
547 0
529 0
562 0
531 0
502 0
540 0
524 0
483 0
510 0
507 0
469 0
501 0
539 0
515 0
533 0
575 0
553 0
554 0
610 0
597 0
575 0
612 0
594 0
555 0
588 0
597 0
562 0
595 0
625 0
591 0
593 0
612 0
564 0
538 0
570 0
538 0
501 0
529 0
510 0
467 0
503 0
522 0
497 0
536 0
576 0
552 0
563 0
600 0
569 0
557 0
598 0
573 0
544 0
585 0
577 0
544 0
582 0
591 0
544 0
555 0
569 0
525 0
529 0
577 0
556 0
547 0
588 0
564 0
535 0
578 0
566 0
523 0
558 0
577 0
540 0
558 0
580 0
542 0
538 0
567 0
538 0
533 0
582 0
559 0
526 0
566 0
554 0
510 0
546 0
567 0
537 0
563 0
589 0
555 0
558 0
603 0
579 0
564 0
603 0
576 0
534 0
565 0
548 0
506 0
530 0
534 0
491 0
516 0
550 0
520 0
537 0
598 0
589 0
584 0
632 0
615 0
582 0
616 0
605 0
555 0
563 0
548 0
483 0
479 0
498 0
470 0
476 0
534 0
524 0
526 0
582 0
572 0
552 0
606 0
612 0
571 0
587 0
585 0
533 0
539 0
574 0
553 0
558 0
596 0
563 0
539 0
580 0
561 0
528 0
567 0
565 0
531 0
567 0
582 0
542 0
560 0
598 0
563 0
554 0
585 0
551 0
519 0
553 0
536 0
508 0
550 0
559 0
536 0
585 0
621 0
591 0
600 0
611 0
554 0
530 0
553 0
518 0
499 0
553 0
549 0
522 0
566 0
573 0
534 0
562 0
585 0
550 0
560 0
583 0
537 0
522 0
553 0
524 0
508 0
564 0
562 0
535 0
570 0
567 0
529 0
569 0
606 0
584 0
603 0
636 0
595 0
574 0
597 0
553 0
511 0
540 0
521 0
485 0
518 0
524 0
489 0
519 0
546 0
514 0
528 0
560 0
529 0
529 0
584 0
569 0
551 0
591 0
570 0
530 0
565 0
575 0
535 0
559 0
576 0
538 0
549 0
585 0
559 0
555 0
601 0
581 0
558 0
596 0
582 0
545 0
578 0
580 0
536 0
557 0
577 0
541 0
555 0
599 0
577 0
579 0
631 0
612 0
580 0
602 0
569 0
517 0
545 0
555 0
519 0
537 0
552 0
505 0
502 0
528 0
492 0
483 0
533 0
522 0
511 0
563 0
563 0
534 0
573 0
585 0
546 0
563 0
577 0
533 0
530 0
566 0
537 0
519 0
555 0
528 0
506 0
564 0
579 0
564 0
613 0
625 0
587 0
608 0
627 0
582 0
575 0
599 0
557 0
527 0
553 0
519 0
482 0
525 0
529 0
503 0
548 0
569 0
537 0
560 0
585 0
550 0
554 0
588 0
554 0
530 0
557 0
525 0
494 0
541 0
549 0
522 0
561 0
578 0
540 0
565 0
600 0
570 0
574 0
612 0
582 0
560 0
587 0
551 0
513 0
550 0
555 0
528 0
567 0
580 0
539 0
559 0
592 0
561 0
561 0
591 0
547 0
516 0
547 0
522 0
488 0
530 0
536 0
513 0
559 0
588 0
558 0
575 0
595 0
549 0
536 0
561 0
524 0
504 0
554 0
546 0
525 0
575 0
577 0
547 0
585 0
606 0
569 0
583 0
609 0
570 0
562 0
591 0
557 0
532 0
572 0
557 0
530 0
568 0
567 0
526 0
552 0
566 0
522 0
527 0
547 0
507 0
507 0
559 0
543 0
532 0
578 0
564 0
530 0
565 0
563 0
523 0
552 0
574 0
541 0
555 0
584 0
550 0
549 0
594 0
575 0
555 0
599 0
581 0
546 0
580 0
576 0
534 0
554 0
569 0
523 0
521 0
537 0
492 0
479 0
523 0
508 0
493 0
540 0
531 0
502 0
547 0
561 0
534 0
573 0
599 0
567 0
584 0
620 0
593 0
590 0
637 0
617 0
595 0
636 0
623 0
583 0
615 0
616 0
570 0
586 0
595 0
548 0
551 0
580 0
547 0
535 0
568 0
532 0
495 0
523 0
504 0
465 0
500 0
510 0
475 0
504 0
531 0
499 0
519 0
572 0
560 0
567 0
622 0
606 0
580 0
613 0
591 0
551 0
581 0
587 0
544 0
556 0
562 0
511 0
512 0
546 0
515 0
507 0
555 0
537 0
514 0
554 0
545 0
507 0
542 0
555 0
521 0
549 0
580 0
555 0
572 0
621 0
602 0
595 0
633 0
602 0
565 0
597 0
583 0
542 0
571 0
567 0
517 0
532 0
553 0
518 0
528 0
568 0
541 0
522 0
556 0
532 0
507 0
555 0
559 0
530 0
562 0
570 0
528 0
550 0
577 0
545 0
550 0
586 0
555 0
540 0
583 0
560 0
529 0
565 0
560 0
521 0
551 0
558 0
516 0
533 0
564 0
538 0
550 0
595 0
572 0
564 0
612 0
602 0
580 0
622 0
611 0
564 0
583 0
581 0
527 0
528 0
542 0
495 0
486 0
522 0
502 0
496 0
556 0
557 0
540 0
588 0
590 0
560 0
600 0
620 0
586 0
609 0
635 0
595 0
581 0
594 0
541 0
503 0
536 0
516 0
485 0
522 0
518 0
480 0
514 0
539 0
513 0
537 0
568 0
537 0
537 0
579 0
561 0
554 0
604 0
592 0
559 0
592 0
585 0
539 0
568 0
585 0
542 0
550 0
572 0
528 0
522 0
564 0
542 0
525 0
568 0
555 0
528 0
571 0
577 0
541 0
566 0
582 0
543 0
556 0
582 0
543 0
535 0
575 0
549 0
529 0
567 0
545 0
507 0
544 0
552 0
519 0
549 0
567 0
533 0
551 0
594 0
577 0
586 0
636 0
615 0
593 0
626 0
599 0
549 0
566 0
546 0
487 0
497 0
503 0
464 0
483 0
529 0
512 0
518 0
568 0
552 0
533 0
575 0
564 0
533 0
576 0
591 0
560 0
585 0
599 0
555 0
562 0
589 0
552 0
540 0
574 0
542 0
515 0
558 0
550 0
520 0
558 0
565 0
527 0
559 0
587 0
559 0
575 0
615 0
586 0
570 0
601 0
566 0
536 0
573 0
558 0
517 0
550 0
554 0
519 0
548 0
572 0
532 0
537 0
571 0
539 0
528 0
569 0
548 0
523 0
569 0
568 0
539 0
579 0
588 0
551 0
577 0
603 0
569 0
572 0
591 0
542 0
518 0
553 0
533 0
516 0
570 0
571 0
540 0
578 0
588 0
549 0
575 0
600 0
561 0
558 0
581 0
538 0
516 0
551 0
527 0
500 0
539 0
532 0
497 0
530 0
539 0
503 0
537 0
580 0
557 0
567 0
602 0
559 0
535 0
573 0
553 0
524 0
561 0
551 0
508 0
530 0
535 0
499 0
529 0
574 0
556 0
571 0
607 0
576 0
565 0
619 0
610 0
594 0
640 0
632 0
589 0
610 0
608 0
551 0
551 0
559 0
507 0
490 0
510 0
467 0
444 0
490 0
483 0
469 0
519 0
523 0
497 0
543 0
570 0
545 0
575 0
604 0
568 0
568 0
607 0
580 0
567 0
612 0
597 0
566 0
599 0
589 0
546 0
577 0
600 0
575 0
602 0
636 0
605 0
608 0
645 0
610 0
572 0
586 0
541 0
495 0
533 0
536 0
506 0
543 0
567 0
538 0
567 0
609 0
585 0
580 0
608 0
562 0
517 0
531 0
492 0
450 0
487 0
495 0
470 0
512 0
536 0
508 0
537 0
584 0
570 0
581 0
627 0
601 0
570 0
600 0
573 0
525 0
553 0
551 0
510 0
536 0
552 0
513 0
529 0
563 0
535 0
537 0
579 0
557 0
542 0
592 0
583 0
554 0
592 0
589 0
541 0
560 0
574 0
530 0
540 0
570 0
533 0
519 0
551 0
524 0
506 0
557 0
555 0
529 0
563 0
561 0
518 0
545 0
567 0
536 0
558 0
596 0
559 0
543 0
573 0
536 0
509 0
554 0
550 0
527 0
576 0
594 0
568 0
603 0
627 0
589 0
589 0
608 0
562 0
545 0
578 0
552 0
531 0
581 0
575 0
543 0
575 0
569 0
523 0
549 0
578 0
545 0
550 0
573 0
529 0
507 0
545 0
524 0
499 0
536 0
518 0
478 0
513 0
531 0
510 0
557 0
594 0
563 0
566 0
585 0
540 0
525 0
571 0
554 0
530 0
565 0
550 0
513 0
554 0
575 0
550 0
584 0
616 0
588 0
595 0
629 0
594 0
578 0
618 0
591 0
558 0
587 0
558 0
505 0
529 0
532 0
488 0
504 0
522 0
481 0
487 0
532 0
520 0
527 0
592 0
590 0
568 0
605 0
587 0
537 0
555 0
553 0
507 0
523 0
539 0
499 0
505 0
547 0
530 0
531 0
590 0
584 0
566 0
612 0
612 0
575 0
611 0
628 0
590 0
603 0
613 0
557 0
538 0
558 0
519 0
503 0
543 0
529 0
509 0
561 0
569 0
541 0
573 0
579 0
532 0
546 0
576 0
542 0
552 0
600 0
579 0
564 0
601 0
575 0
540 0
573 0
565 0
526 0
555 0
569 0
531 0
552 0
577 0
541 0
544 0
589 0
569 0
558 0
607 0
582 0
547 0
579 0
571 0
524 0
545 0
547 0
501 0
516 0
550 0
526 0
533 0
580 0
559 0
546 0
587 0
565 0
523 0
550 0
539 0
495 0
528 0
548 0
516 0
541 0
578 0
548 0
547 0
588 0
563 0
545 0
590 0
578 0
546 0
582 0
577 0
535 0
560 0
575 0
539 0
561 0
599 0
569 0
564 0
592 0
553 0
526 0
568 0
554 0
523 0
557 0
555 0
515 0
545 0
567 0
535 0
551 0
585 0
555 0
551 0
591 0
565 0
546 0
588 0
576 0
543 0
576 0
569 0
522 0
544 0
560 0
520 0
533 0
566 0
532 0
525 0
568 0
548 0
529 0
575 0
567 0
534 0
568 0
567 0
527 0
559 0
588 0
560 0
576 0
603 0
564 0
552 0
585 0
556 0
523 0
555 0
533 0
492 0
529 0
544 0
513 0
549 0
577 0
544 0
554 0
585 0
552 0
545 0
588 0
568 0
546 0
585 0
570 0
535 0
573 0
583 0
548 0
580 0
609 0
576 0
584 0
613 0
566 0
542 0
571 0
543 0
518 0
560 0
551 0
516 0
552 0
562 0
529 0
552 0
574 0
532 0
534 0
563 0
525 0
509 0
545 0
516 0
487 0
528 0
517 0
489 0
536 0
562 0
542 0
583 0
615 0
585 0
590 0
624 0
589 0
564 0
591 0
557 0
521 0
555 0
545 0
511 0
555 0
577 0
552 0
583 0
607 0
567 0
564 0
593 0
555 0
538 0
578 0
553 0
517 0
548 0
537 0
497 0
533 0
550 0
520 0
550 0
585 0
557 0
568 0
606 0
575 0
558 0
593 0
568 0
538 0
578 0
571 0
534 0
563 0
574 0
535 0
557 0
586 0
556 0
560 0
604 0
580 0
562 0
598 0
572 0
540 0
580 0
581 0
547 0
572 0
569 0
514 0
520 0
539 0
502 0
508 0
552 0
528 0
514 0
557 0
541 0
512 0
555 0
560 0
529 0
568 0
591 0
564 0
595 0
630 0
599 0
588 0
610 0
563 0
528 0
556 0
531 0
497 0
536 0
538 0
503 0
534 0
550 0
510 0
530 0
567 0
542 0
547 0
587 0
556 0
533 0
573 0
559 0
533 0
573 0
572 0
531 0
559 0
577 0
540 0
557 0
586 0
548 0
543 0
582 0
555 0
537 0
583 0
570 0
532 0
562 0
557 0
519 0
554 0
583 0
555 0
568 0
592 0
549 0
534 0
563 0
529 0
508 0
555 0
548 0
528 0
580 0
592 0
563 0
596 0
618 0
573 1
570 1
577 1
523 1
504 1
542 1
525 1
507 1
536 1
497 1
447 1
483 1
507 1
507 1
577 1
634 1
623 1
646 1
670 1
624 1
600 1
622 1
578 1
539 1
568 1
548 1
511 1
548 1
556 1
517 1
543 1
566 1
525 1
521 1
547 1
520 1
531 1
590 1
583 1
566 1
605 1
584 1
544 1
577 1
583 1
545 1
564 1
576 1
528 1
534 1
572 1
549 1
544 1
588 1
569 1
546 1
590 1
582 1
547 1
578 1
579 1
532 1
546 1
556 1
511 1
519 1
556 1
532 1
529 1
579 1
563 1
542 1
591 1
590 1
559 1
594 1
598 1
549 1
556 1
563 1
512 1
507 1
534 1
501 1
488 1
525 1
501 1
475 1
521 1
524 1
502 1
550 1
570 1
539 1
571 1
606 1
576 1
587 1
628 1
598 1
577 1
604 1
568 1
528 1
561 1
553 1
521 1
556 1
568 1
529 1
549 1
572 1
535 1
541 1
582 1
554 1
541 1
581 1
559 1
532 1
577 1
582 1
552 1
585 1
592 1
548 1
561 1
585 1
549 1
547 1
573 1
533 1
514 1
557 1
542 1
513 1
549 1
535 1
495 1
528 1
546 1
519 1
552 1
593 1
567 1
571 1
606 1
577 1
562 1
610 1
601 1
573 1
610 1
601 1
555 1
569 1
564 1
508 1
511 1
527 1
487 1
485 1
523 1
501 1
497 1
563 1
572 1
561 1
605 1
599 1
552 1
576 1
588 1
550 1
564 1
589 1
554 1
556 1
599 1
578 1
559 1
589 1
559 1
515 1
546 1
539 1
498 1
522 1
536 1
497 1
516 1
556 1
533 1
546 1
600 1
586 1
571 1
613 1
597 1
560 1
590 1
582 1
538 1
559 1
571 1
531 1
541 1
566 1
528 1
524 1
565 1
542 1
523 1
567 1
551 1
519 1
557 1
561 1
523 1
549 1
564 1
522 1
531 1
564 1
540 1
547 1
601 1
591 1
578 1
621 1
605 1
567 1
596 1
586 1
534 1
546 1
553 1
507 1
519 1
558 1
531 1
531 1
578 1
559 1
539 1
579 1
561 1
524 1
560 1
570 1
537 1
562 1
579 1
539 1
552 1
590 1
568 1
570 1
612 1
583 1
554 1
589 1
571 1
530 1
562 1
566 1
530 1
559 1
584 1
551 1
562 1
600 1
570 1
553 1
583 1
548 1
515 1
548 1
531 1
491 1
522 1
524 1
485 1
511 1
534 1
504 1
523 1
573 1
555 1
551 1
591 1
567 1
540 1
585 1
585 1
551 1
580 1
580 1
542 1
571 1
605 1
580 1
595 1
627 1
591 1
568 1
595 1
560 1
522 1
555 1
540 1
496 1
519 1
519 1
478 1
502 1
533 1
501 1
506 1
543 1
520 1
517 1
570 1
559 1
537 1
576 1
571 1
537 1
572 1
582 1
544 1
567 1
596 1
565 1
563 1
589 1
546 1
525 1
571 1
566 1
548 1
592 1
585 1
541 1
567 1
576 1
541 1
567 1
601 1
568 1
567 1
591 1
552 1
532 1
578 1
565 1
542 1
585 1
582 1
549 1
584 1
601 1
557 1
563 1
574 1
526 1
523 1
567 1
547 1
533 1
571 1
549 1
519 1
560 1
559 1
526 1
559 1
577 1
540 1
558 1
583 1
544 1
539 1
575 1
542 1
518 1
548 1
519 1
481 1
518 1
524 1
501 1
549 1
576 1
548 1
566 1
596 1
566 1
576 1
625 1
605 1
587 1
622 1
591 1
544 1
570 1
558 1
511 1
534 1
550 1
513 1
526 1
552 1
512 1
498 1
528 1
502 1
486 1
540 1
544 1
534 1
592 1
607 1
574 1
597 1
598 1
545 1
553 1
581 1
548 1
543 1
577 1
544 1
519 1
562 1
559 1
540 1
592 1
607 1
569 1
586 1
590 1
543 1
554 1
592 1
567 1
566 1
601 1
567 1
539 1
576 1
561 1
529 1
566 1
567 1
529 1
556 1
579 1
542 1
556 1
590 1
562 1
560 1
608 1
589 1
563 1
596 1
575 1
532 1
553 1
544 1
498 1
522 1
545 1
515 1
529 1
563 1
526 1
509 1
541 1
510 1
490 1
543 1
553 1
533 1
578 1
588 1
553 1
577 1
600 1
564 1
565 1
590 1
550 1
536 1
571 1
547 1
524 1
571 1
569 1
539 1
574 1
576 1
530 1
550 1
574 1
536 1
540 1
570 1
535 1
524 1
567 1
552 1
533 1
575 1
567 1
532 1
559 1
563 1
525 1
551 1
580 1
545 1
547 1
578 1
540 1
526 1
571 1
551 1
525 1
564 1
555 1
517 1
549 1
553 1
511 1
525 1
547 1
511 1
518 1
558 1
536 1
533 1
587 1
576 1
557 1
602 1
596 1
561 1
598 1
611 1
575 1
594 1
612 1
565 1
557 1
587 1
561 1
548 1
595 1
579 1
546 1
576 1
557 1
510 1
532 1
538 1
496 1
517 1
546 1
520 1
536 1
582 1
564 1
557 1
605 1
592 1
566 1
603 1
596 1
550 1
574 1
580 1
537 1
548 1
570 1
534 1
537 1
579 1
557 1
542 1
577 1
550 1
515 1
555 1
557 1
527 1
562 1
574 1
526 1
532 1
553 1
511 1
508 1
547 1
522 1
507 1
554 1
547 1
525 1
569 1
571 1
534 1
556 1
568 1
532 1
557 1
594 1
569 1
573 1
615 1
589 1
570 1
610 1
588 1
549 1
578 1
573 1
528 1
555 1
570 1
531 1
544 1
574 1
543 1
540 1
576 1
550 1
532 1
578 1
572 1
548 1
590 1
588 1
545 1
568 1
580 1
538 1
553 1
587 1
551 1
542 1
576 1
546 1
524 1
565 1
553 1
519 1
552 1
552 1
514 1
539 1
555 1
516 1
527 1
560 1
527 1
521 1
553 1
520 1
499 1
549 1
548 1
527 1
574 1
585 1
556 1
599 1
635 1
615 1
625 1
648 1
600 1
572 1
595 1
558 1
528 1
564 1
546 1
504 1
528 1
519 1
476 1
505 1
532 1
503 1
517 1
553 1
524 1
523 1
574 1
563 1
544 1
588 1
580 1
546 1
584 1
592 1
556 1
585 1
610 1
578 1
590 1
617 1
576 1
554 1
579 1
543 1
512 1
550 1
543 1
512 1
553 1
569 1
530 1
549 1
567 1
527 1
529 1
559 1
526 1
519 1
565 1
551 1
532 1
569 1
559 1
525 1
563 1
573 1
532 1
549 1
565 1
528 1
544 1
597 1
579 1
579 1
625 1
605 1
572 1
603 1
588 1
543 1
570 1
572 1
529 1
542 1
560 1
523 1
529 1
568 1
542 1
528 1
568 1
544 1
517 1
563 1
563 1
532 1
565 1
574 1
529 1
546 1
569 1
531 1
534 1
571 1
541 1
523 1
556 1
532 1
503 1
544 1
543 1
509 1
544 1
556 1
524 1
554 1
592 1
566 1
576 1
620 1
595 1
582 1
622 1
598 1
559 1
592 1
583 1
540 1
564 1
571 1
529 1
543 1
567 1
532 1
530 1
564 1
533 1
519 1
572 1
570 1
559 1
616 1
619 1
581 1
600 1
599 1
544 1
545 1
560 1
518 1
511 1
549 1
527 1
515 1
565 1
559 1
544 1
597 1
604 1
566 1
582 1
572 1
510 1
509 1
529 1
492 1
484 1
518 1
487 1
471 1
526 1
535 1
528 1
587 1
603 1
569 1
595 1
604 1
562 1
575 1
605 1
568 1
557 1
580 1
539 1
511 1
552 1
544 1
516 1
553 1
549 1
507 1
535 1
557 1
523 1
541 1
577 1
553 1
557 1
608 1
594 1
578 1
620 1
604 1
566 1
589 1
576 1
523 1
542 1
559 1
528 1
551 1
591 1
559 1
551 1
588 1
557 1
535 1
577 1
564 1
523 1
548 1
540 1
494 1
515 1
536 1
506 1
521 1
563 1
544 1
552 1
603 1
586 1
561 1
596 1
580 1
546 1
589 1
597 1
560 1
584 1
603 1
560 1
563 1
590 1
554 1
540 1
582 1
562 1
537 1
571 1
549 1
503 1
531 1
537 1
502 1
530 1
554 1
519 1
531 1
568 1
539 1
532 1
579 1
559 1
538 1
579 1
571 1
536 1
572 1
582 1
545 1
564 1
579 1
540 1
548 1
592 1
569 1
561 1
599 1
572 1
538 1
570 1
549 1
505 1
538 1
551 1
525 1
559 1
588 1
550 1
550 1
583 1
554 1
538 1
575 1
547 1
513 1
549 1
546 1
518 1
561 1
574 1
538 1
562 1
588 1
555 1
562 1
596 1
559 1
535 1
565 1
536 1
506 1
551 1
556 1
528 1
569 1
585 1
545 1
562 1
583 1
547 1
550 1
589 1
561 1
546 1
577 1
547 1
511 1
548 1
550 1
520 1
557 1
569 1
530 1
549 1
580 1
550 1
557 1
598 1
572 1
552 1
592 1
575 1
545 1
577 1
564 1
517 1
535 1
542 1
502 1
522 1
552 1
522 1
530 1
575 1
557 1
554 1
615 1
612 1
592 1
628 1
619 1
566 1
579 1
577 1
526 1
531 1
553 1
516 1
508 1
541 1
509 1
488 1
530 1
518 1
496 1
544 1
554 1
527 1
570 1
601 1
572 1
591 1
619 1
575 1
561 1
592 1
562 1
541 1
586 1
576 1
548 1
586 1
588 1
552 1
579 1
594 1
550 1
554 1
571 1
523 1
516 1
560 1
539 1
522 1
566 1
552 1
522 1
561 1
562 1
520 1
544 1
561 1
527 1
542 1
577 1
546 1
539 1
576 1
548 1
525 1
563 1
546 1
513 1
556 1
566 1
533 1
563 1
578 1
534 1
540 1
568 1
538 1
542 1
596 1
589 1
572 1
612 1
594 1
547 1
567 1
557 1
508 1
532 1
556 1
528 1
548 1
584 1
553 1
547 1
591 1
574 1
553 1
593 1
574 1
527 1
552 1
550 1
503 1
519 1
534 1
497 1
511 1
556 1
539 1
539 1
584 1
565 1
548 1
595 1
594 1
567 1
605 1
609 1
566 1
583 1
594 1
547 1
548 1
584 1
554 1
546 1
587 1
566 1
541 1
588 1
587 1
551 1
577 1
572 1
520 1
531 1
547 1
507 1
510 1
543 1
511 1
501 1
547 1
533 1
512 1
561 1
563 1
539 1
585 1
605 1
573 1
597 1
622 1
584 1
579 1
600 1
552 1
523 1
554 1
531 1
507 1
548 1
544 1
506 1
535 1
542 1
503 1
524 1
553 1
516 1
520 1
561 1
536 1
531 1
583 1
572 1
546 1
585 1
580 1
543 1
573 1
581 1
542 1
561 1
591 1
560 1
563 1
594 1
558 1
538 1
584 1
570 1
545 1
586 1
578 1
532 1
553 1
557 1
510 1
520 1
542 1
505 1
506 1
551 1
536 1
533 1
589 1
581 1
556 1
595 1
590 1
555 1
597 1
616 1
578 1
585 1
593 1
541 1
529 1
563 1
536 1
523 1
565 1
554 1
527 1
565 1
563 1
523 1
551 1
563 1
522 1
533 1
559 1
528 1
537 1
586 1
567 1
554 1
598 1
582 1
546 1
580 1
575 1
533 1
563 1
584 1
546 1
558 1
583 1
544 1
534 1
571 1
546 1
528 1
575 1
564 1
537 1
573 1
572 1
530 1
554 1
566 1
528 1
541 1
571 1
535 1
528 1
571 1
546 1
528 1
568 1
552 1
516 1
554 1
564 1
529 1
554 1
566 1
526 1
542 1
585 1
566 1
570 1
608 1
575 1
542 1
576 1
559 1
528 1
569 1
576 1
534 1
551 1
559 1
515 1
532 1
581 1
566 1
566 1
603 1
572 1
541 1
575 1
565 1
532 1
569 1
580 1
543 1
577 1
598 1
563 1
572 1
606 1
564 1
537 1
557 1
513 1
482 1
528 1
532 1
507 1
547 1
556 1
520 1
550 1
584 1
557 1
569 1
601 1
568 1
560 1
604 1
586 1
564 1
607 1
589 1
544 1
569 1
559 1
513 1
539 1
570 1
541 1
554 1
587 1
556 1
541 1
579 1
551 1
515 1
537 1
516 1
473 1
503 1
513 1
487 1
535 1
587 1
576 1
592 1
622 1
582 1
561 1
604 1
587 1
564 1
607 1
600 1
552 1
571 1
567 1
519 1
529 1
550 1
512 1
515 1
552 1
530 1
528 1
582 1
577 1
552 1
590 1
582 1
539 1
573 1
585 1
542 1
554 1
575 1
532 1
529 1
564 1
536 1
523 1
569 1
554 1
528 1
566 1
563 1
530 1
565 1
582 1
544 1
558 1
576 1
535 1
536 1
579 1
560 1
550 1
598 1
578 1
547 1
584 1
576 1
533 1
563 1
575 1
535 1
545 1
560 1
516 1
508 1
545 1
524 1
516 1
566 1
558 1
539 1
587 1
591 1
558 1
589 1
598 1
554 1
562 1
585 1
545 1
541 1
580 1
553 1
532 1
573 1
555 1
518 1
550 1
547 1
511 1
544 1
559 1
522 1
544 1
581 1
554 1
557 1
595 1
566 1
541 1
580 1
559 1
524 1
562 1
565 1
527 1
554 1
569 1
531 1
550 1
590 1
566 1
564 1
601 1
567 1
543 1
582 1
571 1
543 1
584 1
584 1
538 1
559 1
569 1
525 1
538 1
569 1
538 1
532 1
575 1
555 1
540 1
595 1
595 1
568 1
603 1
595 1
539 1
548 1
551 1
